  0.00000000E+00  0.43695471E-19 -0.15232841E-35
  0.10000000E+00  0.54014518E-19 -0.24846049E-35
  0.20000000E+00  0.58156676E-19 -0.16136230E-35
  0.30000000E+00  0.59207476E-19 -0.15798721E-35
  0.40000000E+00  0.59089663E-19 -0.17737234E-35
  0.50000000E+00  0.58537273E-19 -0.20003168E-35
  0.60000000E+00  0.57813437E-19 -0.21383502E-35
  0.70000000E+00  0.57009321E-19 -0.22288575E-35
  0.80000000E+00  0.56157160E-19 -0.22901963E-35
  0.90000000E+00  0.55270184E-19 -0.22762049E-35
  0.10000000E+01  0.54355991E-19 -0.22592147E-35
  0.11000000E+01  0.53420649E-19 -0.22105481E-35
  0.12000000E+01  0.52469733E-19 -0.21695684E-35
  0.13000000E+01  0.51508452E-19 -0.21149865E-35
  0.14000000E+01  0.50541569E-19 -0.20793622E-35
  0.15000000E+01  0.49573316E-19 -0.19795125E-35
  0.16000000E+01  0.48607374E-19 -0.19850321E-35
  0.17000000E+01  0.47646877E-19 -0.19071928E-35
  0.18000000E+01  0.46694454E-19 -0.18760841E-35
  0.19000000E+01  0.45752282E-19 -0.17957523E-35
  0.20000000E+01  0.44822137E-19 -0.17341201E-35
  0.21000000E+01  0.43905450E-19 -0.16960391E-35
  0.22000000E+01  0.43003358E-19 -0.16438739E-35
  0.23000000E+01  0.42116747E-19 -0.16241835E-35
  0.24000000E+01  0.41246292E-19 -0.15508158E-35
  0.25000000E+01  0.40392488E-19 -0.15079777E-35
  0.26000000E+01  0.39555681E-19 -0.14549619E-35
  0.27000000E+01  0.38736092E-19 -0.14047759E-35
  0.28000000E+01  0.37933836E-19 -0.13828270E-35
  0.29000000E+01  0.37148943E-19 -0.13373130E-35
  0.30000000E+01  0.36381366E-19 -0.12961981E-35
  0.31000000E+01  0.35631002E-19 -0.12745684E-35
  0.32000000E+01  0.34897696E-19 -0.12117569E-35
  0.33000000E+01  0.34181255E-19 -0.11739915E-35
  0.34000000E+01  0.33481449E-19 -0.11654718E-35
  0.35000000E+01  0.32798024E-19 -0.11187553E-35
  0.36000000E+01  0.32130706E-19 -0.10907644E-35
  0.37000000E+01  0.31479202E-19 -0.10329129E-35
  0.38000000E+01  0.30843207E-19 -0.10378028E-35
  0.39000000E+01  0.30222408E-19 -0.10072915E-35
  0.40000000E+01  0.29616484E-19 -0.98742692E-36
  0.41000000E+01  0.29025111E-19 -0.94282980E-36
  0.42000000E+01  0.28447962E-19 -0.94830903E-36
  0.43000000E+01  0.27884710E-19 -0.92940773E-36
  0.44000000E+01  0.27335028E-19 -0.89334041E-36
  0.45000000E+01  0.26798591E-19 -0.86451827E-36
  0.46000000E+01  0.26275078E-19 -0.82613074E-36
  0.47000000E+01  0.25764171E-19 -0.83181432E-36
  0.48000000E+01  0.25265556E-19 -0.80126499E-36
  0.49000000E+01  0.24778924E-19 -0.79059909E-36
  0.50000000E+01  0.24303973E-19 -0.75952401E-36
  0.51000000E+01  0.23840404E-19 -0.73547430E-36
  0.52000000E+01  0.23387924E-19 -0.71320156E-36
  0.53000000E+01  0.22946249E-19 -0.70617578E-36
  0.54000000E+01  0.22515097E-19 -0.69565549E-36
  0.55000000E+01  0.22094196E-19 -0.66351523E-36
  0.56000000E+01  0.21683278E-19 -0.66908342E-36
  0.57000000E+01  0.21282082E-19 -0.64692354E-36
  0.58000000E+01  0.20890353E-19 -0.63044383E-36
  0.59000000E+01  0.20507842E-19 -0.62151286E-36
  0.60000000E+01  0.20134307E-19 -0.59277131E-36
  0.61000000E+01  0.19769513E-19 -0.58831508E-36
  0.62000000E+01  0.19413228E-19 -0.58148335E-36
  0.63000000E+01  0.19065230E-19 -0.56072252E-36
  0.64000000E+01  0.18725299E-19 -0.54670529E-36
  0.65000000E+01  0.18393222E-19 -0.53116025E-36
  0.66000000E+01  0.18068794E-19 -0.52121153E-36
  0.67000000E+01  0.17751813E-19 -0.52119667E-36
  0.68000000E+01  0.17442083E-19 -0.50585648E-36
  0.69000000E+01  0.17139414E-19 -0.49199232E-36
  0.70000000E+01  0.16843620E-19 -0.49085283E-36
  0.71000000E+01  0.16554520E-19 -0.46797683E-36
  0.72000000E+01  0.16271940E-19 -0.46316403E-36
  0.73000000E+01  0.15995709E-19 -0.44765223E-36
  0.74000000E+01  0.15725661E-19 -0.43643018E-36
  0.75000000E+01  0.15461635E-19 -0.43685354E-36
  0.76000000E+01  0.15203475E-19 -0.43207466E-36
  0.77000000E+01  0.14951027E-19 -0.41662449E-36
  0.78000000E+01  0.14704144E-19 -0.40889952E-36
  0.79000000E+01  0.14462681E-19 -0.39314676E-36
  0.80000000E+01  0.14226499E-19 -0.38538528E-36
  0.81000000E+01  0.13995462E-19 -0.38372079E-36
  0.82000000E+01  0.13769437E-19 -0.37120224E-36
  0.83000000E+01  0.13548295E-19 -0.37496184E-36
  0.84000000E+01  0.13331912E-19 -0.36451787E-36
  0.85000000E+01  0.13120166E-19 -0.35289027E-36
  0.86000000E+01  0.12912939E-19 -0.35067589E-36
  0.87000000E+01  0.12710116E-19 -0.35134192E-36
  0.88000000E+01  0.12511586E-19 -0.33049178E-36
  0.89000000E+01  0.12317240E-19 -0.33982485E-36
  0.90000000E+01  0.12126972E-19 -0.31750948E-36
  0.91000000E+01  0.11940680E-19 -0.32502299E-36
  0.92000000E+01  0.11758264E-19 -0.31314394E-36
  0.93000000E+01  0.11579628E-19 -0.30192312E-36
  0.94000000E+01  0.11404677E-19 -0.29527941E-36
  0.95000000E+01  0.11233320E-19 -0.29230017E-36
  0.96000000E+01  0.11065467E-19 -0.29405109E-36
  0.97000000E+01  0.10901032E-19 -0.27958304E-36
  0.98000000E+01  0.10739931E-19 -0.27701130E-36
  0.99000000E+01  0.10582083E-19 -0.27497639E-36
  0.10000000E+02  0.10427406E-19 -0.27664213E-36
  0.10100000E+02  0.10275825E-19 -0.26794386E-36
  0.10200000E+02  0.10127263E-19 -0.26675884E-36
  0.10300000E+02  0.99816479E-20 -0.25574468E-36
  0.10400000E+02  0.98389081E-20 -0.25814312E-36
  0.10500000E+02  0.96989744E-20 -0.24189418E-36
  0.10600000E+02  0.95617794E-20 -0.24364734E-36
  0.10700000E+02  0.94272577E-20 -0.23924390E-36
  0.10800000E+02  0.92953455E-20 -0.23798220E-36
  0.10900000E+02  0.91659808E-20 -0.22846811E-36
  0.11000000E+02  0.90391033E-20 -0.23603297E-36
  0.11100000E+02  0.89146543E-20 -0.22902491E-36
  0.11200000E+02  0.87925768E-20 -0.22709539E-36
  0.11300000E+02  0.86728150E-20 -0.21702964E-36
  0.11400000E+02  0.85553150E-20 -0.21767023E-36
  0.11500000E+02  0.84400241E-20 -0.20772353E-36
  0.11600000E+02  0.83268911E-20 -0.21252600E-36
  0.11700000E+02  0.82158662E-20 -0.20914860E-36
  0.11800000E+02  0.81069008E-20 -0.20058754E-36
  0.11900000E+02  0.79999476E-20 -0.20206868E-36
  0.12000000E+02  0.78949608E-20 -0.19650601E-36
  0.12100000E+02  0.77918955E-20 -0.19495146E-36
  0.12200000E+02  0.76907081E-20 -0.19233086E-36
  0.12300000E+02  0.75913562E-20 -0.18743022E-36
  0.12400000E+02  0.74937984E-20 -0.18778262E-36
  0.12500000E+02  0.73979945E-20 -0.18447121E-36
  0.12600000E+02  0.73039052E-20 -0.18245540E-36
  0.12700000E+02  0.72114924E-20 -0.17694074E-36
  0.12800000E+02  0.71207189E-20 -0.17428562E-36
  0.12900000E+02  0.70315483E-20 -0.17447759E-36
  0.13000000E+02  0.69439455E-20 -0.17083659E-36
  0.13100000E+02  0.68578760E-20 -0.17228356E-36
  0.13200000E+02  0.67733062E-20 -0.16399410E-36
  0.13300000E+02  0.66902036E-20 -0.16159248E-36
  0.13400000E+02  0.66085362E-20 -0.15847238E-36
  0.13500000E+02  0.65282730E-20 -0.15825997E-36
  0.13600000E+02  0.64493839E-20 -0.15457482E-36
  0.13700000E+02  0.63718393E-20 -0.15612187E-36
  0.13800000E+02  0.62956105E-20 -0.15384267E-36
  0.13900000E+02  0.62206695E-20 -0.14703949E-36
  0.14000000E+02  0.61469889E-20 -0.14692300E-36
  0.14100000E+02  0.60745421E-20 -0.14166430E-36
  0.14200000E+02  0.60033031E-20 -0.13671269E-36
  0.14300000E+02  0.59332467E-20 -0.14349520E-36
  0.14400000E+02  0.58643480E-20 -0.14009964E-36
  0.14500000E+02  0.57965831E-20 -0.13835444E-36
  0.14600000E+02  0.57299283E-20 -0.13745947E-36
  0.14700000E+02  0.56643608E-20 -0.13724065E-36
  0.14800000E+02  0.55998582E-20 -0.13393752E-36
  0.14900000E+02  0.55363987E-20 -0.13145869E-36
  0.15000000E+02  0.54739608E-20 -0.13106107E-36
  0.15100000E+02  0.54125240E-20 -0.13052189E-36
  0.15200000E+02  0.53520679E-20 -0.12645949E-36
  0.15300000E+02  0.52925726E-20 -0.12319036E-36
  0.15400000E+02  0.52340189E-20 -0.12653415E-36
  0.15500000E+02  0.51763878E-20 -0.12208363E-36
  0.15600000E+02  0.51196610E-20 -0.12296967E-36
  0.15700000E+02  0.50638206E-20 -0.12197698E-36
  0.15800000E+02  0.50088488E-20 -0.11804353E-36
  0.15900000E+02  0.49547286E-20 -0.11794105E-36
  0.16000000E+02  0.49014433E-20 -0.11129258E-36
  0.16100000E+02  0.48489765E-20 -0.11539319E-36
  0.16200000E+02  0.47973121E-20 -0.11388421E-36
  0.16300000E+02  0.47464347E-20 -0.10960386E-36
  0.16400000E+02  0.46963290E-20 -0.11035370E-36
  0.16500000E+02  0.46469801E-20 -0.10556117E-36
  0.16600000E+02  0.45983734E-20 -0.10714083E-36
  0.16700000E+02  0.45504947E-20 -0.10655218E-36
  0.16800000E+02  0.45033302E-20 -0.10616136E-36
  0.16900000E+02  0.44568663E-20 -0.10399939E-36
  0.17000000E+02  0.44110897E-20 -0.10439668E-36
  0.17100000E+02  0.43659874E-20 -0.10124872E-36
  0.17200000E+02  0.43215468E-20 -0.10047849E-36
  0.17300000E+02  0.42777555E-20 -0.10148739E-36
  0.17400000E+02  0.42346014E-20 -0.98702076E-37
  0.17500000E+02  0.41920726E-20 -0.98958457E-37
  0.17600000E+02  0.41501575E-20 -0.94938396E-37
  0.17700000E+02  0.41088450E-20 -0.92638068E-37
  0.17800000E+02  0.40681237E-20 -0.96138629E-37
  0.17900000E+02  0.40279831E-20 -0.93240478E-37
  0.18000000E+02  0.39884124E-20 -0.94236840E-37
  0.18100000E+02  0.39494012E-20 -0.88631779E-37
  0.18200000E+02  0.39109396E-20 -0.87852034E-37
  0.18300000E+02  0.38730175E-20 -0.89027323E-37
  0.18400000E+02  0.38356253E-20 -0.88902332E-37
  0.18500000E+02  0.37987534E-20 -0.89310999E-37
  0.18600000E+02  0.37623927E-20 -0.82249538E-37
  0.18700000E+02  0.37265339E-20 -0.85757793E-37
  0.18800000E+02  0.36911682E-20 -0.85337339E-37
  0.18900000E+02  0.36562870E-20 -0.84746983E-37
  0.19000000E+02  0.36218816E-20 -0.82314495E-37
  0.19100000E+02  0.35879438E-20 -0.80622568E-37
  0.19200000E+02  0.35544654E-20 -0.81268336E-37
  0.19300000E+02  0.35214384E-20 -0.80560998E-37
  0.19400000E+02  0.34888550E-20 -0.78522129E-37
  0.19500000E+02  0.34567076E-20 -0.79796593E-37
  0.19600000E+02  0.34249885E-20 -0.79105322E-37
  0.19700000E+02  0.33936905E-20 -0.77793596E-37
  0.19800000E+02  0.33628065E-20 -0.76545341E-37
  0.19900000E+02  0.33323292E-20 -0.76645606E-37
  0.20000000E+02  0.33022519E-20 -0.74194811E-37
  0.20100000E+02  0.32725678E-20 -0.73713697E-37
  0.20200000E+02  0.32432703E-20 -0.74605333E-37
  0.20300000E+02  0.32143528E-20 -0.72477346E-37
  0.20400000E+02  0.31858091E-20 -0.74931614E-37
  0.20500000E+02  0.31576329E-20 -0.71980553E-37
  0.20600000E+02  0.31298181E-20 -0.72005835E-37
  0.20700000E+02  0.31023587E-20 -0.69666325E-37
  0.20800000E+02  0.30752488E-20 -0.69968122E-37
  0.20900000E+02  0.30484828E-20 -0.69737170E-37
  0.21000000E+02  0.30220550E-20 -0.70326843E-37
  0.21100000E+02  0.29959599E-20 -0.67483468E-37
  0.21200000E+02  0.29701920E-20 -0.66013669E-37
  0.21300000E+02  0.29447461E-20 -0.67902871E-37
  0.21400000E+02  0.29196169E-20 -0.64895111E-37
  0.21500000E+02  0.28947995E-20 -0.64719800E-37
  0.21600000E+02  0.28702887E-20 -0.65647305E-37
  0.21700000E+02  0.28460797E-20 -0.63664580E-37
  0.21800000E+02  0.28221676E-20 -0.62981037E-37
  0.21900000E+02  0.27985479E-20 -0.62552920E-37
  0.22000000E+02  0.27752157E-20 -0.62592783E-37
  0.22100000E+02  0.27521667E-20 -0.59180188E-37
  0.22200000E+02  0.27293964E-20 -0.60247681E-37
  0.22300000E+02  0.27069003E-20 -0.61015345E-37
  0.22400000E+02  0.26846743E-20 -0.59534981E-37
  0.22500000E+02  0.26627141E-20 -0.60128686E-37
  0.22600000E+02  0.26410156E-20 -0.58669262E-37
  0.22700000E+02  0.26195748E-20 -0.59300596E-37
  0.22800000E+02  0.25983876E-20 -0.56565075E-37
  0.22900000E+02  0.25774503E-20 -0.56490298E-37
  0.23000000E+02  0.25567590E-20 -0.57211825E-37
  0.23100000E+02  0.25363099E-20 -0.56125451E-37
  0.23200000E+02  0.25160994E-20 -0.57019408E-37
  0.23300000E+02  0.24961239E-20 -0.55724270E-37
  0.23400000E+02  0.24763797E-20 -0.55764645E-37
  0.23500000E+02  0.24568635E-20 -0.55745517E-37
  0.23600000E+02  0.24375719E-20 -0.54529968E-37
  0.23700000E+02  0.24185014E-20 -0.53498507E-37
  0.23800000E+02  0.23996487E-20 -0.53443789E-37
  0.23900000E+02  0.23810107E-20 -0.52412004E-37
  0.24000000E+02  0.23625842E-20 -0.53280627E-37
  0.24100000E+02  0.23443661E-20 -0.52103853E-37
  0.24200000E+02  0.23263532E-20 -0.53761325E-37
  0.24300000E+02  0.23085426E-20 -0.51772768E-37
  0.24400000E+02  0.22909314E-20 -0.51168163E-37
  0.24500000E+02  0.22735165E-20 -0.49894738E-37
  0.24600000E+02  0.22562953E-20 -0.49893849E-37
  0.24700000E+02  0.22392649E-20 -0.50006501E-37
  0.24800000E+02  0.22224225E-20 -0.50854491E-37
  0.24900000E+02  0.22057654E-20 -0.48501520E-37
  0.25000000E+02  0.21892910E-20 -0.48633698E-37
  0.25100000E+02  0.21729967E-20 -0.48599775E-37
  0.25200000E+02  0.21568799E-20 -0.47522601E-37
  0.25300000E+02  0.21409381E-20 -0.47244174E-37
  0.25400000E+02  0.21251689E-20 -0.46913715E-37
  0.25500000E+02  0.21095697E-20 -0.46399066E-37
  0.25600000E+02  0.20941382E-20 -0.45294679E-37
  0.25700000E+02  0.20788721E-20 -0.45620663E-37
  0.25800000E+02  0.20637691E-20 -0.44486831E-37
  0.25900000E+02  0.20488268E-20 -0.45183954E-37
  0.26000000E+02  0.20340431E-20 -0.43807487E-37
  0.26100000E+02  0.20194157E-20 -0.45965628E-37
  0.26200000E+02  0.20049426E-20 -0.43600625E-37
  0.26300000E+02  0.19906215E-20 -0.42244021E-37
  0.26400000E+02  0.19764504E-20 -0.45654055E-37
  0.26500000E+02  0.19624273E-20 -0.43280177E-37
  0.26600000E+02  0.19485501E-20 -0.42947283E-37
  0.26700000E+02  0.19348169E-20 -0.43782413E-37
  0.26800000E+02  0.19212257E-20 -0.42106122E-37
  0.26900000E+02  0.19077746E-20 -0.41466920E-37
  0.27000000E+02  0.18944617E-20 -0.41635459E-37
  0.27100000E+02  0.18812851E-20 -0.41532311E-37
  0.27200000E+02  0.18682431E-20 -0.41660119E-37
  0.27300000E+02  0.18553339E-20 -0.40099078E-37
  0.27400000E+02  0.18425556E-20 -0.39527583E-37
  0.27500000E+02  0.18299065E-20 -0.40015958E-37
  0.27600000E+02  0.18173850E-20 -0.38943952E-37
  0.27700000E+02  0.18049893E-20 -0.39083140E-37
  0.27800000E+02  0.17927179E-20 -0.39420720E-37
  0.27900000E+02  0.17805690E-20 -0.37987663E-37
  0.28000000E+02  0.17685411E-20 -0.39381260E-37
  0.28100000E+02  0.17566326E-20 -0.38482412E-37
  0.28200000E+02  0.17448420E-20 -0.37901569E-37
  0.28300000E+02  0.17331677E-20 -0.38129487E-37
  0.28400000E+02  0.17216083E-20 -0.37451836E-37
  0.28500000E+02  0.17101621E-20 -0.38314508E-37
  0.28600000E+02  0.16988279E-20 -0.36801050E-37
  0.28700000E+02  0.16876042E-20 -0.37332713E-37
  0.28800000E+02  0.16764895E-20 -0.35312003E-37
  0.28900000E+02  0.16654826E-20 -0.36866992E-37
  0.29000000E+02  0.16545819E-20 -0.37088697E-37
  0.29100000E+02  0.16437862E-20 -0.36728623E-37
  0.29200000E+02  0.16330941E-20 -0.35706409E-37
  0.29300000E+02  0.16225044E-20 -0.36000003E-37
  0.29400000E+02  0.16120158E-20 -0.35904414E-37
  0.29500000E+02  0.16016269E-20 -0.35439874E-37
  0.29600000E+02  0.15913367E-20 -0.35326327E-37
  0.29700000E+02  0.15811437E-20 -0.34479567E-37
  0.29800000E+02  0.15710469E-20 -0.33402444E-37
  0.29900000E+02  0.15610450E-20 -0.33370649E-37
  0.30000000E+02  0.15511370E-20 -0.33895935E-37
  0.30100000E+02  0.15413215E-20 -0.33203722E-37
  0.30200000E+02  0.15315975E-20 -0.34164808E-37
  0.30300000E+02  0.15219639E-20 -0.33357085E-37
  0.30400000E+02  0.15124196E-20 -0.33998824E-37
  0.30500000E+02  0.15029635E-20 -0.32395127E-37
  0.30600000E+02  0.14935944E-20 -0.33858526E-37
  0.30700000E+02  0.14843115E-20 -0.33583543E-37
  0.30800000E+02  0.14751136E-20 -0.30949978E-37
  0.30900000E+02  0.14659997E-20 -0.32331488E-37
  0.31000000E+02  0.14569688E-20 -0.30813367E-37
  0.31100000E+02  0.14480199E-20 -0.32227808E-37
  0.31200000E+02  0.14391521E-20 -0.31083777E-37
  0.31300000E+02  0.14303644E-20 -0.31638966E-37
  0.31400000E+02  0.14216558E-20 -0.31014318E-37
  0.31500000E+02  0.14130253E-20 -0.31217010E-37
  0.31600000E+02  0.14044722E-20 -0.30504942E-37
  0.31700000E+02  0.13959954E-20 -0.30630405E-37
  0.31800000E+02  0.13875941E-20 -0.29927305E-37
  0.31900000E+02  0.13792674E-20 -0.30092779E-37
  0.32000000E+02  0.13710144E-20 -0.30187581E-37
  0.32100000E+02  0.13628343E-20 -0.29925720E-37
  0.32200000E+02  0.13547263E-20 -0.29893744E-37
  0.32300000E+02  0.13466894E-20 -0.29201565E-37
  0.32400000E+02  0.13387228E-20 -0.29480574E-37
  0.32500000E+02  0.13308259E-20 -0.28158085E-37
  0.32600000E+02  0.13229977E-20 -0.29289419E-37
  0.32700000E+02  0.13152375E-20 -0.28719861E-37
  0.32800000E+02  0.13075445E-20 -0.28270088E-37
  0.32900000E+02  0.12999179E-20 -0.28152995E-37
  0.33000000E+02  0.12923570E-20 -0.27560968E-37
  0.33100000E+02  0.12848611E-20 -0.27550236E-37
  0.33200000E+02  0.12774294E-20 -0.28037511E-37
  0.33300000E+02  0.12700612E-20 -0.26931384E-37
  0.33400000E+02  0.12627557E-20 -0.26512541E-37
  0.33500000E+02  0.12555124E-20 -0.26708158E-37
  0.33600000E+02  0.12483304E-20 -0.27268947E-37
  0.33700000E+02  0.12412091E-20 -0.26825004E-37
  0.33800000E+02  0.12341478E-20 -0.27400380E-37
  0.33900000E+02  0.12271459E-20 -0.26514457E-37
  0.34000000E+02  0.12202028E-20 -0.26114440E-37
  0.34100000E+02  0.12133176E-20 -0.26896249E-37
  0.34200000E+02  0.12064899E-20 -0.24610747E-37
  0.34300000E+02  0.11997190E-20 -0.26291292E-37
  0.34400000E+02  0.11930043E-20 -0.25865340E-37
  0.34500000E+02  0.11863451E-20 -0.24885463E-37
  0.34600000E+02  0.11797408E-20 -0.25785613E-37
  0.34700000E+02  0.11731910E-20 -0.25986352E-37
  0.34800000E+02  0.11666949E-20 -0.24417774E-37
  0.34900000E+02  0.11602520E-20 -0.23885952E-37
  0.35000000E+02  0.11538617E-20 -0.23822975E-37
  0.35100000E+02  0.11475234E-20 -0.24538796E-37
  0.35200000E+02  0.11412367E-20 -0.24255349E-37
  0.35300000E+02  0.11350009E-20 -0.25433107E-37
  0.35400000E+02  0.11288155E-20 -0.24442443E-37
  0.35500000E+02  0.11226800E-20 -0.24052082E-37
  0.35600000E+02  0.11165938E-20 -0.23848698E-37
  0.35700000E+02  0.11105564E-20 -0.23675882E-37
  0.35800000E+02  0.11045674E-20 -0.23800049E-37
  0.35900000E+02  0.10986261E-20 -0.24438019E-37
  0.36000000E+02  0.10927321E-20 -0.23084028E-37
  0.36100000E+02  0.10868849E-20 -0.23182384E-37
  0.36200000E+02  0.10810840E-20 -0.23327228E-37
  0.36300000E+02  0.10753290E-20 -0.23089548E-37
  0.36400000E+02  0.10696192E-20 -0.23050762E-37
  0.36500000E+02  0.10639544E-20 -0.23155672E-37
  0.36600000E+02  0.10583340E-20 -0.22414390E-37
  0.36700000E+02  0.10527575E-20 -0.22741233E-37
  0.36800000E+02  0.10472246E-20 -0.23135418E-37
  0.36900000E+02  0.10417347E-20 -0.22376909E-37
  0.37000000E+02  0.10362874E-20 -0.21554726E-37
  0.37100000E+02  0.10308823E-20 -0.22216778E-37
  0.37200000E+02  0.10255189E-20 -0.21829437E-37
  0.37300000E+02  0.10201969E-20 -0.21705738E-37
  0.37400000E+02  0.10149158E-20 -0.21644277E-37
  0.37500000E+02  0.10096751E-20 -0.22056362E-37
  0.37600000E+02  0.10044746E-20 -0.21503822E-37
  0.37700000E+02  0.99931371E-21 -0.22037400E-37
  0.37800000E+02  0.99419212E-21 -0.21736475E-37
  0.37900000E+02  0.98910942E-21 -0.21549646E-37
  0.38000000E+02  0.98406521E-21 -0.20809522E-37
  0.38100000E+02  0.97905912E-21 -0.20388976E-37
  0.38200000E+02  0.97409077E-21 -0.20871486E-37
  0.38300000E+02  0.96915978E-21 -0.21170787E-37
  0.38400000E+02  0.96426577E-21 -0.20385737E-37
  0.38500000E+02  0.95940839E-21 -0.20530007E-37
  0.38600000E+02  0.95458728E-21 -0.20534030E-37
  0.38700000E+02  0.94980207E-21 -0.20430239E-37
  0.38800000E+02  0.94505242E-21 -0.20756567E-37
  0.38900000E+02  0.94033797E-21 -0.20742171E-37
  0.39000000E+02  0.93565839E-21 -0.19725300E-37
  0.39100000E+02  0.93101333E-21 -0.19435827E-37
  0.39200000E+02  0.92640245E-21 -0.20024363E-37
  0.39300000E+02  0.92182544E-21 -0.19549940E-37
  0.39400000E+02  0.91728195E-21 -0.19778240E-37
  0.39500000E+02  0.91277166E-21 -0.20010168E-37
  0.39600000E+02  0.90829426E-21 -0.19353487E-37
  0.39700000E+02  0.90384943E-21 -0.19488741E-37
  0.39800000E+02  0.89943685E-21 -0.19839643E-37
  0.39900000E+02  0.89505622E-21 -0.19055914E-37
  0.40000000E+02  0.89070723E-21 -0.19150695E-37
