  0.00000000E+00  0.34936719E-19  0.15292715E-34
  0.10000000E+00  0.36096216E-19  0.62718422E-35
  0.20000000E+00  0.37257838E-19  0.37553532E-35
  0.30000000E+00  0.37552927E-19  0.26171506E-35
  0.40000000E+00  0.37420397E-19  0.20752990E-35
  0.50000000E+00  0.37104949E-19  0.17920816E-35
  0.60000000E+00  0.36702095E-19  0.16250097E-35
  0.70000000E+00  0.36250248E-19  0.15121716E-35
  0.80000000E+00  0.35766647E-19  0.14257068E-35
  0.90000000E+00  0.35260296E-19  0.13527849E-35
  0.10000000E+01  0.34736854E-19  0.12874509E-35
  0.11000000E+01  0.34200546E-19  0.12269584E-35
  0.12000000E+01  0.33654885E-19  0.11700630E-35
  0.13000000E+01  0.33102934E-19  0.11162103E-35
  0.14000000E+01  0.32547385E-19  0.10651496E-35
  0.15000000E+01  0.31990591E-19  0.10167509E-35
  0.16000000E+01  0.31434582E-19  0.97092281E-36
  0.17000000E+01  0.30881078E-19  0.92757777E-36
  0.18000000E+01  0.30331521E-19  0.88662018E-36
  0.19000000E+01  0.29787098E-19  0.84794445E-36
  0.20000000E+01  0.29248773E-19  0.81143721E-36
  0.21000000E+01  0.28717315E-19  0.77698053E-36
  0.22000000E+01  0.28193327E-19  0.74445519E-36
  0.23000000E+01  0.27677271E-19  0.71374329E-36
  0.24000000E+01  0.27169491E-19  0.68473025E-36
  0.25000000E+01  0.26670232E-19  0.65730619E-36
  0.26000000E+01  0.26179660E-19  0.63136680E-36
  0.27000000E+01  0.25697871E-19  0.60681386E-36
  0.28000000E+01  0.25224910E-19  0.58355537E-36
  0.29000000E+01  0.24760778E-19  0.56150560E-36
  0.30000000E+01  0.24305441E-19  0.54058487E-36
  0.31000000E+01  0.23858838E-19  0.52071932E-36
  0.32000000E+01  0.23420886E-19  0.50184059E-36
  0.33000000E+01  0.22991488E-19  0.48388549E-36
  0.34000000E+01  0.22570530E-19  0.46679561E-36
  0.35000000E+01  0.22157894E-19  0.45051701E-36
  0.36000000E+01  0.21753451E-19  0.43499982E-36
  0.37000000E+01  0.21357071E-19  0.42019797E-36
  0.38000000E+01  0.20968618E-19  0.40606883E-36
  0.39000000E+01  0.20587956E-19  0.39257296E-36
  0.40000000E+01  0.20214947E-19  0.37967381E-36
  0.41000000E+01  0.19849455E-19  0.36733752E-36
  0.42000000E+01  0.19491342E-19  0.35553261E-36
  0.43000000E+01  0.19140474E-19  0.34422988E-36
  0.44000000E+01  0.18796715E-19  0.33340214E-36
  0.45000000E+01  0.18459934E-19  0.32302406E-36
  0.46000000E+01  0.18129998E-19  0.31307204E-36
  0.47000000E+01  0.17806778E-19  0.30352405E-36
  0.48000000E+01  0.17490146E-19  0.29435948E-36
  0.49000000E+01  0.17179977E-19  0.28555906E-36
  0.50000000E+01  0.16876146E-19  0.27710474E-36
  0.51000000E+01  0.16578532E-19  0.26897958E-36
  0.52000000E+01  0.16287012E-19  0.26116769E-36
  0.53000000E+01  0.16001470E-19  0.25365413E-36
  0.54000000E+01  0.15721787E-19  0.24642484E-36
  0.55000000E+01  0.15447849E-19  0.23946659E-36
  0.56000000E+01  0.15179541E-19  0.23276689E-36
  0.57000000E+01  0.14916752E-19  0.22631398E-36
  0.58000000E+01  0.14659371E-19  0.22009675E-36
  0.59000000E+01  0.14407290E-19  0.21410467E-36
  0.60000000E+01  0.14160401E-19  0.20832782E-36
  0.61000000E+01  0.13918599E-19  0.20275679E-36
  0.62000000E+01  0.13681780E-19  0.19738266E-36
  0.63000000E+01  0.13449841E-19  0.19219698E-36
  0.64000000E+01  0.13222682E-19  0.18719174E-36
  0.65000000E+01  0.13000204E-19  0.18235933E-36
  0.66000000E+01  0.12782309E-19  0.17769251E-36
  0.67000000E+01  0.12568900E-19  0.17318444E-36
  0.68000000E+01  0.12359884E-19  0.16882856E-36
  0.69000000E+01  0.12155166E-19  0.16461866E-36
  0.70000000E+01  0.11954657E-19  0.16054883E-36
  0.71000000E+01  0.11758265E-19  0.15661344E-36
  0.72000000E+01  0.11565903E-19  0.15280711E-36
  0.73000000E+01  0.11377483E-19  0.14912473E-36
  0.74000000E+01  0.11192921E-19  0.14556141E-36
  0.75000000E+01  0.11012132E-19  0.14211250E-36
  0.76000000E+01  0.10835035E-19  0.13877355E-36
  0.77000000E+01  0.10661549E-19  0.13554033E-36
  0.78000000E+01  0.10491595E-19  0.13240876E-36
  0.79000000E+01  0.10325095E-19  0.12937499E-36
  0.80000000E+01  0.10161972E-19  0.12643531E-36
  0.81000000E+01  0.10002154E-19  0.12358617E-36
  0.82000000E+01  0.98455651E-20  0.12082420E-36
  0.83000000E+01  0.96921352E-20  0.11814616E-36
  0.84000000E+01  0.95417936E-20  0.11554894E-36
  0.85000000E+01  0.93944717E-20  0.11302958E-36
  0.86000000E+01  0.92501020E-20  0.11058523E-36
  0.87000000E+01  0.91086186E-20  0.10821318E-36
  0.88000000E+01  0.89699571E-20  0.10591082E-36
  0.89000000E+01  0.88340541E-20  0.10367564E-36
  0.90000000E+01  0.87008480E-20  0.10150526E-36
  0.91000000E+01  0.85702783E-20  0.99397375E-37
  0.92000000E+01  0.84422858E-20  0.97349785E-37
  0.93000000E+01  0.83168126E-20  0.95360377E-37
  0.94000000E+01  0.81938023E-20  0.93427124E-37
  0.95000000E+01  0.80731996E-20  0.91548081E-37
  0.96000000E+01  0.79549503E-20  0.89721381E-37
  0.97000000E+01  0.78390017E-20  0.87945232E-37
  0.98000000E+01  0.77253022E-20  0.86217911E-37
  0.99000000E+01  0.76138012E-20  0.84537765E-37
  0.10000000E+02  0.75044496E-20  0.82903205E-37
  0.10100000E+02  0.73971991E-20  0.81312706E-37
  0.10200000E+02  0.72920026E-20  0.79764799E-37
  0.10300000E+02  0.71888144E-20  0.78258074E-37
  0.10400000E+02  0.70875893E-20  0.76791175E-37
  0.10500000E+02  0.69882838E-20  0.75362798E-37
  0.10600000E+02  0.68908548E-20  0.73971687E-37
  0.10700000E+02  0.67952607E-20  0.72616638E-37
  0.10800000E+02  0.67014606E-20  0.71296487E-37
  0.10900000E+02  0.66094147E-20  0.70010116E-37
  0.11000000E+02  0.65190841E-20  0.68756451E-37
  0.11100000E+02  0.64304308E-20  0.67534455E-37
  0.11200000E+02  0.63434177E-20  0.66343129E-37
  0.11300000E+02  0.62580087E-20  0.65181514E-37
  0.11400000E+02  0.61741684E-20  0.64048683E-37
  0.11500000E+02  0.60918623E-20  0.62943745E-37
  0.11600000E+02  0.60110568E-20  0.61865840E-37
  0.11700000E+02  0.59317190E-20  0.60814139E-37
  0.11800000E+02  0.58538168E-20  0.59787843E-37
  0.11900000E+02  0.57773190E-20  0.58786183E-37
  0.12000000E+02  0.57021950E-20  0.57808415E-37
  0.12100000E+02  0.56284150E-20  0.56853824E-37
  0.12200000E+02  0.55559499E-20  0.55921718E-37
  0.12300000E+02  0.54847713E-20  0.55011430E-37
  0.12400000E+02  0.54148514E-20  0.54122316E-37
  0.12500000E+02  0.53461632E-20  0.53253756E-37
  0.12600000E+02  0.52786803E-20  0.52405149E-37
  0.12700000E+02  0.52123770E-20  0.51575916E-37
  0.12800000E+02  0.51472280E-20  0.50765499E-37
  0.12900000E+02  0.50832088E-20  0.49973357E-37
  0.13000000E+02  0.50202955E-20  0.49198968E-37
  0.13100000E+02  0.49584646E-20  0.48441828E-37
  0.13200000E+02  0.48976932E-20  0.47701450E-37
  0.13300000E+02  0.48379592E-20  0.46977363E-37
  0.13400000E+02  0.47792408E-20  0.46269112E-37
  0.13500000E+02  0.47215166E-20  0.45576256E-37
  0.13600000E+02  0.46647660E-20  0.44898370E-37
  0.13700000E+02  0.46089687E-20  0.44235043E-37
  0.13800000E+02  0.45541050E-20  0.43585875E-37
  0.13900000E+02  0.45001555E-20  0.42950483E-37
  0.14000000E+02  0.44471014E-20  0.42328492E-37
  0.14100000E+02  0.43949242E-20  0.41719543E-37
  0.14200000E+02  0.43436062E-20  0.41123286E-37
  0.14300000E+02  0.42931296E-20  0.40539383E-37
  0.14400000E+02  0.42434773E-20  0.39967507E-37
  0.14500000E+02  0.41946327E-20  0.39407341E-37
  0.14600000E+02  0.41465794E-20  0.38858578E-37
  0.14700000E+02  0.40993014E-20  0.38320921E-37
  0.14800000E+02  0.40527831E-20  0.37794081E-37
  0.14900000E+02  0.40070094E-20  0.37277779E-37
  0.15000000E+02  0.39619652E-20  0.36771746E-37
  0.15100000E+02  0.39176362E-20  0.36275718E-37
  0.15200000E+02  0.38740082E-20  0.35789442E-37
  0.15300000E+02  0.38310671E-20  0.35312671E-37
  0.15400000E+02  0.37887996E-20  0.34845166E-37
  0.15500000E+02  0.37471924E-20  0.34386696E-37
  0.15600000E+02  0.37062325E-20  0.33937035E-37
  0.15700000E+02  0.36659073E-20  0.33495966E-37
  0.15800000E+02  0.36262045E-20  0.33063277E-37
  0.15900000E+02  0.35871120E-20  0.32638762E-37
  0.16000000E+02  0.35486179E-20  0.32222223E-37
  0.16100000E+02  0.35107109E-20  0.31813466E-37
  0.16200000E+02  0.34733795E-20  0.31412303E-37
  0.16300000E+02  0.34366128E-20  0.31018553E-37
  0.16400000E+02  0.34004000E-20  0.30632037E-37
  0.16500000E+02  0.33647306E-20  0.30252584E-37
  0.16600000E+02  0.33295943E-20  0.29880027E-37
  0.16700000E+02  0.32949811E-20  0.29514204E-37
  0.16800000E+02  0.32608810E-20  0.29154957E-37
  0.16900000E+02  0.32272846E-20  0.28802134E-37
  0.17000000E+02  0.31941823E-20  0.28455584E-37
  0.17100000E+02  0.31615649E-20  0.28115164E-37
  0.17200000E+02  0.31294236E-20  0.27780733E-37
  0.17300000E+02  0.30977494E-20  0.27452154E-37
  0.17400000E+02  0.30665337E-20  0.27129294E-37
  0.17500000E+02  0.30357682E-20  0.26812024E-37
  0.17600000E+02  0.30054446E-20  0.26500218E-37
  0.17700000E+02  0.29755549E-20  0.26193754E-37
  0.17800000E+02  0.29460911E-20  0.25892512E-37
  0.17900000E+02  0.29170455E-20  0.25596378E-37
  0.18000000E+02  0.28884106E-20  0.25305238E-37
  0.18100000E+02  0.28601790E-20  0.25018983E-37
  0.18200000E+02  0.28323435E-20  0.24737506E-37
  0.18300000E+02  0.28048970E-20  0.24460702E-37
  0.18400000E+02  0.27778326E-20  0.24188472E-37
  0.18500000E+02  0.27511434E-20  0.23920717E-37
  0.18600000E+02  0.27248229E-20  0.23657339E-37
  0.18700000E+02  0.26988646E-20  0.23398247E-37
  0.18800000E+02  0.26732621E-20  0.23143349E-37
  0.18900000E+02  0.26480091E-20  0.22892557E-37
  0.19000000E+02  0.26230996E-20  0.22645784E-37
  0.19100000E+02  0.25985276E-20  0.22402946E-37
  0.19200000E+02  0.25742873E-20  0.22163961E-37
  0.19300000E+02  0.25503729E-20  0.21928749E-37
  0.19400000E+02  0.25267788E-20  0.21697233E-37
  0.19500000E+02  0.25034995E-20  0.21469336E-37
  0.19600000E+02  0.24805298E-20  0.21244984E-37
  0.19700000E+02  0.24578642E-20  0.21024106E-37
  0.19800000E+02  0.24354976E-20  0.20806630E-37
  0.19900000E+02  0.24134250E-20  0.20592489E-37
  0.20000000E+02  0.23916414E-20  0.20381614E-37
  0.20100000E+02  0.23701420E-20  0.20173942E-37
  0.20200000E+02  0.23489220E-20  0.19969408E-37
  0.20300000E+02  0.23279767E-20  0.19767950E-37
  0.20400000E+02  0.23073016E-20  0.19569508E-37
  0.20500000E+02  0.22868922E-20  0.19374022E-37
  0.20600000E+02  0.22667441E-20  0.19181434E-37
  0.20700000E+02  0.22468531E-20  0.18991689E-37
  0.20800000E+02  0.22272148E-20  0.18804730E-37
  0.20900000E+02  0.22078252E-20  0.18620505E-37
  0.21000000E+02  0.21886802E-20  0.18438961E-37
  0.21100000E+02  0.21697759E-20  0.18260047E-37
  0.21200000E+02  0.21511083E-20  0.18083712E-37
  0.21300000E+02  0.21326736E-20  0.17909908E-37
  0.21400000E+02  0.21144682E-20  0.17738587E-37
  0.21500000E+02  0.20964882E-20  0.17569702E-37
  0.21600000E+02  0.20787302E-20  0.17403209E-37
  0.21700000E+02  0.20611905E-20  0.17239061E-37
  0.21800000E+02  0.20438658E-20  0.17077217E-37
  0.21900000E+02  0.20267526E-20  0.16917633E-37
  0.22000000E+02  0.20098476E-20  0.16760268E-37
  0.22100000E+02  0.19931476E-20  0.16605081E-37
  0.22200000E+02  0.19766492E-20  0.16452033E-37
  0.22300000E+02  0.19603494E-20  0.16301084E-37
  0.22400000E+02  0.19442451E-20  0.16152198E-37
  0.22500000E+02  0.19283333E-20  0.16005336E-37
  0.22600000E+02  0.19126110E-20  0.15860462E-37
  0.22700000E+02  0.18970752E-20  0.15717542E-37
  0.22800000E+02  0.18817231E-20  0.15576540E-37
  0.22900000E+02  0.18665520E-20  0.15437423E-37
  0.23000000E+02  0.18515589E-20  0.15300157E-37
  0.23100000E+02  0.18367413E-20  0.15164709E-37
  0.23200000E+02  0.18220965E-20  0.15031048E-37
  0.23300000E+02  0.18076219E-20  0.14899144E-37
  0.23400000E+02  0.17933148E-20  0.14768965E-37
  0.23500000E+02  0.17791729E-20  0.14640481E-37
  0.23600000E+02  0.17651936E-20  0.14513664E-37
  0.23700000E+02  0.17513745E-20  0.14388485E-37
  0.23800000E+02  0.17377132E-20  0.14264917E-37
  0.23900000E+02  0.17242075E-20  0.14142931E-37
  0.24000000E+02  0.17108549E-20  0.14022501E-37
  0.24100000E+02  0.16976532E-20  0.13903601E-37
  0.24200000E+02  0.16846003E-20  0.13786205E-37
  0.24300000E+02  0.16716940E-20  0.13670288E-37
  0.24400000E+02  0.16589321E-20  0.13555825E-37
  0.24500000E+02  0.16463125E-20  0.13442793E-37
  0.24600000E+02  0.16338331E-20  0.13331168E-37
  0.24700000E+02  0.16214921E-20  0.13220926E-37
  0.24800000E+02  0.16092872E-20  0.13112044E-37
  0.24900000E+02  0.15972167E-20  0.13004502E-37
  0.25000000E+02  0.15852785E-20  0.12898277E-37
  0.25100000E+02  0.15734709E-20  0.12793347E-37
  0.25200000E+02  0.15617918E-20  0.12689692E-37
  0.25300000E+02  0.15502396E-20  0.12587291E-37
  0.25400000E+02  0.15388125E-20  0.12486124E-37
  0.25500000E+02  0.15275086E-20  0.12386172E-37
  0.25600000E+02  0.15163262E-20  0.12287415E-37
  0.25700000E+02  0.15052637E-20  0.12189835E-37
  0.25800000E+02  0.14943193E-20  0.12093412E-37
  0.25900000E+02  0.14834915E-20  0.11998129E-37
  0.26000000E+02  0.14727786E-20  0.11903967E-37
  0.26100000E+02  0.14621790E-20  0.11810910E-37
  0.26200000E+02  0.14516912E-20  0.11718940E-37
  0.26300000E+02  0.14413136E-20  0.11628041E-37
  0.26400000E+02  0.14310447E-20  0.11538195E-37
  0.26500000E+02  0.14208831E-20  0.11449387E-37
  0.26600000E+02  0.14108273E-20  0.11361601E-37
  0.26700000E+02  0.14008758E-20  0.11274821E-37
  0.26800000E+02  0.13910272E-20  0.11189032E-37
  0.26900000E+02  0.13812802E-20  0.11104219E-37
  0.27000000E+02  0.13716334E-20  0.11020367E-37
  0.27100000E+02  0.13620854E-20  0.10937462E-37
  0.27200000E+02  0.13526349E-20  0.10855489E-37
  0.27300000E+02  0.13432807E-20  0.10774436E-37
  0.27400000E+02  0.13340214E-20  0.10694287E-37
  0.27500000E+02  0.13248558E-20  0.10615031E-37
  0.27600000E+02  0.13157826E-20  0.10536653E-37
  0.27700000E+02  0.13068007E-20  0.10459140E-37
  0.27800000E+02  0.12979088E-20  0.10382481E-37
  0.27900000E+02  0.12891058E-20  0.10306662E-37
  0.28000000E+02  0.12803905E-20  0.10231671E-37
  0.28100000E+02  0.12717617E-20  0.10157497E-37
  0.28200000E+02  0.12632184E-20  0.10084127E-37
  0.28300000E+02  0.12547594E-20  0.10011551E-37
  0.28400000E+02  0.12463836E-20  0.99397554E-38
  0.28500000E+02  0.12380901E-20  0.98687308E-38
  0.28600000E+02  0.12298776E-20  0.97984656E-38
  0.28700000E+02  0.12217452E-20  0.97289491E-38
  0.28800000E+02  0.12136920E-20  0.96601708E-38
  0.28900000E+02  0.12057167E-20  0.95921202E-38
  0.29000000E+02  0.11978186E-20  0.95247871E-38
  0.29100000E+02  0.11899965E-20  0.94581615E-38
  0.29200000E+02  0.11822496E-20  0.93922336E-38
  0.29300000E+02  0.11745769E-20  0.93269935E-38
  0.29400000E+02  0.11669774E-20  0.92624318E-38
  0.29500000E+02  0.11594503E-20  0.91985392E-38
  0.29600000E+02  0.11519947E-20  0.91353064E-38
  0.29700000E+02  0.11446096E-20  0.90727243E-38
  0.29800000E+02  0.11372942E-20  0.90107842E-38
  0.29900000E+02  0.11300476E-20  0.89494772E-38
  0.30000000E+02  0.11228690E-20  0.88887948E-38
  0.30100000E+02  0.11157576E-20  0.88287285E-38
  0.30200000E+02  0.11087125E-20  0.87692700E-38
  0.30300000E+02  0.11017329E-20  0.87104112E-38
  0.30400000E+02  0.10948181E-20  0.86521440E-38
  0.30500000E+02  0.10879671E-20  0.85944605E-38
  0.30600000E+02  0.10811794E-20  0.85373529E-38
  0.30700000E+02  0.10744540E-20  0.84808136E-38
  0.30800000E+02  0.10677903E-20  0.84248352E-38
  0.30900000E+02  0.10611875E-20  0.83694102E-38
  0.31000000E+02  0.10546448E-20  0.83145313E-38
  0.31100000E+02  0.10481616E-20  0.82601914E-38
  0.31200000E+02  0.10417372E-20  0.82063835E-38
  0.31300000E+02  0.10353708E-20  0.81531006E-38
  0.31400000E+02  0.10290618E-20  0.81003360E-38
  0.31500000E+02  0.10228095E-20  0.80480829E-38
  0.31600000E+02  0.10166132E-20  0.79963348E-38
  0.31700000E+02  0.10104723E-20  0.79450852E-38
  0.31800000E+02  0.10043861E-20  0.78943276E-38
  0.31900000E+02  0.99835392E-21  0.78440558E-38
  0.32000000E+02  0.99237522E-21  0.77942637E-38
  0.32100000E+02  0.98644935E-21  0.77449452E-38
  0.32200000E+02  0.98057569E-21  0.76960942E-38
  0.32300000E+02  0.97475364E-21  0.76477048E-38
  0.32400000E+02  0.96898260E-21  0.75997714E-38
  0.32500000E+02  0.96326200E-21  0.75522881E-38
  0.32600000E+02  0.95759124E-21  0.75052494E-38
  0.32700000E+02  0.95196976E-21  0.74586497E-38
  0.32800000E+02  0.94639701E-21  0.74124835E-38
  0.32900000E+02  0.94087241E-21  0.73667456E-38
  0.33000000E+02  0.93539544E-21  0.73214305E-38
  0.33100000E+02  0.92996555E-21  0.72765332E-38
  0.33200000E+02  0.92458220E-21  0.72320486E-38
  0.33300000E+02  0.91924488E-21  0.71879714E-38
  0.33400000E+02  0.91395307E-21  0.71442969E-38
  0.33500000E+02  0.90870626E-21  0.71010201E-38
  0.33600000E+02  0.90350394E-21  0.70581362E-38
  0.33700000E+02  0.89834563E-21  0.70156404E-38
  0.33800000E+02  0.89323083E-21  0.69735281E-38
  0.33900000E+02  0.88815905E-21  0.69317947E-38
  0.34000000E+02  0.88312984E-21  0.68904356E-38
  0.34100000E+02  0.87814271E-21  0.68494464E-38
  0.34200000E+02  0.87319720E-21  0.68088227E-38
  0.34300000E+02  0.86829286E-21  0.67685602E-38
  0.34400000E+02  0.86342924E-21  0.67286545E-38
  0.34500000E+02  0.85860588E-21  0.66891014E-38
  0.34600000E+02  0.85382237E-21  0.66498969E-38
  0.34700000E+02  0.84907825E-21  0.66110369E-38
  0.34800000E+02  0.84437312E-21  0.65725172E-38
  0.34900000E+02  0.83970653E-21  0.65343340E-38
  0.35000000E+02  0.83507809E-21  0.64964833E-38
  0.35100000E+02  0.83048738E-21  0.64589613E-38
  0.35200000E+02  0.82593399E-21  0.64217642E-38
  0.35300000E+02  0.82141753E-21  0.63848882E-38
  0.35400000E+02  0.81693760E-21  0.63483297E-38
  0.35500000E+02  0.81249382E-21  0.63120850E-38
  0.35600000E+02  0.80808579E-21  0.62761505E-38
  0.35700000E+02  0.80371316E-21  0.62405228E-38
  0.35800000E+02  0.79937552E-21  0.62051982E-38
  0.35900000E+02  0.79507254E-21  0.61701735E-38
  0.36000000E+02  0.79080382E-21  0.61354451E-38
  0.36100000E+02  0.78656903E-21  0.61010098E-38
  0.36200000E+02  0.78236779E-21  0.60668642E-38
  0.36300000E+02  0.77819977E-21  0.60330052E-38
  0.36400000E+02  0.77406462E-21  0.59994295E-38
  0.36500000E+02  0.76996200E-21  0.59661340E-38
  0.36600000E+02  0.76589156E-21  0.59331155E-38
  0.36700000E+02  0.76185299E-21  0.59003710E-38
  0.36800000E+02  0.75784594E-21  0.58678975E-38
  0.36900000E+02  0.75387010E-21  0.58356920E-38
  0.37000000E+02  0.74992514E-21  0.58037515E-38
  0.37100000E+02  0.74601075E-21  0.57720731E-38
  0.37200000E+02  0.74212663E-21  0.57406540E-38
  0.37300000E+02  0.73827245E-21  0.57094914E-38
  0.37400000E+02  0.73444792E-21  0.56785824E-38
  0.37500000E+02  0.73065273E-21  0.56479243E-38
  0.37600000E+02  0.72688660E-21  0.56175144E-38
  0.37700000E+02  0.72314922E-21  0.55873501E-38
  0.37800000E+02  0.71944031E-21  0.55574286E-38
  0.37900000E+02  0.71575958E-21  0.55277474E-38
  0.38000000E+02  0.71210676E-21  0.54983039E-38
  0.38100000E+02  0.70848155E-21  0.54690956E-38
  0.38200000E+02  0.70488369E-21  0.54401200E-38
  0.38300000E+02  0.70131291E-21  0.54113746E-38
  0.38400000E+02  0.69776893E-21  0.53828569E-38
  0.38500000E+02  0.69425149E-21  0.53545647E-38
  0.38600000E+02  0.69076034E-21  0.53264954E-38
  0.38700000E+02  0.68729520E-21  0.52986468E-38
  0.38800000E+02  0.68385583E-21  0.52710166E-38
  0.38900000E+02  0.68044197E-21  0.52436024E-38
  0.39000000E+02  0.67705338E-21  0.52164020E-38
  0.39100000E+02  0.67368980E-21  0.51894133E-38
  0.39200000E+02  0.67035100E-21  0.51626339E-38
  0.39300000E+02  0.66703674E-21  0.51360619E-38
  0.39400000E+02  0.66374676E-21  0.51096949E-38
  0.39500000E+02  0.66048085E-21  0.50835309E-38
  0.39600000E+02  0.65723877E-21  0.50575678E-38
  0.39700000E+02  0.65402029E-21  0.50318036E-38
  0.39800000E+02  0.65082518E-21  0.50062363E-38
  0.39900000E+02  0.64765322E-21  0.49808637E-38
  0.40000000E+02  0.64450419E-21  0.49556841E-38
