  0.00000000E+00  0.37211532E-19 -0.77973744E-35
  0.10000000E+00  0.44960550E-19 -0.61168856E-35
  0.20000000E+00  0.45781808E-19 -0.53926027E-35
  0.30000000E+00  0.44120862E-19 -0.49096532E-35
  0.40000000E+00  0.41800797E-19 -0.45880597E-35
  0.50000000E+00  0.39357176E-19 -0.43737132E-35
  0.60000000E+00  0.36981402E-19 -0.41749659E-35
  0.70000000E+00  0.34750607E-19 -0.40383124E-35
  0.80000000E+00  0.32693847E-19 -0.38726906E-35
  0.90000000E+00  0.30817036E-19 -0.37377217E-35
  0.10000000E+01  0.29114585E-19 -0.36559669E-35
  0.11000000E+01  0.27575444E-19 -0.35213189E-35
  0.12000000E+01  0.26186367E-19 -0.33837657E-35
  0.13000000E+01  0.24933654E-19 -0.33316172E-35
  0.14000000E+01  0.23804053E-19 -0.31778059E-35
  0.15000000E+01  0.22785191E-19 -0.30515063E-35
  0.16000000E+01  0.21865742E-19 -0.29550107E-35
  0.17000000E+01  0.21035451E-19 -0.29206186E-35
  0.18000000E+01  0.20285091E-19 -0.27951560E-35
  0.19000000E+01  0.19606382E-19 -0.26700766E-35
  0.20000000E+01  0.18991906E-19 -0.26495074E-35
  0.21000000E+01  0.18435010E-19 -0.24875186E-35
  0.22000000E+01  0.17929728E-19 -0.24635549E-35
  0.23000000E+01  0.17470704E-19 -0.23768136E-35
  0.24000000E+01  0.17053122E-19 -0.22919082E-35
  0.25000000E+01  0.16672649E-19 -0.22489439E-35
  0.26000000E+01  0.16325384E-19 -0.21578965E-35
  0.27000000E+01  0.16007811E-19 -0.20941003E-35
  0.28000000E+01  0.15716763E-19 -0.20299823E-35
  0.29000000E+01  0.15449382E-19 -0.19624967E-35
  0.30000000E+01  0.15203094E-19 -0.19600230E-35
  0.31000000E+01  0.14975579E-19 -0.18677225E-35
  0.32000000E+01  0.14764747E-19 -0.18109030E-35
  0.33000000E+01  0.14568718E-19 -0.17468737E-35
  0.34000000E+01  0.14385801E-19 -0.17453223E-35
  0.35000000E+01  0.14214475E-19 -0.16615904E-35
  0.36000000E+01  0.14053378E-19 -0.16056275E-35
  0.37000000E+01  0.13901287E-19 -0.15963500E-35
  0.38000000E+01  0.13757108E-19 -0.15269428E-35
  0.39000000E+01  0.13619865E-19 -0.15022029E-35
  0.40000000E+01  0.13488685E-19 -0.14594227E-35
  0.41000000E+01  0.13362791E-19 -0.14315875E-35
  0.42000000E+01  0.13241494E-19 -0.13881700E-35
  0.43000000E+01  0.13124182E-19 -0.13485783E-35
  0.44000000E+01  0.13010312E-19 -0.13485787E-35
  0.45000000E+01  0.12899408E-19 -0.12847399E-35
  0.46000000E+01  0.12791049E-19 -0.12523120E-35
  0.47000000E+01  0.12684865E-19 -0.12249910E-35
  0.48000000E+01  0.12580534E-19 -0.11886228E-35
  0.49000000E+01  0.12477775E-19 -0.11839128E-35
  0.50000000E+01  0.12376344E-19 -0.11207247E-35
  0.51000000E+01  0.12276030E-19 -0.11145436E-35
  0.52000000E+01  0.12176653E-19 -0.10896847E-35
  0.53000000E+01  0.12078057E-19 -0.10616853E-35
  0.54000000E+01  0.11980113E-19 -0.10429207E-35
  0.55000000E+01  0.11882711E-19 -0.10248775E-35
  0.56000000E+01  0.11785759E-19 -0.10081721E-35
  0.57000000E+01  0.11689183E-19 -0.96843135E-36
  0.58000000E+01  0.11592922E-19 -0.95390040E-36
  0.59000000E+01  0.11496929E-19 -0.95081587E-36
  0.60000000E+01  0.11401166E-19 -0.92517026E-36
  0.61000000E+01  0.11305609E-19 -0.89730300E-36
  0.62000000E+01  0.11210237E-19 -0.87157556E-36
  0.63000000E+01  0.11115039E-19 -0.88425133E-36
  0.64000000E+01  0.11020012E-19 -0.84607680E-36
  0.65000000E+01  0.10925156E-19 -0.83376603E-36
  0.66000000E+01  0.10830476E-19 -0.81278706E-36
  0.67000000E+01  0.10735981E-19 -0.81142069E-36
  0.68000000E+01  0.10641683E-19 -0.80623054E-36
  0.69000000E+01  0.10547597E-19 -0.76663895E-36
  0.70000000E+01  0.10453741E-19 -0.75897703E-36
  0.71000000E+01  0.10360132E-19 -0.73695287E-36
  0.72000000E+01  0.10266792E-19 -0.72910674E-36
  0.73000000E+01  0.10173741E-19 -0.70337650E-36
  0.74000000E+01  0.10081002E-19 -0.70653400E-36
  0.75000000E+01  0.99885949E-20 -0.69224961E-36
  0.76000000E+01  0.98965438E-20 -0.68245981E-36
  0.77000000E+01  0.98048706E-20 -0.65289144E-36
  0.78000000E+01  0.97135975E-20 -0.65654949E-36
  0.79000000E+01  0.96227463E-20 -0.63504749E-36
  0.80000000E+01  0.95323384E-20 -0.64315116E-36
  0.81000000E+01  0.94423947E-20 -0.61548847E-36
  0.82000000E+01  0.93529355E-20 -0.60904951E-36
  0.83000000E+01  0.92639803E-20 -0.60034190E-36
  0.84000000E+01  0.91755479E-20 -0.58773991E-36
  0.85000000E+01  0.90876563E-20 -0.57599539E-36
  0.86000000E+01  0.90003228E-20 -0.56974411E-36
  0.87000000E+01  0.89135636E-20 -0.55510220E-36
  0.88000000E+01  0.88273942E-20 -0.54298773E-36
  0.89000000E+01  0.87418291E-20 -0.54094609E-36
  0.90000000E+01  0.86568822E-20 -0.53457659E-36
  0.91000000E+01  0.85725661E-20 -0.52020112E-36
  0.92000000E+01  0.84888929E-20 -0.51859009E-36
  0.93000000E+01  0.84058736E-20 -0.52152151E-36
  0.94000000E+01  0.83235185E-20 -0.50445504E-36
  0.95000000E+01  0.82418369E-20 -0.49707241E-36
  0.96000000E+01  0.81608375E-20 -0.48984260E-36
  0.97000000E+01  0.80805280E-20 -0.47252597E-36
  0.98000000E+01  0.80009156E-20 -0.46554173E-36
  0.99000000E+01  0.79220064E-20 -0.46152781E-36
  0.10000000E+02  0.78438060E-20 -0.47627981E-36
  0.10100000E+02  0.77663193E-20 -0.44967686E-36
  0.10200000E+02  0.76895505E-20 -0.44851825E-36
  0.10300000E+02  0.76135030E-20 -0.44221542E-36
  0.10400000E+02  0.75381799E-20 -0.43794229E-36
  0.10500000E+02  0.74635835E-20 -0.43223316E-36
  0.10600000E+02  0.73897154E-20 -0.42962955E-36
  0.10700000E+02  0.73165770E-20 -0.40952836E-36
  0.10800000E+02  0.72441689E-20 -0.41211667E-36
  0.10900000E+02  0.71724914E-20 -0.41205149E-36
  0.11000000E+02  0.71015441E-20 -0.40056125E-36
  0.11100000E+02  0.70313263E-20 -0.39703462E-36
  0.11200000E+02  0.69618370E-20 -0.38866322E-36
  0.11300000E+02  0.68930745E-20 -0.37382313E-36
  0.11400000E+02  0.68250370E-20 -0.37578434E-36
  0.11500000E+02  0.67577221E-20 -0.37440674E-36
  0.11600000E+02  0.66911274E-20 -0.37140956E-36
  0.11700000E+02  0.66252498E-20 -0.36164350E-36
  0.11800000E+02  0.65600862E-20 -0.36631196E-36
  0.11900000E+02  0.64956330E-20 -0.34904920E-36
  0.12000000E+02  0.64318864E-20 -0.35820792E-36
  0.12100000E+02  0.63688426E-20 -0.34337447E-36
  0.12200000E+02  0.63064971E-20 -0.34006971E-36
  0.12300000E+02  0.62448457E-20 -0.32971404E-36
  0.12400000E+02  0.61838836E-20 -0.32347897E-36
  0.12500000E+02  0.61236059E-20 -0.31790178E-36
  0.12600000E+02  0.60640079E-20 -0.31767880E-36
  0.12700000E+02  0.60050841E-20 -0.32085205E-36
  0.12800000E+02  0.59468294E-20 -0.31250814E-36
  0.12900000E+02  0.58892384E-20 -0.31855617E-36
  0.13000000E+02  0.58323055E-20 -0.31053679E-36
  0.13100000E+02  0.57760250E-20 -0.30682218E-36
  0.13200000E+02  0.57203911E-20 -0.30180747E-36
  0.13300000E+02  0.56653981E-20 -0.30306958E-36
  0.13400000E+02  0.56110400E-20 -0.29387754E-36
  0.13500000E+02  0.55573108E-20 -0.28292626E-36
  0.13600000E+02  0.55042045E-20 -0.27995949E-36
  0.13700000E+02  0.54517150E-20 -0.28202830E-36
  0.13800000E+02  0.53998360E-20 -0.27633267E-36
  0.13900000E+02  0.53485615E-20 -0.28182202E-36
  0.14000000E+02  0.52978851E-20 -0.27704991E-36
  0.14100000E+02  0.52478007E-20 -0.27410600E-36
  0.14200000E+02  0.51983019E-20 -0.26194239E-36
  0.14300000E+02  0.51493825E-20 -0.26499035E-36
  0.14400000E+02  0.51010361E-20 -0.25687407E-36
  0.14500000E+02  0.50532566E-20 -0.25953302E-36
  0.14600000E+02  0.50060375E-20 -0.25566954E-36
  0.14700000E+02  0.49593726E-20 -0.25277368E-36
  0.14800000E+02  0.49132556E-20 -0.24796463E-36
  0.14900000E+02  0.48676803E-20 -0.24577931E-36
  0.15000000E+02  0.48226404E-20 -0.25044473E-36
  0.15100000E+02  0.47781296E-20 -0.24317738E-36
  0.15200000E+02  0.47341418E-20 -0.23788915E-36
  0.15300000E+02  0.46906708E-20 -0.22760698E-36
  0.15400000E+02  0.46477104E-20 -0.23024731E-36
  0.15500000E+02  0.46052545E-20 -0.22071102E-36
  0.15600000E+02  0.45632972E-20 -0.21981125E-36
  0.15700000E+02  0.45218322E-20 -0.22880326E-36
  0.15800000E+02  0.44808536E-20 -0.21786346E-36
  0.15900000E+02  0.44403555E-20 -0.22242248E-36
  0.16000000E+02  0.44003320E-20 -0.21708017E-36
  0.16100000E+02  0.43607771E-20 -0.21915186E-36
  0.16200000E+02  0.43216851E-20 -0.21757766E-36
  0.16300000E+02  0.42830501E-20 -0.20685086E-36
  0.16400000E+02  0.42448665E-20 -0.20841303E-36
  0.16500000E+02  0.42071286E-20 -0.20375931E-36
  0.16600000E+02  0.41698308E-20 -0.19993519E-36
  0.16700000E+02  0.41329674E-20 -0.19444139E-36
  0.16800000E+02  0.40965330E-20 -0.20468103E-36
  0.16900000E+02  0.40605221E-20 -0.19690504E-36
  0.17000000E+02  0.40249294E-20 -0.19080030E-36
  0.17100000E+02  0.39897493E-20 -0.19746266E-36
  0.17200000E+02  0.39549768E-20 -0.19460231E-36
  0.17300000E+02  0.39206064E-20 -0.19349920E-36
  0.17400000E+02  0.38866331E-20 -0.18783326E-36
  0.17500000E+02  0.38530517E-20 -0.18755531E-36
  0.17600000E+02  0.38198571E-20 -0.18283117E-36
  0.17700000E+02  0.37870443E-20 -0.18093522E-36
  0.17800000E+02  0.37546084E-20 -0.18243894E-36
  0.17900000E+02  0.37225445E-20 -0.18111117E-36
  0.18000000E+02  0.36908477E-20 -0.18296516E-36
  0.18100000E+02  0.36595133E-20 -0.17460081E-36
  0.18200000E+02  0.36285364E-20 -0.17518144E-36
  0.18300000E+02  0.35979125E-20 -0.17445300E-36
  0.18400000E+02  0.35676370E-20 -0.17038958E-36
  0.18500000E+02  0.35377052E-20 -0.16708407E-36
  0.18600000E+02  0.35081128E-20 -0.17368754E-36
  0.18700000E+02  0.34788551E-20 -0.16442322E-36
  0.18800000E+02  0.34499279E-20 -0.16216008E-36
  0.18900000E+02  0.34213269E-20 -0.16510783E-36
  0.19000000E+02  0.33930477E-20 -0.15815144E-36
  0.19100000E+02  0.33650861E-20 -0.16159007E-36
  0.19200000E+02  0.33374380E-20 -0.15546758E-36
  0.19300000E+02  0.33100993E-20 -0.15893680E-36
  0.19400000E+02  0.32830659E-20 -0.15881689E-36
  0.19500000E+02  0.32563337E-20 -0.15240830E-36
  0.19600000E+02  0.32298989E-20 -0.14735030E-36
  0.19700000E+02  0.32037576E-20 -0.14887270E-36
  0.19800000E+02  0.31779059E-20 -0.15262067E-36
  0.19900000E+02  0.31523399E-20 -0.14740508E-36
  0.20000000E+02  0.31270561E-20 -0.15023747E-36
  0.20100000E+02  0.31020506E-20 -0.14689369E-36
  0.20200000E+02  0.30773198E-20 -0.14607547E-36
  0.20300000E+02  0.30528602E-20 -0.14368734E-36
  0.20400000E+02  0.30286681E-20 -0.13744472E-36
  0.20500000E+02  0.30047402E-20 -0.13783682E-36
  0.20600000E+02  0.29810729E-20 -0.14055245E-36
  0.20700000E+02  0.29576629E-20 -0.13505107E-36
  0.20800000E+02  0.29345068E-20 -0.13984415E-36
  0.20900000E+02  0.29116012E-20 -0.13818155E-36
  0.21000000E+02  0.28889430E-20 -0.13262011E-36
  0.21100000E+02  0.28665290E-20 -0.13010703E-36
  0.21200000E+02  0.28443558E-20 -0.13285416E-36
  0.21300000E+02  0.28224205E-20 -0.12980935E-36
  0.21400000E+02  0.28007200E-20 -0.13088524E-36
  0.21500000E+02  0.27792511E-20 -0.13002762E-36
  0.21600000E+02  0.27580109E-20 -0.12656069E-36
  0.21700000E+02  0.27369965E-20 -0.12871798E-36
  0.21800000E+02  0.27162049E-20 -0.12240336E-36
  0.21900000E+02  0.26956333E-20 -0.12626031E-36
  0.22000000E+02  0.26752788E-20 -0.12390154E-36
  0.22100000E+02  0.26551387E-20 -0.12477283E-36
  0.22200000E+02  0.26352102E-20 -0.12304887E-36
  0.22300000E+02  0.26154905E-20 -0.11822094E-36
  0.22400000E+02  0.25959770E-20 -0.11752148E-36
  0.22500000E+02  0.25766671E-20 -0.12268939E-36
  0.22600000E+02  0.25575582E-20 -0.11837051E-36
  0.22700000E+02  0.25386477E-20 -0.11739220E-36
  0.22800000E+02  0.25199330E-20 -0.11654089E-36
  0.22900000E+02  0.25014118E-20 -0.11621802E-36
  0.23000000E+02  0.24830814E-20 -0.11215518E-36
  0.23100000E+02  0.24649396E-20 -0.11382706E-36
  0.23200000E+02  0.24469839E-20 -0.11208126E-36
  0.23300000E+02  0.24292120E-20 -0.11135924E-36
  0.23400000E+02  0.24116215E-20 -0.10835603E-36
  0.23500000E+02  0.23942102E-20 -0.11097049E-36
  0.23600000E+02  0.23769758E-20 -0.11076718E-36
  0.23700000E+02  0.23599161E-20 -0.10763021E-36
  0.23800000E+02  0.23430289E-20 -0.10858974E-36
  0.23900000E+02  0.23263121E-20 -0.10493473E-36
  0.24000000E+02  0.23097634E-20 -0.10506195E-36
  0.24100000E+02  0.22933809E-20 -0.10640414E-36
  0.24200000E+02  0.22771624E-20 -0.99749033E-37
  0.24300000E+02  0.22611060E-20 -0.10367904E-36
  0.24400000E+02  0.22452095E-20 -0.10320527E-36
  0.24500000E+02  0.22294710E-20 -0.98415662E-37
  0.24600000E+02  0.22138886E-20 -0.97526853E-37
  0.24700000E+02  0.21984604E-20 -0.99187300E-37
  0.24800000E+02  0.21831844E-20 -0.98059582E-37
  0.24900000E+02  0.21680587E-20 -0.96435273E-37
  0.25000000E+02  0.21530816E-20 -0.97887279E-37
  0.25100000E+02  0.21382511E-20 -0.96676805E-37
  0.25200000E+02  0.21235656E-20 -0.93704657E-37
  0.25300000E+02  0.21090232E-20 -0.93246224E-37
  0.25400000E+02  0.20946221E-20 -0.96021129E-37
  0.25500000E+02  0.20803608E-20 -0.94294915E-37
  0.25600000E+02  0.20662374E-20 -0.94744228E-37
  0.25700000E+02  0.20522503E-20 -0.92330292E-37
  0.25800000E+02  0.20383979E-20 -0.91539362E-37
  0.25900000E+02  0.20246785E-20 -0.90972741E-37
  0.26000000E+02  0.20110905E-20 -0.90109064E-37
  0.26100000E+02  0.19976324E-20 -0.88290474E-37
  0.26200000E+02  0.19843026E-20 -0.90242936E-37
  0.26300000E+02  0.19710995E-20 -0.90349692E-37
  0.26400000E+02  0.19580216E-20 -0.87642974E-37
  0.26500000E+02  0.19450675E-20 -0.89082475E-37
  0.26600000E+02  0.19322356E-20 -0.85322429E-37
  0.26700000E+02  0.19195246E-20 -0.85361787E-37
  0.26800000E+02  0.19069329E-20 -0.87026722E-37
  0.26900000E+02  0.18944592E-20 -0.84616686E-37
  0.27000000E+02  0.18821021E-20 -0.83458154E-37
  0.27100000E+02  0.18698601E-20 -0.83560094E-37
  0.27200000E+02  0.18577320E-20 -0.85056478E-37
  0.27300000E+02  0.18457164E-20 -0.85990899E-37
  0.27400000E+02  0.18338120E-20 -0.82470023E-37
  0.27500000E+02  0.18220175E-20 -0.82485128E-37
  0.27600000E+02  0.18103316E-20 -0.81366873E-37
  0.27700000E+02  0.17987530E-20 -0.82558707E-37
  0.27800000E+02  0.17872805E-20 -0.76529543E-37
  0.27900000E+02  0.17759129E-20 -0.77431619E-37
  0.28000000E+02  0.17646489E-20 -0.79193620E-37
  0.28100000E+02  0.17534874E-20 -0.78900893E-37
  0.28200000E+02  0.17424271E-20 -0.79478894E-37
  0.28300000E+02  0.17314670E-20 -0.77052455E-37
  0.28400000E+02  0.17206057E-20 -0.76436994E-37
  0.28500000E+02  0.17098423E-20 -0.76605719E-37
  0.28600000E+02  0.16991756E-20 -0.74073300E-37
  0.28700000E+02  0.16886045E-20 -0.74315599E-37
  0.28800000E+02  0.16781280E-20 -0.75335372E-37
  0.28900000E+02  0.16677448E-20 -0.73515326E-37
  0.29000000E+02  0.16574540E-20 -0.73177214E-37
  0.29100000E+02  0.16472545E-20 -0.73611010E-37
  0.29200000E+02  0.16371454E-20 -0.72782956E-37
  0.29300000E+02  0.16271255E-20 -0.70143795E-37
  0.29400000E+02  0.16171939E-20 -0.71298636E-37
  0.29500000E+02  0.16073496E-20 -0.72416293E-37
  0.29600000E+02  0.15975915E-20 -0.73434156E-37
  0.29700000E+02  0.15879189E-20 -0.69777711E-37
  0.29800000E+02  0.15783306E-20 -0.71209926E-37
  0.29900000E+02  0.15688257E-20 -0.68497217E-37
  0.30000000E+02  0.15594034E-20 -0.71080245E-37
  0.30100000E+02  0.15500627E-20 -0.70411202E-37
  0.30200000E+02  0.15408027E-20 -0.68083040E-37
  0.30300000E+02  0.15316226E-20 -0.65830972E-37
  0.30400000E+02  0.15225213E-20 -0.66607902E-37
  0.30500000E+02  0.15134981E-20 -0.67745224E-37
  0.30600000E+02  0.15045522E-20 -0.68009307E-37
  0.30700000E+02  0.14956826E-20 -0.66195952E-37
  0.30800000E+02  0.14868886E-20 -0.65878058E-37
  0.30900000E+02  0.14781692E-20 -0.64115732E-37
  0.31000000E+02  0.14695238E-20 -0.63406935E-37
  0.31100000E+02  0.14609514E-20 -0.64242473E-37
  0.31200000E+02  0.14524514E-20 -0.65102961E-37
  0.31300000E+02  0.14440229E-20 -0.64899462E-37
  0.31400000E+02  0.14356652E-20 -0.64483232E-37
  0.31500000E+02  0.14273774E-20 -0.64753712E-37
  0.31600000E+02  0.14191589E-20 -0.64057924E-37
  0.31700000E+02  0.14110089E-20 -0.63864778E-37
  0.31800000E+02  0.14029266E-20 -0.60724933E-37
  0.31900000E+02  0.13949114E-20 -0.59600580E-37
  0.32000000E+02  0.13869625E-20 -0.61442317E-37
  0.32100000E+02  0.13790793E-20 -0.61471242E-37
  0.32200000E+02  0.13712610E-20 -0.59939428E-37
  0.32300000E+02  0.13635069E-20 -0.60348952E-37
  0.32400000E+02  0.13558164E-20 -0.60650275E-37
  0.32500000E+02  0.13481888E-20 -0.60075776E-37
  0.32600000E+02  0.13406234E-20 -0.60333338E-37
  0.32700000E+02  0.13331196E-20 -0.58349186E-37
  0.32800000E+02  0.13256767E-20 -0.57978521E-37
  0.32900000E+02  0.13182942E-20 -0.58200400E-37
  0.33000000E+02  0.13109713E-20 -0.57674406E-37
  0.33100000E+02  0.13037074E-20 -0.57013124E-37
  0.33200000E+02  0.12965021E-20 -0.57821140E-37
  0.33300000E+02  0.12893545E-20 -0.56475614E-37
  0.33400000E+02  0.12822642E-20 -0.57067097E-37
  0.33500000E+02  0.12752305E-20 -0.55443567E-37
  0.33600000E+02  0.12682529E-20 -0.55383458E-37
  0.33700000E+02  0.12613307E-20 -0.56574127E-37
  0.33800000E+02  0.12544635E-20 -0.54381570E-37
  0.33900000E+02  0.12476507E-20 -0.56537797E-37
  0.34000000E+02  0.12408916E-20 -0.53654150E-37
  0.34100000E+02  0.12341858E-20 -0.52362139E-37
  0.34200000E+02  0.12275327E-20 -0.53915497E-37
  0.34300000E+02  0.12209318E-20 -0.54069529E-37
  0.34400000E+02  0.12143826E-20 -0.52252246E-37
  0.34500000E+02  0.12078844E-20 -0.51345922E-37
  0.34600000E+02  0.12014369E-20 -0.52932577E-37
  0.34700000E+02  0.11950395E-20 -0.52477307E-37
  0.34800000E+02  0.11886917E-20 -0.52206414E-37
  0.34900000E+02  0.11823930E-20 -0.51084724E-37
  0.35000000E+02  0.11761429E-20 -0.50590679E-37
  0.35100000E+02  0.11699409E-20 -0.51934945E-37
  0.35200000E+02  0.11637866E-20 -0.52030832E-37
  0.35300000E+02  0.11576795E-20 -0.51247992E-37
  0.35400000E+02  0.11516190E-20 -0.51823961E-37
  0.35500000E+02  0.11456049E-20 -0.51164862E-37
  0.35600000E+02  0.11396365E-20 -0.50688310E-37
  0.35700000E+02  0.11337134E-20 -0.49360035E-37
  0.35800000E+02  0.11278353E-20 -0.49598157E-37
  0.35900000E+02  0.11220016E-20 -0.50458169E-37
  0.36000000E+02  0.11162119E-20 -0.48374375E-37
  0.36100000E+02  0.11104658E-20 -0.49609693E-37
  0.36200000E+02  0.11047629E-20 -0.47086213E-37
  0.36300000E+02  0.10991027E-20 -0.48675750E-37
  0.36400000E+02  0.10934849E-20 -0.47943948E-37
  0.36500000E+02  0.10879089E-20 -0.48178979E-37
  0.36600000E+02  0.10823745E-20 -0.46172047E-37
  0.36700000E+02  0.10768812E-20 -0.47385769E-37
  0.36800000E+02  0.10714286E-20 -0.46249253E-37
  0.36900000E+02  0.10660164E-20 -0.46868518E-37
  0.37000000E+02  0.10606441E-20 -0.46120109E-37
  0.37100000E+02  0.10553113E-20 -0.46916986E-37
  0.37200000E+02  0.10500177E-20 -0.45369589E-37
  0.37300000E+02  0.10447630E-20 -0.45639402E-37
  0.37400000E+02  0.10395466E-20 -0.44675650E-37
  0.37500000E+02  0.10343684E-20 -0.44577989E-37
  0.37600000E+02  0.10292278E-20 -0.44790548E-37
  0.37700000E+02  0.10241246E-20 -0.45115370E-37
  0.37800000E+02  0.10190584E-20 -0.45504467E-37
  0.37900000E+02  0.10140289E-20 -0.44309653E-37
  0.38000000E+02  0.10090357E-20 -0.43365991E-37
  0.38100000E+02  0.10040784E-20 -0.45195802E-37
  0.38200000E+02  0.99915684E-21 -0.44970721E-37
  0.38300000E+02  0.99427053E-21 -0.43083833E-37
  0.38400000E+02  0.98941919E-21 -0.42945852E-37
  0.38500000E+02  0.98460250E-21 -0.43133871E-37
  0.38600000E+02  0.97982013E-21 -0.43568715E-37
  0.38700000E+02  0.97507178E-21 -0.42431242E-37
  0.38800000E+02  0.97035712E-21 -0.42753745E-37
  0.38900000E+02  0.96567584E-21 -0.42126377E-37
  0.39000000E+02  0.96102764E-21 -0.41967069E-37
  0.39100000E+02  0.95641221E-21 -0.42362914E-37
  0.39200000E+02  0.95182925E-21 -0.42384474E-37
  0.39300000E+02  0.94727846E-21 -0.41128088E-37
  0.39400000E+02  0.94275956E-21 -0.40212647E-37
  0.39500000E+02  0.93827225E-21 -0.41236253E-37
  0.39600000E+02  0.93381624E-21 -0.40368471E-37
  0.39700000E+02  0.92939125E-21 -0.40085952E-37
  0.39800000E+02  0.92499699E-21 -0.39714929E-37
  0.39900000E+02  0.92063320E-21 -0.39407721E-37
  0.40000000E+02  0.91629959E-21 -0.38614562E-37
