  0.00000000E+00  0.72197759E-20 -0.42256438E-35
  0.10000000E+00  0.26888339E-20 -0.33553669E-35
  0.20000000E+00  0.13981097E-20 -0.30225095E-35
  0.30000000E+00  0.84021129E-21 -0.26221577E-35
  0.40000000E+00  0.40310577E-21 -0.23088329E-35
  0.50000000E+00  0.11330514E-22 -0.20142387E-35
  0.60000000E+00 -0.34173528E-21 -0.17657548E-35
  0.70000000E+00 -0.65658959E-21 -0.15855165E-35
  0.80000000E+00 -0.93504555E-21 -0.14325489E-35
  0.90000000E+00 -0.11800590E-20 -0.13273835E-35
  0.10000000E+01 -0.13949716E-20 -0.12285748E-35
  0.11000000E+01 -0.15830552E-20 -0.11360055E-35
  0.12000000E+01 -0.17473133E-20 -0.10620671E-35
  0.13000000E+01 -0.18904233E-20 -0.96985886E-36
  0.14000000E+01 -0.20147428E-20 -0.92561222E-36
  0.15000000E+01 -0.21223393E-20 -0.86712116E-36
  0.16000000E+01 -0.22150274E-20 -0.83887983E-36
  0.17000000E+01 -0.22944031E-20 -0.81126269E-36
  0.18000000E+01 -0.23618752E-20 -0.76785775E-36
  0.19000000E+01 -0.24186913E-20 -0.72307497E-36
  0.20000000E+01 -0.24659594E-20 -0.70208449E-36
  0.21000000E+01 -0.25046668E-20 -0.67749157E-36
  0.22000000E+01 -0.25356954E-20 -0.63758030E-36
  0.23000000E+01 -0.25598346E-20 -0.63481016E-36
  0.24000000E+01 -0.25777923E-20 -0.60704291E-36
  0.25000000E+01 -0.25902045E-20 -0.56020572E-36
  0.26000000E+01 -0.25976438E-20 -0.58160713E-36
  0.27000000E+01 -0.26006255E-20 -0.56296085E-36
  0.28000000E+01 -0.25996149E-20 -0.52734633E-36
  0.29000000E+01 -0.25950318E-20 -0.51242690E-36
  0.30000000E+01 -0.25872557E-20 -0.49235921E-36
  0.31000000E+01 -0.25766299E-20 -0.49214039E-36
  0.32000000E+01 -0.25634651E-20 -0.47945737E-36
  0.33000000E+01 -0.25480425E-20 -0.46765742E-36
  0.34000000E+01 -0.25306172E-20 -0.44726652E-36
  0.35000000E+01 -0.25114203E-20 -0.45846650E-36
  0.36000000E+01 -0.24906615E-20 -0.43347280E-36
  0.37000000E+01 -0.24685308E-20 -0.42009810E-36
  0.38000000E+01 -0.24452009E-20 -0.41857426E-36
  0.39000000E+01 -0.24208284E-20 -0.40555924E-36
  0.40000000E+01 -0.23955554E-20 -0.37159423E-36
  0.41000000E+01 -0.23695109E-20 -0.37970595E-36
  0.42000000E+01 -0.23428120E-20 -0.38786661E-36
  0.43000000E+01 -0.23155649E-20 -0.38233822E-36
  0.44000000E+01 -0.22878659E-20 -0.36116810E-36
  0.45000000E+01 -0.22598024E-20 -0.35865919E-36
  0.46000000E+01 -0.22314536E-20 -0.34319683E-36
  0.47000000E+01 -0.22028911E-20 -0.33989481E-36
  0.48000000E+01 -0.21741800E-20 -0.33823589E-36
  0.49000000E+01 -0.21453787E-20 -0.33518990E-36
  0.50000000E+01 -0.21165404E-20 -0.32002459E-36
  0.51000000E+01 -0.20877128E-20 -0.31412961E-36
  0.52000000E+01 -0.20589391E-20 -0.30859665E-36
  0.53000000E+01 -0.20302580E-20 -0.30519949E-36
  0.54000000E+01 -0.20017043E-20 -0.30117331E-36
  0.55000000E+01 -0.19733092E-20 -0.29782482E-36
  0.56000000E+01 -0.19451007E-20 -0.28829684E-36
  0.57000000E+01 -0.19171036E-20 -0.29146259E-36
  0.58000000E+01 -0.18893400E-20 -0.28479869E-36
  0.59000000E+01 -0.18618295E-20 -0.27978144E-36
  0.60000000E+01 -0.18345894E-20 -0.26554343E-36
  0.61000000E+01 -0.18076349E-20 -0.26704907E-36
  0.62000000E+01 -0.17809792E-20 -0.25591409E-36
  0.63000000E+01 -0.17546337E-20 -0.25432448E-36
  0.64000000E+01 -0.17286084E-20 -0.24914480E-36
  0.65000000E+01 -0.17029116E-20 -0.25101868E-36
  0.66000000E+01 -0.16775504E-20 -0.24409374E-36
  0.67000000E+01 -0.16525306E-20 -0.24252860E-36
  0.68000000E+01 -0.16278571E-20 -0.23858492E-36
  0.69000000E+01 -0.16035334E-20 -0.23145369E-36
  0.70000000E+01 -0.15795623E-20 -0.22905081E-36
  0.71000000E+01 -0.15559459E-20 -0.22212438E-36
  0.72000000E+01 -0.15326853E-20 -0.22122579E-36
  0.73000000E+01 -0.15097810E-20 -0.22703460E-36
  0.74000000E+01 -0.14872329E-20 -0.21341141E-36
  0.75000000E+01 -0.14650402E-20 -0.21838039E-36
  0.76000000E+01 -0.14432019E-20 -0.20775525E-36
  0.77000000E+01 -0.14217162E-20 -0.20676408E-36
  0.78000000E+01 -0.14005810E-20 -0.19895989E-36
  0.79000000E+01 -0.13797940E-20 -0.19615974E-36
  0.80000000E+01 -0.13593523E-20 -0.19824757E-36
  0.81000000E+01 -0.13392529E-20 -0.19191080E-36
  0.82000000E+01 -0.13194925E-20 -0.18011737E-36
  0.83000000E+01 -0.13000676E-20 -0.18533965E-36
  0.84000000E+01 -0.12809743E-20 -0.17952491E-36
  0.85000000E+01 -0.12622087E-20 -0.18393934E-36
  0.86000000E+01 -0.12437668E-20 -0.17297248E-36
  0.87000000E+01 -0.12256443E-20 -0.17511282E-36
  0.88000000E+01 -0.12078369E-20 -0.17559245E-36
  0.89000000E+01 -0.11903402E-20 -0.17283692E-36
  0.90000000E+01 -0.11731497E-20 -0.17218445E-36
  0.91000000E+01 -0.11562608E-20 -0.17265461E-36
  0.92000000E+01 -0.11396689E-20 -0.16884597E-36
  0.93000000E+01 -0.11233693E-20 -0.16118126E-36
  0.94000000E+01 -0.11073574E-20 -0.15875929E-36
  0.95000000E+01 -0.10916285E-20 -0.15604915E-36
  0.96000000E+01 -0.10761779E-20 -0.15673308E-36
  0.97000000E+01 -0.10610010E-20 -0.15568489E-36
  0.98000000E+01 -0.10460929E-20 -0.15434598E-36
  0.99000000E+01 -0.10314491E-20 -0.15338087E-36
  0.10000000E+02 -0.10170648E-20 -0.14582452E-36
  0.10100000E+02 -0.10029356E-20 -0.14389633E-36
  0.10200000E+02 -0.98905682E-21 -0.14396291E-36
  0.10300000E+02 -0.97542390E-21 -0.13823955E-36
  0.10400000E+02 -0.96203237E-21 -0.13737502E-36
  0.10500000E+02 -0.94887777E-21 -0.13856887E-36
  0.10600000E+02 -0.93595571E-21 -0.13330073E-36
  0.10700000E+02 -0.92326183E-21 -0.13189474E-36
  0.10800000E+02 -0.91079184E-21 -0.13538498E-36
  0.10900000E+02 -0.89854151E-21 -0.13207622E-36
  0.11000000E+02 -0.88650665E-21 -0.12936770E-36
  0.11100000E+02 -0.87468314E-21 -0.13092940E-36
  0.11200000E+02 -0.86306694E-21 -0.12461486E-36
  0.11300000E+02 -0.85165404E-21 -0.12486222E-36
  0.11400000E+02 -0.84044051E-21 -0.12201831E-36
  0.11500000E+02 -0.82942248E-21 -0.12496233E-36
  0.11600000E+02 -0.81859615E-21 -0.11785616E-36
  0.11700000E+02 -0.80795777E-21 -0.11797901E-36
  0.11800000E+02 -0.79750368E-21 -0.11659870E-36
  0.11900000E+02 -0.78723026E-21 -0.11591730E-36
  0.12000000E+02 -0.77713396E-21 -0.11256928E-36
  0.12100000E+02 -0.76721131E-21 -0.11357867E-36
  0.12200000E+02 -0.75745888E-21 -0.11102698E-36
  0.12300000E+02 -0.74787332E-21 -0.10934695E-36
  0.12400000E+02 -0.73845135E-21 -0.10849753E-36
  0.12500000E+02 -0.72918972E-21 -0.10597431E-36
  0.12600000E+02 -0.72008529E-21 -0.10316335E-36
  0.12700000E+02 -0.71113494E-21 -0.10328645E-36
  0.12800000E+02 -0.70233563E-21 -0.10335620E-36
  0.12900000E+02 -0.69368438E-21 -0.10238703E-36
  0.13000000E+02 -0.68517827E-21 -0.99422918E-37
  0.13100000E+02 -0.67681442E-21 -0.10008523E-36
  0.13200000E+02 -0.66859004E-21 -0.97338507E-37
  0.13300000E+02 -0.66050237E-21 -0.96663958E-37
  0.13400000E+02 -0.65254873E-21 -0.95249287E-37
  0.13500000E+02 -0.64472647E-21 -0.94197388E-37
  0.13600000E+02 -0.63703300E-21 -0.93219657E-37
  0.13700000E+02 -0.62946581E-21 -0.91252792E-37
  0.13800000E+02 -0.62202240E-21 -0.91452730E-37
  0.13900000E+02 -0.61470036E-21 -0.89593735E-37
  0.14000000E+02 -0.60749730E-21 -0.88803685E-37
  0.14100000E+02 -0.60041091E-21 -0.88091813E-37
  0.14200000E+02 -0.59343891E-21 -0.86027928E-37
  0.14300000E+02 -0.58657906E-21 -0.87888332E-37
  0.14400000E+02 -0.57982919E-21 -0.82342223E-37
  0.14500000E+02 -0.57318716E-21 -0.86178693E-37
  0.14600000E+02 -0.56665088E-21 -0.83840361E-37
  0.14700000E+02 -0.56021831E-21 -0.84269189E-37
  0.14800000E+02 -0.55388744E-21 -0.82664285E-37
  0.14900000E+02 -0.54765630E-21 -0.81293295E-37
  0.15000000E+02 -0.54152299E-21 -0.80121155E-37
  0.15100000E+02 -0.53548563E-21 -0.82004347E-37
  0.15200000E+02 -0.52954238E-21 -0.78857917E-37
  0.15300000E+02 -0.52369144E-21 -0.76033885E-37
  0.15400000E+02 -0.51793105E-21 -0.75521773E-37
  0.15500000E+02 -0.51225948E-21 -0.75247115E-37
  0.15600000E+02 -0.50667507E-21 -0.75237540E-37
  0.15700000E+02 -0.50117614E-21 -0.73405476E-37
  0.15800000E+02 -0.49576110E-21 -0.73848310E-37
  0.15900000E+02 -0.49042835E-21 -0.72818780E-37
  0.16000000E+02 -0.48517636E-21 -0.73433248E-37
  0.16100000E+02 -0.48000360E-21 -0.71044273E-37
  0.16200000E+02 -0.47490861E-21 -0.70927540E-37
  0.16300000E+02 -0.46988992E-21 -0.67714588E-37
  0.16400000E+02 -0.46494612E-21 -0.69200951E-37
  0.16500000E+02 -0.46007583E-21 -0.67705588E-37
  0.16600000E+02 -0.45527767E-21 -0.68196125E-37
  0.16700000E+02 -0.45055033E-21 -0.67913586E-37
  0.16800000E+02 -0.44589249E-21 -0.65644788E-37
  0.16900000E+02 -0.44130288E-21 -0.65757211E-37
  0.17000000E+02 -0.43678026E-21 -0.64919765E-37
  0.17100000E+02 -0.43232341E-21 -0.65004787E-37
  0.17200000E+02 -0.42793112E-21 -0.62651793E-37
  0.17300000E+02 -0.42360223E-21 -0.63735575E-37
  0.17400000E+02 -0.41933558E-21 -0.61296129E-37
  0.17500000E+02 -0.41513006E-21 -0.61126622E-37
  0.17600000E+02 -0.41098457E-21 -0.61095319E-37
  0.17700000E+02 -0.40689804E-21 -0.60778102E-37
  0.17800000E+02 -0.40286940E-21 -0.61088995E-37
  0.17900000E+02 -0.39889762E-21 -0.59610589E-37
  0.18000000E+02 -0.39498170E-21 -0.59462820E-37
  0.18100000E+02 -0.39112065E-21 -0.58896886E-37
  0.18200000E+02 -0.38731350E-21 -0.59002362E-37
  0.18300000E+02 -0.38355929E-21 -0.58052103E-37
  0.18400000E+02 -0.37985711E-21 -0.57258258E-37
  0.18500000E+02 -0.37620603E-21 -0.56473412E-37
  0.18600000E+02 -0.37260517E-21 -0.56311836E-37
  0.18700000E+02 -0.36905365E-21 -0.54220272E-37
  0.18800000E+02 -0.36555062E-21 -0.54790226E-37
  0.18900000E+02 -0.36209524E-21 -0.53159521E-37
  0.19000000E+02 -0.35868668E-21 -0.55165178E-37
  0.19100000E+02 -0.35532415E-21 -0.52875335E-37
  0.19200000E+02 -0.35200686E-21 -0.53091350E-37
  0.19300000E+02 -0.34873403E-21 -0.52954122E-37
  0.19400000E+02 -0.34550490E-21 -0.52339831E-37
  0.19500000E+02 -0.34231874E-21 -0.51855306E-37
  0.19600000E+02 -0.33917482E-21 -0.51258768E-37
  0.19700000E+02 -0.33607243E-21 -0.50243932E-37
  0.19800000E+02 -0.33301086E-21 -0.50751731E-37
  0.19900000E+02 -0.32998943E-21 -0.49017489E-37
  0.20000000E+02 -0.32700748E-21 -0.48159585E-37
  0.20100000E+02 -0.32406435E-21 -0.48330067E-37
  0.20200000E+02 -0.32115938E-21 -0.47431827E-37
  0.20300000E+02 -0.31829196E-21 -0.47913275E-37
  0.20400000E+02 -0.31546145E-21 -0.46343250E-37
  0.20500000E+02 -0.31266726E-21 -0.47247898E-37
  0.20600000E+02 -0.30990879E-21 -0.46690544E-37
  0.20700000E+02 -0.30718546E-21 -0.46958889E-37
  0.20800000E+02 -0.30449668E-21 -0.45132343E-37
  0.20900000E+02 -0.30184191E-21 -0.44369799E-37
  0.21000000E+02 -0.29922059E-21 -0.45780627E-37
  0.21100000E+02 -0.29663218E-21 -0.44170161E-37
  0.21200000E+02 -0.29407616E-21 -0.45103855E-37
  0.21300000E+02 -0.29155200E-21 -0.43709697E-37
  0.21400000E+02 -0.28905919E-21 -0.44593373E-37
  0.21500000E+02 -0.28659724E-21 -0.43176866E-37
  0.21600000E+02 -0.28416565E-21 -0.42602771E-37
  0.21700000E+02 -0.28176395E-21 -0.43017306E-37
  0.21800000E+02 -0.27939166E-21 -0.42390997E-37
  0.21900000E+02 -0.27704832E-21 -0.42680530E-37
  0.22000000E+02 -0.27473348E-21 -0.41621675E-37
  0.22100000E+02 -0.27244669E-21 -0.40310142E-37
  0.22200000E+02 -0.27018751E-21 -0.41005049E-37
  0.22300000E+02 -0.26795552E-21 -0.40022463E-37
  0.22400000E+02 -0.26575029E-21 -0.39663515E-37
  0.22500000E+02 -0.26357142E-21 -0.39626528E-37
  0.22600000E+02 -0.26141849E-21 -0.39649288E-37
  0.22700000E+02 -0.25929111E-21 -0.38683855E-37
  0.22800000E+02 -0.25718888E-21 -0.38367940E-37
  0.22900000E+02 -0.25511143E-21 -0.39034643E-37
  0.23000000E+02 -0.25305838E-21 -0.38335953E-37
  0.23100000E+02 -0.25102936E-21 -0.37621406E-37
  0.23200000E+02 -0.24902401E-21 -0.37474835E-37
  0.23300000E+02 -0.24704196E-21 -0.37652086E-37
  0.23400000E+02 -0.24508288E-21 -0.37367263E-37
  0.23500000E+02 -0.24314641E-21 -0.36930862E-37
  0.23600000E+02 -0.24123222E-21 -0.35245332E-37
  0.23700000E+02 -0.23933998E-21 -0.35757453E-37
  0.23800000E+02 -0.23746936E-21 -0.35829856E-37
  0.23900000E+02 -0.23562005E-21 -0.35701039E-37
  0.24000000E+02 -0.23379173E-21 -0.35326105E-37
  0.24100000E+02 -0.23198409E-21 -0.35342940E-37
  0.24200000E+02 -0.23019683E-21 -0.35812075E-37
  0.24300000E+02 -0.22842965E-21 -0.35802548E-37
  0.24400000E+02 -0.22668227E-21 -0.34277227E-37
  0.24500000E+02 -0.22495438E-21 -0.33789602E-37
  0.24600000E+02 -0.22324572E-21 -0.33055956E-37
  0.24700000E+02 -0.22155601E-21 -0.33791826E-37
  0.24800000E+02 -0.21988497E-21 -0.33818932E-37
  0.24900000E+02 -0.21823233E-21 -0.32725275E-37
  0.25000000E+02 -0.21659784E-21 -0.32404721E-37
  0.25100000E+02 -0.21498123E-21 -0.32143680E-37
  0.25200000E+02 -0.21338225E-21 -0.31783523E-37
  0.25300000E+02 -0.21180066E-21 -0.31693208E-37
  0.25400000E+02 -0.21023620E-21 -0.31574536E-37
  0.25500000E+02 -0.20868863E-21 -0.32394089E-37
  0.25600000E+02 -0.20715773E-21 -0.31721183E-37
  0.25700000E+02 -0.20564325E-21 -0.30266542E-37
  0.25800000E+02 -0.20414497E-21 -0.31940158E-37
  0.25900000E+02 -0.20266266E-21 -0.30587222E-37
  0.26000000E+02 -0.20119610E-21 -0.29819340E-37
  0.26100000E+02 -0.19974508E-21 -0.31036778E-37
  0.26200000E+02 -0.19830938E-21 -0.30080709E-37
  0.26300000E+02 -0.19688879E-21 -0.30634154E-37
  0.26400000E+02 -0.19548310E-21 -0.30002676E-37
  0.26500000E+02 -0.19409211E-21 -0.29071690E-37
  0.26600000E+02 -0.19271562E-21 -0.28458380E-37
  0.26700000E+02 -0.19135343E-21 -0.28026902E-37
  0.26800000E+02 -0.19000536E-21 -0.28719630E-37
  0.26900000E+02 -0.18867120E-21 -0.28808427E-37
  0.27000000E+02 -0.18735078E-21 -0.28349687E-37
  0.27100000E+02 -0.18604391E-21 -0.28283657E-37
  0.27200000E+02 -0.18475040E-21 -0.28353572E-37
  0.27300000E+02 -0.18347009E-21 -0.27244513E-37
  0.27400000E+02 -0.18220279E-21 -0.27467930E-37
  0.27500000E+02 -0.18094833E-21 -0.26755140E-37
  0.27600000E+02 -0.17970655E-21 -0.26981885E-37
  0.27700000E+02 -0.17847727E-21 -0.26469222E-37
  0.27800000E+02 -0.17726033E-21 -0.27189991E-37
  0.27900000E+02 -0.17605558E-21 -0.27141339E-37
  0.28000000E+02 -0.17486284E-21 -0.26805645E-37
  0.28100000E+02 -0.17368198E-21 -0.26856843E-37
  0.28200000E+02 -0.17251282E-21 -0.26675268E-37
  0.28300000E+02 -0.17135522E-21 -0.25654352E-37
  0.28400000E+02 -0.17020904E-21 -0.25948954E-37
  0.28500000E+02 -0.16907412E-21 -0.25295367E-37
  0.28600000E+02 -0.16795032E-21 -0.25658817E-37
  0.28700000E+02 -0.16683749E-21 -0.25429010E-37
  0.28800000E+02 -0.16573551E-21 -0.25314141E-37
  0.28900000E+02 -0.16464422E-21 -0.24940731E-37
  0.29000000E+02 -0.16356350E-21 -0.25480165E-37
  0.29100000E+02 -0.16249321E-21 -0.24264452E-37
  0.29200000E+02 -0.16143321E-21 -0.24574897E-37
  0.29300000E+02 -0.16038339E-21 -0.24091735E-37
  0.29400000E+02 -0.15934361E-21 -0.25024857E-37
  0.29500000E+02 -0.15831375E-21 -0.24783534E-37
  0.29600000E+02 -0.15729368E-21 -0.23408408E-37
  0.29700000E+02 -0.15628328E-21 -0.22717180E-37
  0.29800000E+02 -0.15528243E-21 -0.23234219E-37
  0.29900000E+02 -0.15429102E-21 -0.23099702E-37
  0.30000000E+02 -0.15330893E-21 -0.23224340E-37
  0.30100000E+02 -0.15233604E-21 -0.23275429E-37
  0.30200000E+02 -0.15137223E-21 -0.23154992E-37
  0.30300000E+02 -0.15041741E-21 -0.22717662E-37
  0.30400000E+02 -0.14947146E-21 -0.22940330E-37
  0.30500000E+02 -0.14853427E-21 -0.22331327E-37
  0.30600000E+02 -0.14760573E-21 -0.22665774E-37
  0.30700000E+02 -0.14668575E-21 -0.22167826E-37
  0.30800000E+02 -0.14577421E-21 -0.22090759E-37
  0.30900000E+02 -0.14487103E-21 -0.22318933E-37
  0.31000000E+02 -0.14397608E-21 -0.21824073E-37
  0.31100000E+02 -0.14308929E-21 -0.21905498E-37
  0.31200000E+02 -0.14221055E-21 -0.21367021E-37
  0.31300000E+02 -0.14133976E-21 -0.21157089E-37
  0.31400000E+02 -0.14047683E-21 -0.21501098E-37
  0.31500000E+02 -0.13962167E-21 -0.21187149E-37
  0.31600000E+02 -0.13877419E-21 -0.21565375E-37
  0.31700000E+02 -0.13793429E-21 -0.20783218E-37
  0.31800000E+02 -0.13710189E-21 -0.20598935E-37
  0.31900000E+02 -0.13627691E-21 -0.20178900E-37
  0.32000000E+02 -0.13545924E-21 -0.20691526E-37
  0.32100000E+02 -0.13464881E-21 -0.20641866E-37
  0.32200000E+02 -0.13384554E-21 -0.20332717E-37
  0.32300000E+02 -0.13304933E-21 -0.20092678E-37
  0.32400000E+02 -0.13226012E-21 -0.20207285E-37
  0.32500000E+02 -0.13147781E-21 -0.19902514E-37
  0.32600000E+02 -0.13070234E-21 -0.19758611E-37
  0.32700000E+02 -0.12993361E-21 -0.19877784E-37
  0.32800000E+02 -0.12917157E-21 -0.19422422E-37
  0.32900000E+02 -0.12841612E-21 -0.19706318E-37
  0.33000000E+02 -0.12766719E-21 -0.19593256E-37
  0.33100000E+02 -0.12692471E-21 -0.18895402E-37
  0.33200000E+02 -0.12618861E-21 -0.19196047E-37
  0.33300000E+02 -0.12545882E-21 -0.19493610E-37
  0.33400000E+02 -0.12473526E-21 -0.18980911E-37
  0.33500000E+02 -0.12401786E-21 -0.18823833E-37
  0.33600000E+02 -0.12330656E-21 -0.19136607E-37
  0.33700000E+02 -0.12260128E-21 -0.18723418E-37
  0.33800000E+02 -0.12190197E-21 -0.18944456E-37
  0.33900000E+02 -0.12120855E-21 -0.18420347E-37
  0.34000000E+02 -0.12052096E-21 -0.18035228E-37
  0.34100000E+02 -0.11983913E-21 -0.18212728E-37
  0.34200000E+02 -0.11916301E-21 -0.18073009E-37
  0.34300000E+02 -0.11849252E-21 -0.17788685E-37
  0.34400000E+02 -0.11782761E-21 -0.17679833E-37
  0.34500000E+02 -0.11716822E-21 -0.17952921E-37
  0.34600000E+02 -0.11651428E-21 -0.17777202E-37
  0.34700000E+02 -0.11586574E-21 -0.17699699E-37
  0.34800000E+02 -0.11522254E-21 -0.17734887E-37
  0.34900000E+02 -0.11458461E-21 -0.17555218E-37
  0.35000000E+02 -0.11395192E-21 -0.17505556E-37
  0.35100000E+02 -0.11332438E-21 -0.17513144E-37
  0.35200000E+02 -0.11270196E-21 -0.16780553E-37
  0.35300000E+02 -0.11208460E-21 -0.17260274E-37
  0.35400000E+02 -0.11147224E-21 -0.17351925E-37
  0.35500000E+02 -0.11086483E-21 -0.16764006E-37
  0.35600000E+02 -0.11026231E-21 -0.17293157E-37
  0.35700000E+02 -0.10966464E-21 -0.16909321E-37
  0.35800000E+02 -0.10907177E-21 -0.16859326E-37
  0.35900000E+02 -0.10848363E-21 -0.16620988E-37
  0.36000000E+02 -0.10790020E-21 -0.16597931E-37
  0.36100000E+02 -0.10732140E-21 -0.16166144E-37
  0.36200000E+02 -0.10674720E-21 -0.15990527E-37
  0.36300000E+02 -0.10617755E-21 -0.16174426E-37
  0.36400000E+02 -0.10561240E-21 -0.16485797E-37
  0.36500000E+02 -0.10505170E-21 -0.16312754E-37
  0.36600000E+02 -0.10449541E-21 -0.15627473E-37
  0.36700000E+02 -0.10394349E-21 -0.16033982E-37
  0.36800000E+02 -0.10339587E-21 -0.15967905E-37
  0.36900000E+02 -0.10285254E-21 -0.15568769E-37
  0.37000000E+02 -0.10231342E-21 -0.15804716E-37
  0.37100000E+02 -0.10177850E-21 -0.15488808E-37
  0.37200000E+02 -0.10124772E-21 -0.15168988E-37
  0.37300000E+02 -0.10072103E-21 -0.15487067E-37
  0.37400000E+02 -0.10019841E-21 -0.14951357E-37
  0.37500000E+02 -0.99679800E-22 -0.15021081E-37
  0.37600000E+02 -0.99165169E-22 -0.15606263E-37
  0.37700000E+02 -0.98654475E-22 -0.15377682E-37
  0.37800000E+02 -0.98147677E-22 -0.15336745E-37
  0.37900000E+02 -0.97644738E-22 -0.14799456E-37
  0.38000000E+02 -0.97145617E-22 -0.15048924E-37
  0.38100000E+02 -0.96650277E-22 -0.14918962E-37
  0.38200000E+02 -0.96158681E-22 -0.14571040E-37
  0.38300000E+02 -0.95670790E-22 -0.14534294E-37
  0.38400000E+02 -0.95186568E-22 -0.14849094E-37
  0.38500000E+02 -0.94705980E-22 -0.13999226E-37
  0.38600000E+02 -0.94228988E-22 -0.14575583E-37
  0.38700000E+02 -0.93755557E-22 -0.14540669E-37
  0.38800000E+02 -0.93285653E-22 -0.14359224E-37
  0.38900000E+02 -0.92819241E-22 -0.14263086E-37
  0.39000000E+02 -0.92356286E-22 -0.14464170E-37
  0.39100000E+02 -0.91896755E-22 -0.14058590E-37
  0.39200000E+02 -0.91440614E-22 -0.14018165E-37
  0.39300000E+02 -0.90987831E-22 -0.14220427E-37
  0.39400000E+02 -0.90538373E-22 -0.13966408E-37
  0.39500000E+02 -0.90092207E-22 -0.13750971E-37
  0.39600000E+02 -0.89649303E-22 -0.13545579E-37
  0.39700000E+02 -0.89209628E-22 -0.13345869E-37
  0.39800000E+02 -0.88773152E-22 -0.13688284E-37
  0.39900000E+02 -0.88339843E-22 -0.13451512E-37
  0.40000000E+02 -0.87909672E-22 -0.13797134E-37
