  0.00000000E+00  0.14649116E-20  0.36129272E-35
  0.10000000E+00  0.65577148E-21  0.12965834E-35
  0.20000000E+00  0.55890686E-21  0.13577882E-35
  0.30000000E+00  0.59392023E-21  0.16252995E-35
  0.40000000E+00  0.65872383E-21  0.16874496E-35
  0.50000000E+00  0.72430959E-21  0.17032007E-35
  0.60000000E+00  0.78238170E-21  0.16683595E-35
  0.70000000E+00  0.83136917E-21  0.16180910E-35
  0.80000000E+00  0.87171826E-21  0.15338150E-35
  0.90000000E+00  0.90437296E-21  0.14963804E-35
  0.10000000E+01  0.93031563E-21  0.13862573E-35
  0.11000000E+01  0.95044400E-21  0.13399345E-35
  0.12000000E+01  0.96554949E-21  0.12506994E-35
  0.13000000E+01  0.97632304E-21  0.11956162E-35
  0.14000000E+01  0.98336675E-21  0.11101797E-35
  0.15000000E+01  0.98720514E-21  0.10548273E-35
  0.16000000E+01  0.98829494E-21  0.98711385E-36
  0.17000000E+01  0.98703352E-21  0.93722207E-36
  0.18000000E+01  0.98376618E-21  0.88223341E-36
  0.19000000E+01  0.97879249E-21  0.81259823E-36
  0.20000000E+01  0.97237200E-21  0.75743731E-36
  0.21000000E+01  0.96472921E-21  0.71281088E-36
  0.22000000E+01  0.95605811E-21  0.68554995E-36
  0.23000000E+01  0.94652612E-21  0.64282814E-36
  0.24000000E+01  0.93627760E-21  0.61947977E-36
  0.25000000E+01  0.92543702E-21  0.57549495E-36
  0.26000000E+01  0.91411159E-21  0.56177696E-36
  0.27000000E+01  0.90239374E-21  0.51656060E-36
  0.28000000E+01  0.89036307E-21  0.47869744E-36
  0.29000000E+01  0.87808825E-21  0.47039894E-36
  0.30000000E+01  0.86562847E-21  0.45269860E-36
  0.31000000E+01  0.85303486E-21  0.42461646E-36
  0.32000000E+01  0.84035153E-21  0.40693491E-36
  0.33000000E+01  0.82761661E-21  0.38852535E-36
  0.34000000E+01  0.81486310E-21  0.36976792E-36
  0.35000000E+01  0.80211952E-21  0.34575930E-36
  0.36000000E+01  0.78941056E-21  0.33871294E-36
  0.37000000E+01  0.77675760E-21  0.33275042E-36
  0.38000000E+01  0.76417914E-21  0.31182978E-36
  0.39000000E+01  0.75169120E-21  0.30339591E-36
  0.40000000E+01  0.73930760E-21  0.27688114E-36
  0.41000000E+01  0.72704028E-21  0.27599256E-36
  0.42000000E+01  0.71489953E-21  0.27206249E-36
  0.43000000E+01  0.70289417E-21  0.25059584E-36
  0.44000000E+01  0.69103175E-21  0.24533309E-36
  0.45000000E+01  0.67931868E-21  0.24306635E-36
  0.46000000E+01  0.66776040E-21  0.23155434E-36
  0.47000000E+01  0.65636143E-21  0.21391520E-36
  0.48000000E+01  0.64512553E-21  0.20996681E-36
  0.49000000E+01  0.63405574E-21  0.20147808E-36
  0.50000000E+01  0.62315449E-21  0.20158814E-36
  0.51000000E+01  0.61242365E-21  0.19273322E-36
  0.52000000E+01  0.60186460E-21  0.18310609E-36
  0.53000000E+01  0.59147824E-21  0.17183554E-36
  0.54000000E+01  0.58126511E-21  0.16823721E-36
  0.55000000E+01  0.57122537E-21  0.16159155E-36
  0.56000000E+01  0.56135885E-21  0.15365809E-36
  0.57000000E+01  0.55166510E-21  0.15202515E-36
  0.58000000E+01  0.54214341E-21  0.14685247E-36
  0.59000000E+01  0.53279284E-21  0.14618045E-36
  0.60000000E+01  0.52361224E-21  0.14006091E-36
  0.61000000E+01  0.51460026E-21  0.13963718E-36
  0.62000000E+01  0.50575542E-21  0.12760082E-36
  0.63000000E+01  0.49707604E-21  0.12788199E-36
  0.64000000E+01  0.48856037E-21  0.12062647E-36
  0.65000000E+01  0.48020649E-21  0.12051538E-36
  0.66000000E+01  0.47201241E-21  0.11796837E-36
  0.67000000E+01  0.46397606E-21  0.11326902E-36
  0.68000000E+01  0.45609526E-21  0.10920057E-36
  0.69000000E+01  0.44836779E-21  0.10178591E-36
  0.70000000E+01  0.44079137E-21  0.10518127E-36
  0.71000000E+01  0.43336368E-21  0.10413942E-36
  0.72000000E+01  0.42608235E-21  0.96313425E-37
  0.73000000E+01  0.41894499E-21  0.94560206E-37
  0.74000000E+01  0.41194917E-21  0.95576638E-37
  0.75000000E+01  0.40509246E-21  0.88047461E-37
  0.76000000E+01  0.39837242E-21  0.88042718E-37
  0.77000000E+01  0.39178660E-21  0.89715153E-37
  0.78000000E+01  0.38533254E-21  0.84989120E-37
  0.79000000E+01  0.37900779E-21  0.83115280E-37
  0.80000000E+01  0.37280992E-21  0.77442126E-37
  0.81000000E+01  0.36673650E-21  0.82025203E-37
  0.82000000E+01  0.36078511E-21  0.75663326E-37
  0.83000000E+01  0.35495336E-21  0.71122232E-37
  0.84000000E+01  0.34923887E-21  0.73733604E-37
  0.85000000E+01  0.34363928E-21  0.70930561E-37
  0.86000000E+01  0.33815228E-21  0.69410825E-37
  0.87000000E+01  0.33277555E-21  0.69197491E-37
  0.88000000E+01  0.32750683E-21  0.67624085E-37
  0.89000000E+01  0.32234387E-21  0.63221281E-37
  0.90000000E+01  0.31728446E-21  0.59792853E-37
  0.91000000E+01  0.31232642E-21  0.58753076E-37
  0.92000000E+01  0.30746760E-21  0.58124131E-37
  0.93000000E+01  0.30270590E-21  0.59305454E-37
  0.94000000E+01  0.29803922E-21  0.56260874E-37
  0.95000000E+01  0.29346553E-21  0.53464611E-37
  0.96000000E+01  0.28898283E-21  0.54558997E-37
  0.97000000E+01  0.28458914E-21  0.55171877E-37
  0.98000000E+01  0.28028252E-21  0.50784039E-37
  0.99000000E+01  0.27606107E-21  0.47340542E-37
  0.10000000E+02  0.27192294E-21  0.49926875E-37
  0.10100000E+02  0.26786629E-21  0.46905460E-37
  0.10200000E+02  0.26388934E-21  0.48547337E-37
  0.10300000E+02  0.25999033E-21  0.46807805E-37
  0.10400000E+02  0.25616753E-21  0.45530677E-37
  0.10500000E+02  0.25241928E-21  0.47815157E-37
  0.10600000E+02  0.24874391E-21  0.45680729E-37
  0.10700000E+02  0.24513982E-21  0.43195245E-37
  0.10800000E+02  0.24160543E-21  0.42701623E-37
  0.10900000E+02  0.23813919E-21  0.41897384E-37
  0.11000000E+02  0.23473958E-21  0.40261814E-37
  0.11100000E+02  0.23140514E-21  0.39854584E-37
  0.11200000E+02  0.22813442E-21  0.38995653E-37
  0.11300000E+02  0.22492599E-21  0.35503530E-37
  0.11400000E+02  0.22177849E-21  0.36472762E-37
  0.11500000E+02  0.21869056E-21  0.35687285E-37
  0.11600000E+02  0.21566089E-21  0.36491386E-37
  0.11700000E+02  0.21268817E-21  0.35505768E-37
  0.11800000E+02  0.20977116E-21  0.37440776E-37
  0.11900000E+02  0.20690861E-21  0.36683763E-37
  0.12000000E+02  0.20409934E-21  0.31614427E-37
  0.12100000E+02  0.20134216E-21  0.34630909E-37
  0.12200000E+02  0.19863592E-21  0.32060514E-37
  0.12300000E+02  0.19597952E-21  0.32718805E-37
  0.12400000E+02  0.19337184E-21  0.31663848E-37
  0.12500000E+02  0.19081183E-21  0.32103256E-37
  0.12600000E+02  0.18829844E-21  0.32449603E-37
  0.12700000E+02  0.18583065E-21  0.31222322E-37
  0.12800000E+02  0.18340747E-21  0.30223825E-37
  0.12900000E+02  0.18102793E-21  0.29099756E-37
  0.13000000E+02  0.17869107E-21  0.28539569E-37
  0.13100000E+02  0.17639598E-21  0.27904548E-37
  0.13200000E+02  0.17414174E-21  0.27660675E-37
  0.13300000E+02  0.17192749E-21  0.28268851E-37
  0.13400000E+02  0.16975235E-21  0.27063458E-37
  0.13500000E+02  0.16761548E-21  0.26176542E-37
  0.13600000E+02  0.16551607E-21  0.24810455E-37
  0.13700000E+02  0.16345332E-21  0.23791194E-37
  0.13800000E+02  0.16142643E-21  0.24619655E-37
  0.13900000E+02  0.15943466E-21  0.26101244E-37
  0.14000000E+02  0.15747725E-21  0.25176427E-37
  0.14100000E+02  0.15555348E-21  0.23754810E-37
  0.14200000E+02  0.15366263E-21  0.23872483E-37
  0.14300000E+02  0.15180402E-21  0.22726879E-37
  0.14400000E+02  0.14997696E-21  0.22247376E-37
  0.14500000E+02  0.14818080E-21  0.21690533E-37
  0.14600000E+02  0.14641488E-21  0.23148352E-37
  0.14700000E+02  0.14467859E-21  0.21048756E-37
  0.14800000E+02  0.14297131E-21  0.19578871E-37
  0.14900000E+02  0.14129243E-21  0.21105959E-37
  0.15000000E+02  0.13964137E-21  0.21168798E-37
  0.15100000E+02  0.13801756E-21  0.20815579E-37
  0.15200000E+02  0.13642044E-21  0.19348805E-37
  0.15300000E+02  0.13484945E-21  0.19811774E-37
  0.15400000E+02  0.13330408E-21  0.20222608E-37
  0.15500000E+02  0.13178380E-21  0.17571588E-37
  0.15600000E+02  0.13028810E-21  0.18341529E-37
  0.15700000E+02  0.12881648E-21  0.20609630E-37
  0.15800000E+02  0.12736847E-21  0.17945053E-37
  0.15900000E+02  0.12594358E-21  0.17891798E-37
  0.16000000E+02  0.12454135E-21  0.16742123E-37
  0.16100000E+02  0.12316133E-21  0.18790773E-37
  0.16200000E+02  0.12180309E-21  0.18446494E-37
  0.16300000E+02  0.12046618E-21  0.18247156E-37
  0.16400000E+02  0.11915020E-21  0.16973236E-37
  0.16500000E+02  0.11785472E-21  0.17959455E-37
  0.16600000E+02  0.11657934E-21  0.16395322E-37
  0.16700000E+02  0.11532367E-21  0.15791441E-37
  0.16800000E+02  0.11408733E-21  0.16232152E-37
  0.16900000E+02  0.11286995E-21  0.15568287E-37
  0.17000000E+02  0.11167115E-21  0.15735962E-37
  0.17100000E+02  0.11049057E-21  0.16297823E-37
  0.17200000E+02  0.10932788E-21  0.16365409E-37
  0.17300000E+02  0.10818271E-21  0.14739649E-37
  0.17400000E+02  0.10705475E-21  0.14394065E-37
  0.17500000E+02  0.10594366E-21  0.13341891E-37
  0.17600000E+02  0.10484912E-21  0.15414404E-37
  0.17700000E+02  0.10377082E-21  0.14691761E-37
  0.17800000E+02  0.10270845E-21  0.13718795E-37
  0.17900000E+02  0.10166172E-21  0.15790347E-37
  0.18000000E+02  0.10063033E-21  0.14065029E-37
  0.18100000E+02  0.99614001E-22  0.12940563E-37
  0.18200000E+02  0.98612447E-22  0.14672621E-37
  0.18300000E+02  0.97625396E-22  0.12735707E-37
  0.18400000E+02  0.96652581E-22  0.13579520E-37
  0.18500000E+02  0.95693741E-22  0.12972217E-37
  0.18600000E+02  0.94748619E-22  0.13213160E-37
  0.18700000E+02  0.93816966E-22  0.12662421E-37
  0.18800000E+02  0.92898536E-22  0.12497671E-37
  0.18900000E+02  0.91993090E-22  0.11719865E-37
  0.19000000E+02  0.91100392E-22  0.12910874E-37
  0.19100000E+02  0.90220215E-22  0.12077510E-37
  0.19200000E+02  0.89352333E-22  0.12850212E-37
  0.19300000E+02  0.88496526E-22  0.12369238E-37
  0.19400000E+02  0.87652580E-22  0.12348480E-37
  0.19500000E+02  0.86820283E-22  0.12619194E-37
  0.19600000E+02  0.85999431E-22  0.10697596E-37
  0.19700000E+02  0.85189821E-22  0.11129808E-37
  0.19800000E+02  0.84391255E-22  0.11127291E-37
  0.19900000E+02  0.83603542E-22  0.12018613E-37
  0.20000000E+02  0.82826490E-22  0.10458209E-37
  0.20100000E+02  0.82059916E-22  0.11849677E-37
  0.20200000E+02  0.81303637E-22  0.10816198E-37
  0.20300000E+02  0.80557476E-22  0.10631632E-37
  0.20400000E+02  0.79821259E-22  0.10457593E-37
  0.20500000E+02  0.79094815E-22  0.11228555E-37
  0.20600000E+02  0.78377978E-22  0.10528235E-37
  0.20700000E+02  0.77670584E-22  0.92977080E-38
  0.20800000E+02  0.76972473E-22  0.96774587E-38
  0.20900000E+02  0.76283488E-22  0.11599467E-37
  0.21000000E+02  0.75603475E-22  0.10315260E-37
  0.21100000E+02  0.74932284E-22  0.10309113E-37
  0.21200000E+02  0.74269768E-22  0.11448187E-37
  0.21300000E+02  0.73615781E-22  0.10320312E-37
  0.21400000E+02  0.72970182E-22  0.10652892E-37
  0.21500000E+02  0.72332832E-22  0.88770655E-38
  0.21600000E+02  0.71703595E-22  0.10060705E-37
  0.21700000E+02  0.71082337E-22  0.91658503E-38
  0.21800000E+02  0.70468929E-22  0.95118847E-38
  0.21900000E+02  0.69863242E-22  0.82796867E-38
  0.22000000E+02  0.69265149E-22  0.90291781E-38
  0.22100000E+02  0.68674529E-22  0.95130662E-38
  0.22200000E+02  0.68091260E-22  0.88330776E-38
  0.22300000E+02  0.67515224E-22  0.87715457E-38
  0.22400000E+02  0.66946305E-22  0.85327560E-38
  0.22500000E+02  0.66384389E-22  0.81392145E-38
  0.22600000E+02  0.65829364E-22  0.90707786E-38
  0.22700000E+02  0.65281121E-22  0.79434484E-38
  0.22800000E+02  0.64739553E-22  0.83554883E-38
  0.22900000E+02  0.64204554E-22  0.87058608E-38
  0.23000000E+02  0.63676020E-22  0.80747219E-38
  0.23100000E+02  0.63153852E-22  0.79336817E-38
  0.23200000E+02  0.62637948E-22  0.90678783E-38
  0.23300000E+02  0.62128213E-22  0.76416062E-38
  0.23400000E+02  0.61624549E-22  0.80626533E-38
  0.23500000E+02  0.61126863E-22  0.82018866E-38
  0.23600000E+02  0.60635064E-22  0.80168733E-38
  0.23700000E+02  0.60149060E-22  0.78217353E-38
  0.23800000E+02  0.59668762E-22  0.80388854E-38
  0.23900000E+02  0.59194085E-22  0.78665965E-38
  0.24000000E+02  0.58724942E-22  0.76959531E-38
  0.24100000E+02  0.58261249E-22  0.76217281E-38
  0.24200000E+02  0.57802925E-22  0.69843988E-38
  0.24300000E+02  0.57349888E-22  0.71386878E-38
  0.24400000E+02  0.56902058E-22  0.73298157E-38
  0.24500000E+02  0.56459359E-22  0.75161113E-38
  0.24600000E+02  0.56021714E-22  0.77390999E-38
  0.24700000E+02  0.55589047E-22  0.71300547E-38
  0.24800000E+02  0.55161285E-22  0.67835792E-38
  0.24900000E+02  0.54738355E-22  0.67125581E-38
  0.25000000E+02  0.54320186E-22  0.69367050E-38
  0.25100000E+02  0.53906709E-22  0.70165819E-38
  0.25200000E+02  0.53497855E-22  0.66269778E-38
  0.25300000E+02  0.53093557E-22  0.63959614E-38
  0.25400000E+02  0.52693747E-22  0.69007492E-38
  0.25500000E+02  0.52298363E-22  0.71675460E-38
  0.25600000E+02  0.51907338E-22  0.66654842E-38
  0.25700000E+02  0.51520612E-22  0.70403247E-38
  0.25800000E+02  0.51138122E-22  0.63076992E-38
  0.25900000E+02  0.50759807E-22  0.65279785E-38
  0.26000000E+02  0.50385609E-22  0.69206264E-38
  0.26100000E+02  0.50015468E-22  0.59275594E-38
  0.26200000E+02  0.49649328E-22  0.59850954E-38
  0.26300000E+02  0.49287132E-22  0.64482892E-38
  0.26400000E+02  0.48928824E-22  0.62668521E-38
  0.26500000E+02  0.48574350E-22  0.63741501E-38
  0.26600000E+02  0.48223656E-22  0.56660570E-38
  0.26700000E+02  0.47876690E-22  0.62048194E-38
  0.26800000E+02  0.47533399E-22  0.61953055E-38
  0.26900000E+02  0.47193734E-22  0.58801981E-38
  0.27000000E+02  0.46857644E-22  0.55791071E-38
  0.27100000E+02  0.46525079E-22  0.56909585E-38
  0.27200000E+02  0.46195992E-22  0.60325771E-38
  0.27300000E+02  0.45870334E-22  0.58280393E-38
  0.27400000E+02  0.45548060E-22  0.57173593E-38
  0.27500000E+02  0.45229122E-22  0.61225287E-38
  0.27600000E+02  0.44913477E-22  0.56420402E-38
  0.27700000E+02  0.44601079E-22  0.56495070E-38
  0.27800000E+02  0.44291885E-22  0.58673363E-38
  0.27900000E+02  0.43985852E-22  0.55191543E-38
  0.28000000E+02  0.43682937E-22  0.57508893E-38
  0.28100000E+02  0.43383099E-22  0.54105679E-38
  0.28200000E+02  0.43086296E-22  0.52403811E-38
  0.28300000E+02  0.42792490E-22  0.59593839E-38
  0.28400000E+02  0.42501639E-22  0.51641971E-38
  0.28500000E+02  0.42213706E-22  0.49420490E-38
  0.28600000E+02  0.41928652E-22  0.52302066E-38
  0.28700000E+02  0.41646438E-22  0.53471179E-38
  0.28800000E+02  0.41367028E-22  0.49668268E-38
  0.28900000E+02  0.41090386E-22  0.49330492E-38
  0.29000000E+02  0.40816476E-22  0.52443939E-38
  0.29100000E+02  0.40545261E-22  0.52428585E-38
  0.29200000E+02  0.40276708E-22  0.50715012E-38
  0.29300000E+02  0.40010783E-22  0.47402041E-38
  0.29400000E+02  0.39747450E-22  0.52316262E-38
  0.29500000E+02  0.39486678E-22  0.57341453E-38
  0.29600000E+02  0.39228434E-22  0.48091341E-38
  0.29700000E+02  0.38972685E-22  0.49485273E-38
  0.29800000E+02  0.38719399E-22  0.51045332E-38
  0.29900000E+02  0.38468547E-22  0.53426189E-38
  0.30000000E+02  0.38220096E-22  0.48330071E-38
  0.30100000E+02  0.37974018E-22  0.48172360E-38
  0.30200000E+02  0.37730281E-22  0.50601364E-38
  0.30300000E+02  0.37488858E-22  0.46804712E-38
  0.30400000E+02  0.37249718E-22  0.52077529E-38
  0.30500000E+02  0.37012834E-22  0.46268409E-38
  0.30600000E+02  0.36778178E-22  0.46626330E-38
  0.30700000E+02  0.36545722E-22  0.45515323E-38
  0.30800000E+02  0.36315439E-22  0.45243420E-38
  0.30900000E+02  0.36087303E-22  0.43421529E-38
  0.31000000E+02  0.35861287E-22  0.48173532E-38
  0.31100000E+02  0.35637365E-22  0.45190494E-38
  0.31200000E+02  0.35415512E-22  0.45004387E-38
  0.31300000E+02  0.35195703E-22  0.44322464E-38
  0.31400000E+02  0.34977912E-22  0.47457658E-38
  0.31500000E+02  0.34762117E-22  0.43905342E-38
  0.31600000E+02  0.34548291E-22  0.43033443E-38
  0.31700000E+02  0.34336413E-22  0.44144825E-38
  0.31800000E+02  0.34126458E-22  0.42125872E-38
  0.31900000E+02  0.33918404E-22  0.41595069E-38
  0.32000000E+02  0.33712228E-22  0.43159480E-38
  0.32100000E+02  0.33507907E-22  0.46974720E-38
  0.32200000E+02  0.33305421E-22  0.37730420E-38
  0.32300000E+02  0.33104746E-22  0.40497760E-38
  0.32400000E+02  0.32905863E-22  0.40027231E-38
  0.32500000E+02  0.32708749E-22  0.41475564E-38
  0.32600000E+02  0.32513384E-22  0.39209080E-38
  0.32700000E+02  0.32319747E-22  0.38586585E-38
  0.32800000E+02  0.32127819E-22  0.37830059E-38
  0.32900000E+02  0.31937580E-22  0.42683412E-38
  0.33000000E+02  0.31749010E-22  0.39521639E-38
  0.33100000E+02  0.31562090E-22  0.39045185E-38
  0.33200000E+02  0.31376801E-22  0.40105031E-38
  0.33300000E+02  0.31193123E-22  0.39510253E-38
  0.33400000E+02  0.31011040E-22  0.41114186E-38
  0.33500000E+02  0.30830532E-22  0.37767184E-38
  0.33600000E+02  0.30651581E-22  0.37835039E-38
  0.33700000E+02  0.30474170E-22  0.35681105E-38
  0.33800000E+02  0.30298282E-22  0.40114528E-38
  0.33900000E+02  0.30123898E-22  0.36680482E-38
  0.34000000E+02  0.29951003E-22  0.37393343E-38
  0.34100000E+02  0.29779579E-22  0.34303050E-38
  0.34200000E+02  0.29609611E-22  0.37708507E-38
  0.34300000E+02  0.29441081E-22  0.34864462E-38
  0.34400000E+02  0.29273973E-22  0.35112083E-38
  0.34500000E+02  0.29108273E-22  0.34254693E-38
  0.34600000E+02  0.28943963E-22  0.37418796E-38
  0.34700000E+02  0.28781030E-22  0.35948646E-38
  0.34800000E+02  0.28619457E-22  0.32499697E-38
  0.34900000E+02  0.28459230E-22  0.34757358E-38
  0.35000000E+02  0.28300334E-22  0.34440813E-38
  0.35100000E+02  0.28142754E-22  0.34334294E-38
  0.35200000E+02  0.27986476E-22  0.34942080E-38
  0.35300000E+02  0.27831486E-22  0.35335193E-38
  0.35400000E+02  0.27677770E-22  0.31704594E-38
  0.35500000E+02  0.27525313E-22  0.32437578E-38
  0.35600000E+02  0.27374103E-22  0.31208475E-38
  0.35700000E+02  0.27224126E-22  0.32150645E-38
  0.35800000E+02  0.27075369E-22  0.32992663E-38
  0.35900000E+02  0.26927818E-22  0.30044865E-38
  0.36000000E+02  0.26781461E-22  0.30214814E-38
  0.36100000E+02  0.26636285E-22  0.29447053E-38
  0.36200000E+02  0.26492278E-22  0.30813721E-38
  0.36300000E+02  0.26349426E-22  0.33618268E-38
  0.36400000E+02  0.26207718E-22  0.30678772E-38
  0.36500000E+02  0.26067142E-22  0.31431678E-38
  0.36600000E+02  0.25927685E-22  0.31003434E-38
  0.36700000E+02  0.25789337E-22  0.31917634E-38
  0.36800000E+02  0.25652085E-22  0.28845814E-38
  0.36900000E+02  0.25515918E-22  0.31647016E-38
  0.37000000E+02  0.25380824E-22  0.31395395E-38
  0.37100000E+02  0.25246793E-22  0.29766342E-38
  0.37200000E+02  0.25113813E-22  0.30435749E-38
  0.37300000E+02  0.24981874E-22  0.31963324E-38
  0.37400000E+02  0.24850964E-22  0.33754781E-38
  0.37500000E+02  0.24721074E-22  0.30811451E-38
  0.37600000E+02  0.24592192E-22  0.29281271E-38
  0.37700000E+02  0.24464309E-22  0.31642823E-38
  0.37800000E+02  0.24337414E-22  0.30257072E-38
  0.37900000E+02  0.24211496E-22  0.26556693E-38
  0.38000000E+02  0.24086547E-22  0.29472668E-38
  0.38100000E+02  0.23962557E-22  0.28296907E-38
  0.38200000E+02  0.23839514E-22  0.29947611E-38
  0.38300000E+02  0.23717411E-22  0.29260293E-38
  0.38400000E+02  0.23596237E-22  0.30750787E-38
  0.38500000E+02  0.23475984E-22  0.28794914E-38
  0.38600000E+02  0.23356641E-22  0.31081946E-38
  0.38700000E+02  0.23238201E-22  0.24870234E-38
  0.38800000E+02  0.23120653E-22  0.28368239E-38
  0.38900000E+02  0.23003989E-22  0.26838248E-38
  0.39000000E+02  0.22888200E-22  0.27551629E-38
  0.39100000E+02  0.22773278E-22  0.26471177E-38
  0.39200000E+02  0.22659213E-22  0.27052291E-38
  0.39300000E+02  0.22545999E-22  0.25741858E-38
  0.39400000E+02  0.22433625E-22  0.28642906E-38
  0.39500000E+02  0.22322084E-22  0.25606948E-38
  0.39600000E+02  0.22211368E-22  0.25720125E-38
  0.39700000E+02  0.22101468E-22  0.26670880E-38
  0.39800000E+02  0.21992377E-22  0.26752774E-38
  0.39900000E+02  0.21884087E-22  0.23923986E-38
  0.40000000E+02  0.21776590E-22  0.26438223E-38
