  0.00000000E+00  0.25712934E-19  0.81686006E-36
  0.10000000E+00  0.39650815E-19 -0.49224989E-36
  0.20000000E+00  0.28371271E-19 -0.21637334E-36
  0.30000000E+00  0.17288606E-19  0.66962447E-37
  0.40000000E+00  0.90637717E-20  0.23344467E-36
  0.50000000E+00  0.32550371E-20  0.33633250E-36
  0.60000000E+00 -0.82275655E-21  0.36796611E-36
  0.70000000E+00 -0.37070794E-20  0.39607248E-36
  0.80000000E+00 -0.57707410E-20  0.38542967E-36
  0.90000000E+00 -0.72637972E-20  0.38635998E-36
  0.10000000E+01 -0.83533987E-20  0.35621428E-36
  0.11000000E+01 -0.91523112E-20  0.35135534E-36
  0.12000000E+01 -0.97377439E-20  0.29460959E-36
  0.13000000E+01 -0.10163480E-19  0.29884455E-36
  0.14000000E+01 -0.10467670E-19  0.28334236E-36
  0.15000000E+01 -0.10677880E-19  0.27800160E-36
  0.16000000E+01 -0.10814390E-19  0.26065780E-36
  0.17000000E+01 -0.10892388E-19  0.24250088E-36
  0.18000000E+01 -0.10923445E-19  0.23130463E-36
  0.19000000E+01 -0.10916521E-19  0.22881263E-36
  0.20000000E+01 -0.10878656E-19  0.23689458E-36
  0.21000000E+01 -0.10815467E-19  0.21718501E-36
  0.22000000E+01 -0.10731488E-19  0.20378507E-36
  0.23000000E+01 -0.10630425E-19  0.19492630E-36
  0.24000000E+01 -0.10515334E-19  0.20371931E-36
  0.25000000E+01 -0.10388764E-19  0.20940574E-36
  0.26000000E+01 -0.10252850E-19  0.16109095E-36
  0.27000000E+01 -0.10109397E-19  0.17746302E-36
  0.28000000E+01 -0.99599379E-20  0.18718879E-36
  0.29000000E+01 -0.98057800E-20  0.18196126E-36
  0.30000000E+01 -0.96480412E-20  0.16504698E-36
  0.31000000E+01 -0.94876813E-20  0.18360612E-36
  0.32000000E+01 -0.93255250E-20  0.15860996E-36
  0.33000000E+01 -0.91622817E-20  0.15883526E-36
  0.34000000E+01 -0.89985622E-20  0.16968690E-36
  0.35000000E+01 -0.88348920E-20  0.15399212E-36
  0.36000000E+01 -0.86717227E-20  0.16190461E-36
  0.37000000E+01 -0.85094420E-20  0.15882198E-36
  0.38000000E+01 -0.83483814E-20  0.15774053E-36
  0.39000000E+01 -0.81888241E-20  0.13933604E-36
  0.40000000E+01 -0.80310104E-20  0.14226878E-36
  0.41000000E+01 -0.78751431E-20  0.15034638E-36
  0.42000000E+01 -0.77213927E-20  0.14078234E-36
  0.43000000E+01 -0.75699006E-20  0.13476722E-36
  0.44000000E+01 -0.74207832E-20  0.14015138E-36
  0.45000000E+01 -0.72741345E-20  0.13013269E-36
  0.46000000E+01 -0.71300293E-20  0.12542017E-36
  0.47000000E+01 -0.69885252E-20  0.13901643E-36
  0.48000000E+01 -0.68496649E-20  0.13209563E-36
  0.49000000E+01 -0.67134779E-20  0.12878820E-36
  0.50000000E+01 -0.65799821E-20  0.12187669E-36
  0.51000000E+01 -0.64491857E-20  0.12302419E-36
  0.52000000E+01 -0.63210878E-20  0.12564341E-36
  0.53000000E+01 -0.61956801E-20  0.12659887E-36
  0.54000000E+01 -0.60729476E-20  0.11405513E-36
  0.55000000E+01 -0.59528697E-20  0.11475003E-36
  0.56000000E+01 -0.58354206E-20  0.11728920E-36
  0.57000000E+01 -0.57205705E-20  0.11902473E-36
  0.58000000E+01 -0.56082862E-20  0.12468867E-36
  0.59000000E+01 -0.54985310E-20  0.11522314E-36
  0.60000000E+01 -0.53912660E-20  0.10185470E-36
  0.61000000E+01 -0.52864502E-20  0.10994861E-36
  0.62000000E+01 -0.51840407E-20  0.11145664E-36
  0.63000000E+01 -0.50839933E-20  0.11041064E-36
  0.64000000E+01 -0.49862629E-20  0.10452819E-36
  0.65000000E+01 -0.48908033E-20  0.11156711E-36
  0.66000000E+01 -0.47975680E-20  0.11345021E-36
  0.67000000E+01 -0.47065100E-20  0.97768886E-37
  0.68000000E+01 -0.46175821E-20  0.95238366E-37
  0.69000000E+01 -0.45307372E-20  0.97537864E-37
  0.70000000E+01 -0.44459282E-20  0.88170972E-37
  0.71000000E+01 -0.43631085E-20  0.97768034E-37
  0.72000000E+01 -0.42822315E-20  0.95417540E-37
  0.73000000E+01 -0.42032513E-20  0.96523817E-37
  0.74000000E+01 -0.41261224E-20  0.91551872E-37
  0.75000000E+01 -0.40507999E-20  0.92046435E-37
  0.76000000E+01 -0.39772397E-20  0.88187401E-37
  0.77000000E+01 -0.39053982E-20  0.88112657E-37
  0.78000000E+01 -0.38352327E-20  0.90497205E-37
  0.79000000E+01 -0.37667011E-20  0.84945130E-37
  0.80000000E+01 -0.36997623E-20  0.74733100E-37
  0.81000000E+01 -0.36343758E-20  0.85239840E-37
  0.82000000E+01 -0.35705021E-20  0.80277656E-37
  0.83000000E+01 -0.35081025E-20  0.76294614E-37
  0.84000000E+01 -0.34471392E-20  0.76208836E-37
  0.85000000E+01 -0.33875750E-20  0.79869799E-37
  0.86000000E+01 -0.33293740E-20  0.75862204E-37
  0.87000000E+01 -0.32725007E-20  0.74512525E-37
  0.88000000E+01 -0.32169208E-20  0.69605046E-37
  0.89000000E+01 -0.31626007E-20  0.73819652E-37
  0.90000000E+01 -0.31095075E-20  0.79556531E-37
  0.91000000E+01 -0.30576095E-20  0.74911229E-37
  0.92000000E+01 -0.30068754E-20  0.69290711E-37
  0.93000000E+01 -0.29572750E-20  0.67393011E-37
  0.94000000E+01 -0.29087788E-20  0.65659047E-37
  0.95000000E+01 -0.28613580E-20  0.66867022E-37
  0.96000000E+01 -0.28149846E-20  0.61380984E-37
  0.97000000E+01 -0.27696314E-20  0.63369083E-37
  0.98000000E+01 -0.27252720E-20  0.65888415E-37
  0.99000000E+01 -0.26818806E-20  0.65725710E-37
  0.10000000E+02 -0.26394320E-20  0.62155272E-37
  0.10100000E+02 -0.25979019E-20  0.62210122E-37
  0.10200000E+02 -0.25572667E-20  0.64426237E-37
  0.10300000E+02 -0.25175032E-20  0.58894567E-37
  0.10400000E+02 -0.24785890E-20  0.57823241E-37
  0.10500000E+02 -0.24405023E-20  0.53823532E-37
  0.10600000E+02 -0.24032220E-20  0.54255962E-37
  0.10700000E+02 -0.23667274E-20  0.59225231E-37
  0.10800000E+02 -0.23309985E-20  0.59041033E-37
  0.10900000E+02 -0.22960158E-20  0.58887809E-37
  0.11000000E+02 -0.22617605E-20  0.56767873E-37
  0.11100000E+02 -0.22282140E-20  0.51335722E-37
  0.11200000E+02 -0.21953587E-20  0.57018753E-37
  0.11300000E+02 -0.21631770E-20  0.52797759E-37
  0.11400000E+02 -0.21316522E-20  0.52421216E-37
  0.11500000E+02 -0.21007677E-20  0.49280471E-37
  0.11600000E+02 -0.20705076E-20  0.52720797E-37
  0.11700000E+02 -0.20408565E-20  0.50263190E-37
  0.11800000E+02 -0.20117992E-20  0.52693908E-37
  0.11900000E+02 -0.19833212E-20  0.47650866E-37
  0.12000000E+02 -0.19554081E-20  0.51339584E-37
  0.12100000E+02 -0.19280461E-20  0.46503175E-37
  0.12200000E+02 -0.19012218E-20  0.47159718E-37
  0.12300000E+02 -0.18749220E-20  0.48571898E-37
  0.12400000E+02 -0.18491342E-20  0.45275069E-37
  0.12500000E+02 -0.18238458E-20  0.43557980E-37
  0.12600000E+02 -0.17990449E-20  0.45041322E-37
  0.12700000E+02 -0.17747198E-20  0.44124188E-37
  0.12800000E+02 -0.17508591E-20  0.41646785E-37
  0.12900000E+02 -0.17274518E-20  0.43756000E-37
  0.13000000E+02 -0.17044870E-20  0.40867541E-37
  0.13100000E+02 -0.16819544E-20  0.40819068E-37
  0.13200000E+02 -0.16598438E-20  0.40859261E-37
  0.13300000E+02 -0.16381453E-20  0.40352754E-37
  0.13400000E+02 -0.16168493E-20  0.38685036E-37
  0.13500000E+02 -0.15959463E-20  0.39497857E-37
  0.13600000E+02 -0.15754273E-20  0.38501979E-37
  0.13700000E+02 -0.15552835E-20  0.39980845E-37
  0.13800000E+02 -0.15355061E-20  0.37412731E-37
  0.13900000E+02 -0.15160868E-20  0.38575644E-37
  0.14000000E+02 -0.14970175E-20  0.37297694E-37
  0.14100000E+02 -0.14782902E-20  0.38490188E-37
  0.14200000E+02 -0.14598971E-20  0.35557851E-37
  0.14300000E+02 -0.14418308E-20  0.38020712E-37
  0.14400000E+02 -0.14240838E-20  0.37039781E-37
  0.14500000E+02 -0.14066491E-20  0.36541736E-37
  0.14600000E+02 -0.13895196E-20  0.35990655E-37
  0.14700000E+02 -0.13726887E-20  0.37994040E-37
  0.14800000E+02 -0.13561497E-20  0.35733264E-37
  0.14900000E+02 -0.13398962E-20  0.32215942E-37
  0.15000000E+02 -0.13239220E-20  0.33846139E-37
  0.15100000E+02 -0.13082209E-20  0.33622049E-37
  0.15200000E+02 -0.12927870E-20  0.33933754E-37
  0.15300000E+02 -0.12776146E-20  0.31621398E-37
  0.15400000E+02 -0.12626980E-20  0.33850316E-37
  0.15500000E+02 -0.12480318E-20  0.29945622E-37
  0.15600000E+02 -0.12336104E-20  0.31243463E-37
  0.15700000E+02 -0.12194289E-20  0.29788054E-37
  0.15800000E+02 -0.12054820E-20  0.30993426E-37
  0.15900000E+02 -0.11917648E-20  0.30989785E-37
  0.16000000E+02 -0.11782726E-20  0.31568275E-37
  0.16100000E+02 -0.11650005E-20  0.31061632E-37
  0.16200000E+02 -0.11519439E-20  0.30332800E-37
  0.16300000E+02 -0.11390985E-20  0.30700326E-37
  0.16400000E+02 -0.11264599E-20  0.30145606E-37
  0.16500000E+02 -0.11140237E-20  0.29367911E-37
  0.16600000E+02 -0.11017859E-20  0.28541788E-37
  0.16700000E+02 -0.10897423E-20  0.25382725E-37
  0.16800000E+02 -0.10778891E-20  0.26914411E-37
  0.16900000E+02 -0.10662223E-20  0.26042647E-37
  0.17000000E+02 -0.10547383E-20  0.26152669E-37
  0.17100000E+02 -0.10434333E-20  0.26110624E-37
  0.17200000E+02 -0.10323037E-20  0.25211209E-37
  0.17300000E+02 -0.10213461E-20  0.27673541E-37
  0.17400000E+02 -0.10105571E-20  0.26205710E-37
  0.17500000E+02 -0.99993321E-21  0.24232500E-37
  0.17600000E+02 -0.98947132E-21  0.24943052E-37
  0.17700000E+02 -0.97916821E-21  0.25039373E-37
  0.17800000E+02 -0.96902078E-21  0.23343744E-37
  0.17900000E+02 -0.95902601E-21  0.24237606E-37
  0.18000000E+02 -0.94918092E-21  0.25343496E-37
  0.18100000E+02 -0.93948264E-21  0.25383087E-37
  0.18200000E+02 -0.92992834E-21  0.23865287E-37
  0.18300000E+02 -0.92051527E-21  0.25221317E-37
  0.18400000E+02 -0.91124074E-21  0.23568640E-37
  0.18500000E+02 -0.90210210E-21  0.23915983E-37
  0.18600000E+02 -0.89309681E-21  0.21747305E-37
  0.18700000E+02 -0.88422233E-21  0.22170543E-37
  0.18800000E+02 -0.87547622E-21  0.22601585E-37
  0.18900000E+02 -0.86685608E-21  0.21286954E-37
  0.19000000E+02 -0.85835957E-21  0.22636551E-37
  0.19100000E+02 -0.84998438E-21  0.23077817E-37
  0.19200000E+02 -0.84172829E-21  0.22666141E-37
  0.19300000E+02 -0.83358910E-21  0.22335022E-37
  0.19400000E+02 -0.82556467E-21  0.23229455E-37
  0.19500000E+02 -0.81765290E-21  0.20884164E-37
  0.19600000E+02 -0.80985175E-21  0.21476837E-37
  0.19700000E+02 -0.80215921E-21  0.21557040E-37
  0.19800000E+02 -0.79457333E-21  0.19440002E-37
  0.19900000E+02 -0.78709218E-21  0.20564937E-37
  0.20000000E+02 -0.77971390E-21  0.18391592E-37
  0.20100000E+02 -0.77243665E-21  0.20795484E-37
  0.20200000E+02 -0.76525864E-21  0.19628504E-37
  0.20300000E+02 -0.75817811E-21  0.17923170E-37
  0.20400000E+02 -0.75119334E-21  0.21602463E-37
  0.20500000E+02 -0.74430265E-21  0.19487760E-37
  0.20600000E+02 -0.73750440E-21  0.19469983E-37
  0.20700000E+02 -0.73079698E-21  0.18118607E-37
  0.20800000E+02 -0.72417881E-21  0.20311323E-37
  0.20900000E+02 -0.71764835E-21  0.17891655E-37
  0.21000000E+02 -0.71120408E-21  0.17725257E-37
  0.21100000E+02 -0.70484454E-21  0.17693523E-37
  0.21200000E+02 -0.69856826E-21  0.16771158E-37
  0.21300000E+02 -0.69237384E-21  0.18530988E-37
  0.21400000E+02 -0.68625988E-21  0.17487644E-37
  0.21500000E+02 -0.68022503E-21  0.17763766E-37
  0.21600000E+02 -0.67426795E-21  0.16425315E-37
  0.21700000E+02 -0.66838734E-21  0.18409985E-37
  0.21800000E+02 -0.66258193E-21  0.17631830E-37
  0.21900000E+02 -0.65685045E-21  0.17899118E-37
  0.22000000E+02 -0.65119168E-21  0.16752195E-37
  0.22100000E+02 -0.64560443E-21  0.17545971E-37
  0.22200000E+02 -0.64008751E-21  0.17171373E-37
  0.22300000E+02 -0.63463977E-21  0.15929855E-37
  0.22400000E+02 -0.62926009E-21  0.16471247E-37
  0.22500000E+02 -0.62394734E-21  0.17225634E-37
  0.22600000E+02 -0.61870045E-21  0.17381118E-37
  0.22700000E+02 -0.61351835E-21  0.17374321E-37
  0.22800000E+02 -0.60840000E-21  0.15950546E-37
  0.22900000E+02 -0.60334437E-21  0.16433714E-37
  0.23000000E+02 -0.59835047E-21  0.15137680E-37
  0.23100000E+02 -0.59341730E-21  0.16517882E-37
  0.23200000E+02 -0.58854391E-21  0.14917060E-37
  0.23300000E+02 -0.58372935E-21  0.15021140E-37
  0.23400000E+02 -0.57897268E-21  0.16436185E-37
  0.23500000E+02 -0.57427302E-21  0.15220790E-37
  0.23600000E+02 -0.56962945E-21  0.15178423E-37
  0.23700000E+02 -0.56504110E-21  0.15303386E-37
  0.23800000E+02 -0.56050713E-21  0.14866401E-37
  0.23900000E+02 -0.55602668E-21  0.15220859E-37
  0.24000000E+02 -0.55159893E-21  0.14322759E-37
  0.24100000E+02 -0.54722307E-21  0.14705949E-37
  0.24200000E+02 -0.54289831E-21  0.15254877E-37
  0.24300000E+02 -0.53862386E-21  0.15085130E-37
  0.24400000E+02 -0.53439896E-21  0.15021911E-37
  0.24500000E+02 -0.53022285E-21  0.13981877E-37
  0.24600000E+02 -0.52609481E-21  0.14047302E-37
  0.24700000E+02 -0.52201411E-21  0.13794480E-37
  0.24800000E+02 -0.51798003E-21  0.13667045E-37
  0.24900000E+02 -0.51399188E-21  0.13935234E-37
  0.25000000E+02 -0.51004897E-21  0.13911835E-37
  0.25100000E+02 -0.50615064E-21  0.13593316E-37
  0.25200000E+02 -0.50229623E-21  0.11959657E-37
  0.25300000E+02 -0.49848508E-21  0.12540476E-37
  0.25400000E+02 -0.49471655E-21  0.13394643E-37
  0.25500000E+02 -0.49099004E-21  0.13179141E-37
  0.25600000E+02 -0.48730491E-21  0.13793370E-37
  0.25700000E+02 -0.48366058E-21  0.12729116E-37
  0.25800000E+02 -0.48005644E-21  0.13350365E-37
  0.25900000E+02 -0.47649192E-21  0.12823167E-37
  0.26000000E+02 -0.47296645E-21  0.12542534E-37
  0.26100000E+02 -0.46947946E-21  0.12409286E-37
  0.26200000E+02 -0.46603041E-21  0.12306927E-37
  0.26300000E+02 -0.46261875E-21  0.12058366E-37
  0.26400000E+02 -0.45924396E-21  0.12475240E-37
  0.26500000E+02 -0.45590550E-21  0.11941831E-37
  0.26600000E+02 -0.45260288E-21  0.11915636E-37
  0.26700000E+02 -0.44933557E-21  0.11653990E-37
  0.26800000E+02 -0.44610309E-21  0.10936338E-37
  0.26900000E+02 -0.44290495E-21  0.11371868E-37
  0.27000000E+02 -0.43974067E-21  0.11702198E-37
  0.27100000E+02 -0.43660979E-21  0.11930357E-37
  0.27200000E+02 -0.43351183E-21  0.11670299E-37
  0.27300000E+02 -0.43044634E-21  0.11040243E-37
  0.27400000E+02 -0.42741289E-21  0.10678629E-37
  0.27500000E+02 -0.42441102E-21  0.10125111E-37
  0.27600000E+02 -0.42144030E-21  0.12097507E-37
  0.27700000E+02 -0.41850032E-21  0.11663478E-37
  0.27800000E+02 -0.41559065E-21  0.10824137E-37
  0.27900000E+02 -0.41271089E-21  0.10851542E-37
  0.28000000E+02 -0.40986062E-21  0.11159205E-37
  0.28100000E+02 -0.40703946E-21  0.11213027E-37
  0.28200000E+02 -0.40424701E-21  0.10934679E-37
  0.28300000E+02 -0.40148289E-21  0.11063030E-37
  0.28400000E+02 -0.39874672E-21  0.10829254E-37
  0.28500000E+02 -0.39603813E-21  0.11120838E-37
  0.28600000E+02 -0.39335675E-21  0.11184584E-37
  0.28700000E+02 -0.39070223E-21  0.10393758E-37
  0.28800000E+02 -0.38807421E-21  0.11319455E-37
  0.28900000E+02 -0.38547234E-21  0.10484155E-37
  0.29000000E+02 -0.38289628E-21  0.10179287E-37
  0.29100000E+02 -0.38034570E-21  0.10123671E-37
  0.29200000E+02 -0.37782026E-21  0.97105253E-38
  0.29300000E+02 -0.37531964E-21  0.92631210E-38
  0.29400000E+02 -0.37284352E-21  0.10083198E-37
  0.29500000E+02 -0.37039157E-21  0.99122021E-38
  0.29600000E+02 -0.36796350E-21  0.99089985E-38
  0.29700000E+02 -0.36555899E-21  0.95924260E-38
  0.29800000E+02 -0.36317775E-21  0.92535296E-38
  0.29900000E+02 -0.36081947E-21  0.97800966E-38
  0.30000000E+02 -0.35848387E-21  0.94405284E-38
  0.30100000E+02 -0.35617066E-21  0.10876592E-37
  0.30200000E+02 -0.35387955E-21  0.97100375E-38
  0.30300000E+02 -0.35161028E-21  0.91823190E-38
  0.30400000E+02 -0.34936256E-21  0.93726051E-38
  0.30500000E+02 -0.34713612E-21  0.94717327E-38
  0.30600000E+02 -0.34493071E-21  0.97832568E-38
  0.30700000E+02 -0.34274605E-21  0.10276084E-37
  0.30800000E+02 -0.34058189E-21  0.90110743E-38
  0.30900000E+02 -0.33843799E-21  0.94861612E-38
  0.31000000E+02 -0.33631408E-21  0.87932218E-38
  0.31100000E+02 -0.33420993E-21  0.89337870E-38
  0.31200000E+02 -0.33212528E-21  0.90344817E-38
  0.31300000E+02 -0.33005991E-21  0.91078748E-38
  0.31400000E+02 -0.32801358E-21  0.87491256E-38
  0.31500000E+02 -0.32598606E-21  0.83721559E-38
  0.31600000E+02 -0.32397711E-21  0.85969166E-38
  0.31700000E+02 -0.32198652E-21  0.88697977E-38
  0.31800000E+02 -0.32001407E-21  0.85956689E-38
  0.31900000E+02 -0.31805953E-21  0.87500029E-38
  0.32000000E+02 -0.31612269E-21  0.85010446E-38
  0.32100000E+02 -0.31420334E-21  0.81206992E-38
  0.32200000E+02 -0.31230128E-21  0.86003459E-38
  0.32300000E+02 -0.31041629E-21  0.89055628E-38
  0.32400000E+02 -0.30854818E-21  0.84057993E-38
  0.32500000E+02 -0.30669674E-21  0.79084633E-38
  0.32600000E+02 -0.30486179E-21  0.84800789E-38
  0.32700000E+02 -0.30304312E-21  0.84600820E-38
  0.32800000E+02 -0.30124055E-21  0.80716499E-38
  0.32900000E+02 -0.29945388E-21  0.84394276E-38
  0.33000000E+02 -0.29768294E-21  0.75844338E-38
  0.33100000E+02 -0.29592754E-21  0.85008218E-38
  0.33200000E+02 -0.29418750E-21  0.81599618E-38
  0.33300000E+02 -0.29246264E-21  0.85559291E-38
  0.33400000E+02 -0.29075280E-21  0.74501241E-38
  0.33500000E+02 -0.28905779E-21  0.81665088E-38
  0.33600000E+02 -0.28737744E-21  0.75369716E-38
  0.33700000E+02 -0.28571160E-21  0.82183772E-38
  0.33800000E+02 -0.28406008E-21  0.75744514E-38
  0.33900000E+02 -0.28242274E-21  0.75009176E-38
  0.34000000E+02 -0.28079942E-21  0.75997977E-38
  0.34100000E+02 -0.27918994E-21  0.73597103E-38
  0.34200000E+02 -0.27759416E-21  0.78362059E-38
  0.34300000E+02 -0.27601193E-21  0.74986606E-38
  0.34400000E+02 -0.27444308E-21  0.73928378E-38
  0.34500000E+02 -0.27288748E-21  0.72002492E-38
  0.34600000E+02 -0.27134497E-21  0.70875730E-38
  0.34700000E+02 -0.26981541E-21  0.74601913E-38
  0.34800000E+02 -0.26829866E-21  0.74157932E-38
  0.34900000E+02 -0.26679457E-21  0.72597629E-38
  0.35000000E+02 -0.26530300E-21  0.70344915E-38
  0.35100000E+02 -0.26382383E-21  0.69974824E-38
  0.35200000E+02 -0.26235690E-21  0.70328621E-38
  0.35300000E+02 -0.26090209E-21  0.74964136E-38
  0.35400000E+02 -0.25945926E-21  0.67878203E-38
  0.35500000E+02 -0.25802829E-21  0.67093798E-38
  0.35600000E+02 -0.25660904E-21  0.71579917E-38
  0.35700000E+02 -0.25520140E-21  0.68724377E-38
  0.35800000E+02 -0.25380522E-21  0.67732622E-38
  0.35900000E+02 -0.25242040E-21  0.68346812E-38
  0.36000000E+02 -0.25104681E-21  0.73637241E-38
  0.36100000E+02 -0.24968432E-21  0.71022888E-38
  0.36200000E+02 -0.24833282E-21  0.68792321E-38
  0.36300000E+02 -0.24699220E-21  0.71724370E-38
  0.36400000E+02 -0.24566233E-21  0.63286665E-38
  0.36500000E+02 -0.24434311E-21  0.65080032E-38
  0.36600000E+02 -0.24303441E-21  0.65964378E-38
  0.36700000E+02 -0.24173614E-21  0.58900449E-38
  0.36800000E+02 -0.24044817E-21  0.60309340E-38
  0.36900000E+02 -0.23917041E-21  0.63287627E-38
  0.37000000E+02 -0.23790274E-21  0.59860398E-38
  0.37100000E+02 -0.23664506E-21  0.64513312E-38
  0.37200000E+02 -0.23539726E-21  0.64430866E-38
  0.37300000E+02 -0.23415925E-21  0.59976622E-38
  0.37400000E+02 -0.23293092E-21  0.65707157E-38
  0.37500000E+02 -0.23171217E-21  0.61965929E-38
  0.37600000E+02 -0.23050290E-21  0.62444162E-38
  0.37700000E+02 -0.22930302E-21  0.66469602E-38
  0.37800000E+02 -0.22811243E-21  0.59676080E-38
  0.37900000E+02 -0.22693103E-21  0.60972389E-38
  0.38000000E+02 -0.22575873E-21  0.60574444E-38
  0.38100000E+02 -0.22459544E-21  0.63798487E-38
  0.38200000E+02 -0.22344106E-21  0.60432265E-38
  0.38300000E+02 -0.22229551E-21  0.56657310E-38
  0.38400000E+02 -0.22115870E-21  0.59174151E-38
  0.38500000E+02 -0.22003053E-21  0.61974629E-38
  0.38600000E+02 -0.21891093E-21  0.59811839E-38
  0.38700000E+02 -0.21779980E-21  0.60897519E-38
  0.38800000E+02 -0.21669706E-21  0.58251517E-38
  0.38900000E+02 -0.21560262E-21  0.60189437E-38
  0.39000000E+02 -0.21451641E-21  0.61703150E-38
  0.39100000E+02 -0.21343835E-21  0.60175662E-38
  0.39200000E+02 -0.21236834E-21  0.57532641E-38
  0.39300000E+02 -0.21130632E-21  0.57059175E-38
  0.39400000E+02 -0.21025219E-21  0.57157757E-38
  0.39500000E+02 -0.20920590E-21  0.61022868E-38
  0.39600000E+02 -0.20816735E-21  0.55922859E-38
  0.39700000E+02 -0.20713648E-21  0.56148357E-38
  0.39800000E+02 -0.20611320E-21  0.57003581E-38
  0.39900000E+02 -0.20509745E-21  0.58538378E-38
  0.40000000E+02 -0.20408914E-21  0.57919230E-38
