  0.00000000E+00 -0.10073248E-19 -0.18575292E-35
  0.10000000E+00 -0.43279956E-20  0.16893431E-36
  0.20000000E+00 -0.26718159E-20  0.46440441E-37
  0.30000000E+00 -0.20951586E-20 -0.30526656E-37
  0.40000000E+00 -0.17050136E-20 -0.93437123E-37
  0.50000000E+00 -0.13492269E-20 -0.10286304E-36
  0.60000000E+00 -0.10121546E-20 -0.12752383E-36
  0.70000000E+00 -0.69855606E-21 -0.20488264E-36
  0.80000000E+00 -0.41258099E-21 -0.20488032E-36
  0.90000000E+00 -0.15546519E-21 -0.24076864E-36
  0.10000000E+01  0.73592098E-22 -0.24550323E-36
  0.11000000E+01  0.27644940E-21 -0.27870962E-36
  0.12000000E+01  0.45538825E-21 -0.27505154E-36
  0.13000000E+01  0.61276334E-21 -0.28034522E-36
  0.14000000E+01  0.75082908E-21 -0.28526162E-36
  0.15000000E+01  0.87166430E-21 -0.29233006E-36
  0.16000000E+01  0.97714844E-21 -0.30375472E-36
  0.17000000E+01  0.10689630E-20 -0.25187732E-36
  0.18000000E+01  0.11486044E-20 -0.27472542E-36
  0.19000000E+01  0.12174013E-20 -0.26443960E-36
  0.20000000E+01  0.12765325E-20 -0.23132947E-36
  0.21000000E+01  0.13270440E-20 -0.23160175E-36
  0.22000000E+01  0.13698649E-20 -0.22672250E-36
  0.23000000E+01  0.14058211E-20 -0.21913057E-36
  0.24000000E+01  0.14356475E-20 -0.20803449E-36
  0.25000000E+01  0.14599992E-20 -0.20353424E-36
  0.26000000E+01  0.14794604E-20 -0.18986627E-36
  0.27000000E+01  0.14945531E-20 -0.17908064E-36
  0.28000000E+01  0.15057437E-20 -0.18319114E-36
  0.29000000E+01  0.15134499E-20 -0.17602842E-36
  0.30000000E+01  0.15180458E-20 -0.14098648E-36
  0.31000000E+01  0.15198671E-20 -0.14750771E-36
  0.32000000E+01  0.15192149E-20 -0.13359808E-36
  0.33000000E+01  0.15163598E-20 -0.10610154E-36
  0.34000000E+01  0.15115452E-20 -0.13373040E-36
  0.35000000E+01  0.15049901E-20 -0.12160580E-36
  0.36000000E+01  0.14968916E-20 -0.92611010E-37
  0.37000000E+01  0.14874275E-20 -0.86101418E-37
  0.38000000E+01  0.14767578E-20 -0.98019008E-37
  0.39000000E+01  0.14650273E-20 -0.71718843E-37
  0.40000000E+01  0.14523663E-20 -0.56593003E-37
  0.41000000E+01  0.14388926E-20 -0.81253033E-37
  0.42000000E+01  0.14247126E-20 -0.51516548E-37
  0.43000000E+01  0.14099226E-20 -0.61319684E-37
  0.44000000E+01  0.13946092E-20 -0.56790098E-37
  0.45000000E+01  0.13788512E-20 -0.49502227E-37
  0.46000000E+01  0.13627194E-20 -0.43907861E-37
  0.47000000E+01  0.13462780E-20 -0.30451721E-37
  0.48000000E+01  0.13295848E-20 -0.40917249E-37
  0.49000000E+01  0.13126924E-20 -0.41149665E-37
  0.50000000E+01  0.12956479E-20 -0.19326940E-37
  0.51000000E+01  0.12784939E-20 -0.22291014E-37
  0.52000000E+01  0.12612690E-20 -0.20765395E-37
  0.53000000E+01  0.12440078E-20 -0.64935059E-38
  0.54000000E+01  0.12267414E-20 -0.50604144E-38
  0.55000000E+01  0.12094979E-20 -0.16666742E-37
  0.56000000E+01  0.11923026E-20 -0.72927148E-38
  0.57000000E+01  0.11751778E-20 -0.10402257E-38
  0.58000000E+01  0.11581439E-20  0.30083448E-38
  0.59000000E+01  0.11412188E-20  0.80276909E-38
  0.60000000E+01  0.11244186E-20  0.12711942E-37
  0.61000000E+01  0.11077575E-20  0.70047094E-38
  0.62000000E+01  0.10912482E-20 -0.46650412E-40
  0.63000000E+01  0.10749016E-20  0.63424435E-38
  0.64000000E+01  0.10587276E-20  0.92215332E-38
  0.65000000E+01  0.10427346E-20  0.16000379E-37
  0.66000000E+01  0.10269300E-20  0.15870300E-37
  0.67000000E+01  0.10113201E-20  0.26964715E-37
  0.68000000E+01  0.99591020E-21  0.20536209E-37
  0.69000000E+01  0.98070491E-21  0.18612445E-37
  0.70000000E+01  0.96570793E-21  0.15688466E-37
  0.71000000E+01  0.95092228E-21  0.24518758E-37
  0.72000000E+01  0.93635032E-21  0.26676409E-37
  0.73000000E+01  0.92199385E-21  0.20189021E-37
  0.74000000E+01  0.90785412E-21  0.32254012E-37
  0.75000000E+01  0.89393190E-21  0.24931022E-37
  0.76000000E+01  0.88022751E-21  0.26096189E-37
  0.77000000E+01  0.86674090E-21  0.27083246E-37
  0.78000000E+01  0.85347165E-21  0.27311600E-37
  0.79000000E+01  0.84041901E-21  0.29773546E-37
  0.80000000E+01  0.82758194E-21  0.25557454E-37
  0.81000000E+01  0.81495917E-21  0.28049927E-37
  0.82000000E+01  0.80254916E-21  0.26273635E-37
  0.83000000E+01  0.79035019E-21  0.24374018E-37
  0.84000000E+01  0.77836033E-21  0.31599663E-37
  0.85000000E+01  0.76657751E-21  0.30332529E-37
  0.86000000E+01  0.75499950E-21  0.30186106E-37
  0.87000000E+01  0.74362397E-21  0.37022819E-37
  0.88000000E+01  0.73244843E-21  0.29702693E-37
  0.89000000E+01  0.72147035E-21  0.27849881E-37
  0.90000000E+01  0.71068709E-21  0.32460864E-37
  0.91000000E+01  0.70009594E-21  0.34382374E-37
  0.92000000E+01  0.68969413E-21  0.36463063E-37
  0.93000000E+01  0.67947885E-21  0.36501525E-37
  0.94000000E+01  0.66944726E-21  0.34740772E-37
  0.95000000E+01  0.65959647E-21  0.28682666E-37
  0.96000000E+01  0.64992359E-21  0.41395431E-37
  0.97000000E+01  0.64042569E-21  0.35407123E-37
  0.98000000E+01  0.63109986E-21  0.39934249E-37
  0.99000000E+01  0.62194316E-21  0.35394401E-37
  0.10000000E+02  0.61295268E-21  0.29472971E-37
  0.10100000E+02  0.60412549E-21  0.33351914E-37
  0.10200000E+02  0.59545870E-21  0.32757749E-37
  0.10300000E+02  0.58694942E-21  0.36196606E-37
  0.10400000E+02  0.57859477E-21  0.39235179E-37
  0.10500000E+02  0.57039192E-21  0.37113678E-37
  0.10600000E+02  0.56233804E-21  0.34201526E-37
  0.10700000E+02  0.55443034E-21  0.32760325E-37
  0.10800000E+02  0.54666607E-21  0.31714899E-37
  0.10900000E+02  0.53904248E-21  0.33591667E-37
  0.11000000E+02  0.53155688E-21  0.34461187E-37
  0.11100000E+02  0.52420662E-21  0.30512400E-37
  0.11200000E+02  0.51698906E-21  0.32026573E-37
  0.11300000E+02  0.50990162E-21  0.31010814E-37
  0.11400000E+02  0.50294175E-21  0.30953816E-37
  0.11500000E+02  0.49610694E-21  0.36439214E-37
  0.11600000E+02  0.48939472E-21  0.29346364E-37
  0.11700000E+02  0.48280267E-21  0.31882062E-37
  0.11800000E+02  0.47632838E-21  0.30575966E-37
  0.11900000E+02  0.46996951E-21  0.32421737E-37
  0.12000000E+02  0.46372376E-21  0.35223981E-37
  0.12100000E+02  0.45758885E-21  0.35766456E-37
  0.12200000E+02  0.45156256E-21  0.33948618E-37
  0.12300000E+02  0.44564272E-21  0.31319565E-37
  0.12400000E+02  0.43982716E-21  0.33235207E-37
  0.12500000E+02  0.43411380E-21  0.29934521E-37
  0.12600000E+02  0.42850056E-21  0.29256091E-37
  0.12700000E+02  0.42298543E-21  0.33677442E-37
  0.12800000E+02  0.41756641E-21  0.29593437E-37
  0.12900000E+02  0.41224158E-21  0.30036142E-37
  0.13000000E+02  0.40700902E-21  0.31244098E-37
  0.13100000E+02  0.40186686E-21  0.29477624E-37
  0.13200000E+02  0.39681327E-21  0.31688522E-37
  0.13300000E+02  0.39184648E-21  0.33805324E-37
  0.13400000E+02  0.38696471E-21  0.29842016E-37
  0.13500000E+02  0.38216625E-21  0.29302043E-37
  0.13600000E+02  0.37744943E-21  0.28624422E-37
  0.13700000E+02  0.37281259E-21  0.30199175E-37
  0.13800000E+02  0.36825411E-21  0.30014399E-37
  0.13900000E+02  0.36377243E-21  0.28406632E-37
  0.14000000E+02  0.35936600E-21  0.27516760E-37
  0.14100000E+02  0.35503330E-21  0.30644235E-37
  0.14200000E+02  0.35077285E-21  0.26154891E-37
  0.14300000E+02  0.34658322E-21  0.27598661E-37
  0.14400000E+02  0.34246297E-21  0.25778104E-37
  0.14500000E+02  0.33841073E-21  0.27864406E-37
  0.14600000E+02  0.33442513E-21  0.28481290E-37
  0.14700000E+02  0.33050486E-21  0.27665744E-37
  0.14800000E+02  0.32664861E-21  0.28718881E-37
  0.14900000E+02  0.32285510E-21  0.27161787E-37
  0.15000000E+02  0.31912311E-21  0.26852806E-37
  0.15100000E+02  0.31545142E-21  0.26979662E-37
  0.15200000E+02  0.31183883E-21  0.25334193E-37
  0.15300000E+02  0.30828418E-21  0.24934109E-37
  0.15400000E+02  0.30478633E-21  0.26582267E-37
  0.15500000E+02  0.30134418E-21  0.25243504E-37
  0.15600000E+02  0.29795663E-21  0.25419632E-37
  0.15700000E+02  0.29462262E-21  0.25662652E-37
  0.15800000E+02  0.29134111E-21  0.24367267E-37
  0.15900000E+02  0.28811107E-21  0.24631882E-37
  0.16000000E+02  0.28493151E-21  0.25763115E-37
  0.16100000E+02  0.28180147E-21  0.26733341E-37
  0.16200000E+02  0.27871997E-21  0.24864441E-37
  0.16300000E+02  0.27568610E-21  0.24228229E-37
  0.16400000E+02  0.27269893E-21  0.25695320E-37
  0.16500000E+02  0.26975758E-21  0.23507131E-37
  0.16600000E+02  0.26686117E-21  0.25549501E-37
  0.16700000E+02  0.26400884E-21  0.25590966E-37
  0.16800000E+02  0.26119977E-21  0.22441939E-37
  0.16900000E+02  0.25843314E-21  0.24038316E-37
  0.17000000E+02  0.25570814E-21  0.23263551E-37
  0.17100000E+02  0.25302399E-21  0.22080506E-37
  0.17200000E+02  0.25037993E-21  0.20550772E-37
  0.17300000E+02  0.24777520E-21  0.23497291E-37
  0.17400000E+02  0.24520908E-21  0.22634530E-37
  0.17500000E+02  0.24268085E-21  0.22221719E-37
  0.17600000E+02  0.24018981E-21  0.21657071E-37
  0.17700000E+02  0.23773526E-21  0.22055441E-37
  0.17800000E+02  0.23531654E-21  0.23520438E-37
  0.17900000E+02  0.23293298E-21  0.21401407E-37
  0.18000000E+02  0.23058396E-21  0.22197543E-37
  0.18100000E+02  0.22826882E-21  0.21154823E-37
  0.18200000E+02  0.22598697E-21  0.19380980E-37
  0.18300000E+02  0.22373779E-21  0.21861617E-37
  0.18400000E+02  0.22152070E-21  0.19264174E-37
  0.18500000E+02  0.21933511E-21  0.20276430E-37
  0.18600000E+02  0.21718046E-21  0.20750186E-37
  0.18700000E+02  0.21505620E-21  0.19615987E-37
  0.18800000E+02  0.21296178E-21  0.20121050E-37
  0.18900000E+02  0.21089667E-21  0.21803132E-37
  0.19000000E+02  0.20886036E-21  0.21145198E-37
  0.19100000E+02  0.20685233E-21  0.20085854E-37
  0.19200000E+02  0.20487208E-21  0.19528337E-37
  0.19300000E+02  0.20291913E-21  0.19275173E-37
  0.19400000E+02  0.20099299E-21  0.19806912E-37
  0.19500000E+02  0.19909320E-21  0.20095428E-37
  0.19600000E+02  0.19721931E-21  0.18910571E-37
  0.19700000E+02  0.19537086E-21  0.18907528E-37
  0.19800000E+02  0.19354740E-21  0.19031567E-37
  0.19900000E+02  0.19174852E-21  0.18532803E-37
  0.20000000E+02  0.18997379E-21  0.20737797E-37
  0.20100000E+02  0.18822279E-21  0.17422898E-37
  0.20200000E+02  0.18649512E-21  0.17558423E-37
  0.20300000E+02  0.18479038E-21  0.18984802E-37
  0.20400000E+02  0.18310818E-21  0.18902363E-37
  0.20500000E+02  0.18144815E-21  0.16926016E-37
  0.20600000E+02  0.17980991E-21  0.16672712E-37
  0.20700000E+02  0.17819309E-21  0.19304450E-37
  0.20800000E+02  0.17659733E-21  0.17898564E-37
  0.20900000E+02  0.17502228E-21  0.16627146E-37
  0.21000000E+02  0.17346761E-21  0.17852330E-37
  0.21100000E+02  0.17193296E-21  0.17357773E-37
  0.21200000E+02  0.17041801E-21  0.16281422E-37
  0.21300000E+02  0.16892244E-21  0.17512986E-37
  0.21400000E+02  0.16744592E-21  0.16904888E-37
  0.21500000E+02  0.16598815E-21  0.16197135E-37
  0.21600000E+02  0.16454882E-21  0.16329736E-37
  0.21700000E+02  0.16312762E-21  0.16837246E-37
  0.21800000E+02  0.16172428E-21  0.16694630E-37
  0.21900000E+02  0.16033848E-21  0.16572675E-37
  0.22000000E+02  0.15896997E-21  0.16447784E-37
  0.22100000E+02  0.15761845E-21  0.14919073E-37
  0.22200000E+02  0.15628365E-21  0.14754610E-37
  0.22300000E+02  0.15496531E-21  0.17078636E-37
  0.22400000E+02  0.15366317E-21  0.16992997E-37
  0.22500000E+02  0.15237697E-21  0.14712430E-37
  0.22600000E+02  0.15110646E-21  0.16196006E-37
  0.22700000E+02  0.14985140E-21  0.14403823E-37
  0.22800000E+02  0.14861153E-21  0.14798588E-37
  0.22900000E+02  0.14738662E-21  0.15129836E-37
  0.23000000E+02  0.14617644E-21  0.14963908E-37
  0.23100000E+02  0.14498076E-21  0.14369413E-37
  0.23200000E+02  0.14379936E-21  0.15334280E-37
  0.23300000E+02  0.14263201E-21  0.15305308E-37
  0.23400000E+02  0.14147851E-21  0.14255224E-37
  0.23500000E+02  0.14033862E-21  0.14828600E-37
  0.23600000E+02  0.13921216E-21  0.13597235E-37
  0.23700000E+02  0.13809891E-21  0.15577844E-37
  0.23800000E+02  0.13699868E-21  0.12746211E-37
  0.23900000E+02  0.13591126E-21  0.15519373E-37
  0.24000000E+02  0.13483646E-21  0.15263979E-37
  0.24100000E+02  0.13377410E-21  0.14128042E-37
  0.24200000E+02  0.13272398E-21  0.13556478E-37
  0.24300000E+02  0.13168593E-21  0.13685776E-37
  0.24400000E+02  0.13065976E-21  0.14455137E-37
  0.24500000E+02  0.12964530E-21  0.14024637E-37
  0.24600000E+02  0.12864237E-21  0.14117453E-37
  0.24700000E+02  0.12765081E-21  0.13534508E-37
  0.24800000E+02  0.12667044E-21  0.13942186E-37
  0.24900000E+02  0.12570111E-21  0.14081598E-37
  0.25000000E+02  0.12474264E-21  0.12274956E-37
  0.25100000E+02  0.12379489E-21  0.12074750E-37
  0.25200000E+02  0.12285770E-21  0.12474997E-37
  0.25300000E+02  0.12193092E-21  0.12904882E-37
  0.25400000E+02  0.12101438E-21  0.12835898E-37
  0.25500000E+02  0.12010796E-21  0.12500948E-37
  0.25600000E+02  0.11921149E-21  0.12959559E-37
  0.25700000E+02  0.11832485E-21  0.12735442E-37
  0.25800000E+02  0.11744789E-21  0.13226194E-37
  0.25900000E+02  0.11658046E-21  0.12932243E-37
  0.26000000E+02  0.11572245E-21  0.12952522E-37
  0.26100000E+02  0.11487371E-21  0.12654852E-37
  0.26200000E+02  0.11403411E-21  0.12656949E-37
  0.26300000E+02  0.11320353E-21  0.12049393E-37
  0.26400000E+02  0.11238183E-21  0.12909714E-37
  0.26500000E+02  0.11156890E-21  0.11758684E-37
  0.26600000E+02  0.11076462E-21  0.11902301E-37
  0.26700000E+02  0.10996886E-21  0.11514666E-37
  0.26800000E+02  0.10918150E-21  0.11188095E-37
  0.26900000E+02  0.10840244E-21  0.12047389E-37
  0.27000000E+02  0.10763155E-21  0.11833801E-37
  0.27100000E+02  0.10686872E-21  0.11611830E-37
  0.27200000E+02  0.10611385E-21  0.11713345E-37
  0.27300000E+02  0.10536683E-21  0.11575841E-37
  0.27400000E+02  0.10462754E-21  0.11120289E-37
  0.27500000E+02  0.10389589E-21  0.11594968E-37
  0.27600000E+02  0.10317177E-21  0.11211783E-37
  0.27700000E+02  0.10245508E-21  0.11007485E-37
  0.27800000E+02  0.10174573E-21  0.10847803E-37
  0.27900000E+02  0.10104360E-21  0.10995647E-37
  0.28000000E+02  0.10034861E-21  0.10988125E-37
  0.28100000E+02  0.99660668E-22  0.10442399E-37
  0.28200000E+02  0.98979671E-22  0.11090898E-37
  0.28300000E+02  0.98305531E-22  0.10318727E-37
  0.28400000E+02  0.97638157E-22  0.10183389E-37
  0.28500000E+02  0.96977462E-22  0.10668329E-37
  0.28600000E+02  0.96323356E-22  0.10023700E-37
  0.28700000E+02  0.95675755E-22  0.10565348E-37
  0.28800000E+02  0.95034575E-22  0.10988776E-37
  0.28900000E+02  0.94399730E-22  0.10480930E-37
  0.29000000E+02  0.93771140E-22  0.10431704E-37
  0.29100000E+02  0.93148725E-22  0.10802711E-37
  0.29200000E+02  0.92532404E-22  0.98752426E-38
  0.29300000E+02  0.91922099E-22  0.10096005E-37
  0.29400000E+02  0.91317734E-22  0.10270561E-37
  0.29500000E+02  0.90719233E-22  0.10177894E-37
  0.29600000E+02  0.90126521E-22  0.10001180E-37
  0.29700000E+02  0.89539525E-22  0.90082310E-38
  0.29800000E+02  0.88958173E-22  0.10209230E-37
  0.29900000E+02  0.88382394E-22  0.97798508E-38
  0.30000000E+02  0.87812117E-22  0.96556206E-38
  0.30100000E+02  0.87247275E-22  0.95275321E-38
  0.30200000E+02  0.86687798E-22  0.10132970E-37
  0.30300000E+02  0.86133620E-22  0.95075762E-38
  0.30400000E+02  0.85584676E-22  0.88860262E-38
  0.30500000E+02  0.85040900E-22  0.92975770E-38
  0.30600000E+02  0.84502229E-22  0.94989069E-38
  0.30700000E+02  0.83968600E-22  0.98435872E-38
  0.30800000E+02  0.83439951E-22  0.97412122E-38
  0.30900000E+02  0.82916221E-22  0.98620590E-38
  0.31000000E+02  0.82397349E-22  0.83240764E-38
  0.31100000E+02  0.81883278E-22  0.87962975E-38
  0.31200000E+02  0.81373948E-22  0.90812353E-38
  0.31300000E+02  0.80869302E-22  0.91199199E-38
  0.31400000E+02  0.80369284E-22  0.93609776E-38
  0.31500000E+02  0.79873838E-22  0.83269881E-38
  0.31600000E+02  0.79382909E-22  0.87877044E-38
  0.31700000E+02  0.78896442E-22  0.86470192E-38
  0.31800000E+02  0.78414386E-22  0.85887577E-38
  0.31900000E+02  0.77936686E-22  0.83165077E-38
  0.32000000E+02  0.77463292E-22  0.87813506E-38
  0.32100000E+02  0.76994153E-22  0.86073741E-38
  0.32200000E+02  0.76529218E-22  0.77722849E-38
  0.32300000E+02  0.76068437E-22  0.87609318E-38
  0.32400000E+02  0.75611763E-22  0.87074271E-38
  0.32500000E+02  0.75159147E-22  0.83794575E-38
  0.32600000E+02  0.74710541E-22  0.83773392E-38
  0.32700000E+02  0.74265898E-22  0.79475801E-38
  0.32800000E+02  0.73825174E-22  0.81889067E-38
  0.32900000E+02  0.73388322E-22  0.80304621E-38
  0.33000000E+02  0.72955298E-22  0.83786210E-38
  0.33100000E+02  0.72526057E-22  0.86355524E-38
  0.33200000E+02  0.72100557E-22  0.80934481E-38
  0.33300000E+02  0.71678753E-22  0.80282155E-38
  0.33400000E+02  0.71260605E-22  0.82225866E-38
  0.33500000E+02  0.70846070E-22  0.78594678E-38
  0.33600000E+02  0.70435107E-22  0.81629928E-38
  0.33700000E+02  0.70027676E-22  0.79367230E-38
  0.33800000E+02  0.69623737E-22  0.76794125E-38
  0.33900000E+02  0.69223251E-22  0.72911334E-38
  0.34000000E+02  0.68826178E-22  0.86378040E-38
  0.34100000E+02  0.68432480E-22  0.81609806E-38
  0.34200000E+02  0.68042121E-22  0.71691457E-38
  0.34300000E+02  0.67655061E-22  0.78414518E-38
  0.34400000E+02  0.67271265E-22  0.76357960E-38
  0.34500000E+02  0.66890697E-22  0.76083741E-38
  0.34600000E+02  0.66513320E-22  0.80326653E-38
  0.34700000E+02  0.66139100E-22  0.74620099E-38
  0.34800000E+02  0.65768001E-22  0.80096728E-38
  0.34900000E+02  0.65399990E-22  0.76650524E-38
  0.35000000E+02  0.65035032E-22  0.74411352E-38
  0.35100000E+02  0.64673095E-22  0.65897866E-38
  0.35200000E+02  0.64314144E-22  0.71368318E-38
  0.35300000E+02  0.63958149E-22  0.73541405E-38
  0.35400000E+02  0.63605077E-22  0.75237123E-38
  0.35500000E+02  0.63254895E-22  0.77637512E-38
  0.35600000E+02  0.62907574E-22  0.70218713E-38
  0.35700000E+02  0.62563081E-22  0.73051991E-38
  0.35800000E+02  0.62221388E-22  0.70655604E-38
  0.35900000E+02  0.61882464E-22  0.71661718E-38
  0.36000000E+02  0.61546278E-22  0.74854798E-38
  0.36100000E+02  0.61212803E-22  0.69347233E-38
  0.36200000E+02  0.60882010E-22  0.71254141E-38
  0.36300000E+02  0.60553869E-22  0.67848662E-38
  0.36400000E+02  0.60228353E-22  0.75336615E-38
  0.36500000E+02  0.59905434E-22  0.68116634E-38
  0.36600000E+02  0.59585085E-22  0.69305171E-38
  0.36700000E+02  0.59267279E-22  0.70378976E-38
  0.36800000E+02  0.58951989E-22  0.71424574E-38
  0.36900000E+02  0.58639190E-22  0.70078654E-38
  0.37000000E+02  0.58328854E-22  0.69136856E-38
  0.37100000E+02  0.58020957E-22  0.65346161E-38
  0.37200000E+02  0.57715473E-22  0.64315039E-38
  0.37300000E+02  0.57412378E-22  0.71690352E-38
  0.37400000E+02  0.57111646E-22  0.71160466E-38
  0.37500000E+02  0.56813253E-22  0.63887194E-38
  0.37600000E+02  0.56517176E-22  0.63137680E-38
  0.37700000E+02  0.56223391E-22  0.63698281E-38
  0.37800000E+02  0.55931873E-22  0.62074436E-38
  0.37900000E+02  0.55642601E-22  0.58937091E-38
  0.38000000E+02  0.55355551E-22  0.69444359E-38
  0.38100000E+02  0.55070701E-22  0.67555384E-38
  0.38200000E+02  0.54788028E-22  0.63374151E-38
  0.38300000E+02  0.54507511E-22  0.64308647E-38
  0.38400000E+02  0.54229128E-22  0.63545397E-38
  0.38500000E+02  0.53952858E-22  0.66592618E-38
  0.38600000E+02  0.53678678E-22  0.64950610E-38
  0.38700000E+02  0.53406569E-22  0.66152608E-38
  0.38800000E+02  0.53136510E-22  0.63670432E-38
  0.38900000E+02  0.52868480E-22  0.62774574E-38
  0.39000000E+02  0.52602460E-22  0.61948692E-38
  0.39100000E+02  0.52338429E-22  0.63989244E-38
  0.39200000E+02  0.52076367E-22  0.63011368E-38
  0.39300000E+02  0.51816256E-22  0.60100770E-38
  0.39400000E+02  0.51558076E-22  0.60159587E-38
  0.39500000E+02  0.51301808E-22  0.62301599E-38
  0.39600000E+02  0.51047434E-22  0.57042601E-38
  0.39700000E+02  0.50794935E-22  0.56707585E-38
  0.39800000E+02  0.50544293E-22  0.56926807E-38
  0.39900000E+02  0.50295489E-22  0.54475191E-38
  0.40000000E+02  0.50048506E-22  0.60475289E-38
