  0.00000000E+00 -0.31685757E-18  0.22917997E-34
  0.10000000E+00 -0.23447076E-18  0.17524395E-34
  0.20000000E+00 -0.12656586E-18  0.11773572E-34
  0.30000000E+00 -0.47985421E-19  0.77846023E-35
  0.40000000E+00  0.53729055E-20  0.51460108E-35
  0.50000000E+00  0.42726553E-19  0.33649361E-35
  0.60000000E+00  0.70094092E-19  0.21274037E-35
  0.70000000E+00  0.90971413E-19  0.12446927E-35
  0.80000000E+00  0.10740711E-18  0.60151158E-36
  0.90000000E+00  0.12064788E-18  0.12520881E-36
  0.10000000E+01  0.13148728E-18 -0.23156665E-36
  0.11000000E+01  0.14045411E-18 -0.50070138E-36
  0.12000000E+01  0.14791669E-18 -0.70432290E-36
  0.13000000E+01  0.15414225E-18 -0.85820051E-36
  0.14000000E+01  0.15933185E-18 -0.97383307E-36
  0.15000000E+01  0.16364157E-18 -0.10597699E-35
  0.16000000E+01  0.16719583E-18 -0.11224711E-35
  0.17000000E+01  0.17009594E-18 -0.11668850E-35
  0.18000000E+01  0.17242586E-18 -0.11968441E-35
  0.19000000E+01  0.17425616E-18 -0.12153449E-35
  0.20000000E+01  0.17564687E-18 -0.12247487E-35
  0.21000000E+01  0.17664953E-18 -0.12269285E-35
  0.22000000E+01  0.17730873E-18 -0.12233780E-35
  0.23000000E+01  0.17766335E-18 -0.12152943E-35
  0.24000000E+01  0.17774744E-18 -0.12036405E-35
  0.25000000E+01  0.17759098E-18 -0.11891939E-35
  0.26000000E+01  0.17722050E-18 -0.11725836E-35
  0.27000000E+01  0.17665957E-18 -0.11543196E-35
  0.28000000E+01  0.17592915E-18 -0.11348165E-35
  0.29000000E+01  0.17504802E-18 -0.11144110E-35
  0.30000000E+01  0.17403298E-18 -0.10933771E-35
  0.31000000E+01  0.17289912E-18 -0.10719376E-35
  0.32000000E+01  0.17166002E-18 -0.10502736E-35
  0.33000000E+01  0.17032795E-18 -0.10285316E-35
  0.34000000E+01  0.16891398E-18 -0.10068303E-35
  0.35000000E+01  0.16742810E-18 -0.98526538E-36
  0.36000000E+01  0.16587941E-18 -0.96391334E-36
  0.37000000E+01  0.16427611E-18 -0.94283510E-36
  0.38000000E+01  0.16262567E-18 -0.92207862E-36
  0.39000000E+01  0.16093487E-18 -0.90168122E-36
  0.40000000E+01  0.15920986E-18 -0.88167139E-36
  0.41000000E+01  0.15745624E-18 -0.86207032E-36
  0.42000000E+01  0.15567910E-18 -0.84289321E-36
  0.43000000E+01  0.15388306E-18 -0.82415032E-36
  0.44000000E+01  0.15207232E-18 -0.80584778E-36
  0.45000000E+01  0.15025071E-18 -0.78798841E-36
  0.46000000E+01  0.14842170E-18 -0.77057226E-36
  0.47000000E+01  0.14658844E-18 -0.75359717E-36
  0.48000000E+01  0.14475379E-18 -0.73705912E-36
  0.49000000E+01  0.14292034E-18 -0.72095267E-36
  0.50000000E+01  0.14109045E-18 -0.70527117E-36
  0.51000000E+01  0.13926623E-18 -0.69000709E-36
  0.52000000E+01  0.13744960E-18 -0.67515215E-36
  0.53000000E+01  0.13564230E-18 -0.66069755E-36
  0.54000000E+01  0.13384588E-18 -0.64663406E-36
  0.55000000E+01  0.13206174E-18 -0.63295220E-36
  0.56000000E+01  0.13029113E-18 -0.61964228E-36
  0.57000000E+01  0.12853516E-18 -0.60669454E-36
  0.58000000E+01  0.12679483E-18 -0.59409917E-36
  0.59000000E+01  0.12507102E-18 -0.58184639E-36
  0.60000000E+01  0.12336452E-18 -0.56992649E-36
  0.61000000E+01  0.12167599E-18 -0.55832987E-36
  0.62000000E+01  0.12000604E-18 -0.54704707E-36
  0.63000000E+01  0.11835517E-18 -0.53606880E-36
  0.64000000E+01  0.11672384E-18 -0.52538595E-36
  0.65000000E+01  0.11511240E-18 -0.51498960E-36
  0.66000000E+01  0.11352118E-18 -0.50487105E-36
  0.67000000E+01  0.11195042E-18 -0.49502181E-36
  0.68000000E+01  0.11040033E-18 -0.48543362E-36
  0.69000000E+01  0.10887107E-18 -0.47609843E-36
  0.70000000E+01  0.10736274E-18 -0.46700846E-36
  0.71000000E+01  0.10587541E-18 -0.45815610E-36
  0.72000000E+01  0.10440912E-18 -0.44953401E-36
  0.73000000E+01  0.10296387E-18 -0.44113506E-36
  0.74000000E+01  0.10153964E-18 -0.43295234E-36
  0.75000000E+01  0.10013637E-18 -0.42497918E-36
  0.76000000E+01  0.98753972E-19 -0.41720908E-36
  0.77000000E+01  0.97392356E-19 -0.40963580E-36
  0.78000000E+01  0.96051396E-19 -0.40225327E-36
  0.79000000E+01  0.94730952E-19 -0.39505563E-36
  0.80000000E+01  0.93430866E-19 -0.38803723E-36
  0.81000000E+01  0.92150968E-19 -0.38119259E-36
  0.82000000E+01  0.90891073E-19 -0.37451641E-36
  0.83000000E+01  0.89650985E-19 -0.36800359E-36
  0.84000000E+01  0.88430499E-19 -0.36164919E-36
  0.85000000E+01  0.87229398E-19 -0.35544842E-36
  0.86000000E+01  0.86047460E-19 -0.34939670E-36
  0.87000000E+01  0.84884455E-19 -0.34348955E-36
  0.88000000E+01  0.83740146E-19 -0.33772267E-36
  0.89000000E+01  0.82614292E-19 -0.33209192E-36
  0.90000000E+01  0.81506649E-19 -0.32659326E-36
  0.91000000E+01  0.80416968E-19 -0.32122283E-36
  0.92000000E+01  0.79344996E-19 -0.31597688E-36
  0.93000000E+01  0.78290480E-19 -0.31085178E-36
  0.94000000E+01  0.77253164E-19 -0.30584402E-36
  0.95000000E+01  0.76232793E-19 -0.30095024E-36
  0.96000000E+01  0.75229108E-19 -0.29616717E-36
  0.97000000E+01  0.74241853E-19 -0.29149163E-36
  0.98000000E+01  0.73270770E-19 -0.28692059E-36
  0.99000000E+01  0.72315603E-19 -0.28245108E-36
  0.10000000E+02  0.71376096E-19 -0.27808026E-36
  0.10100000E+02  0.70451994E-19 -0.27380537E-36
  0.10200000E+02  0.69543045E-19 -0.26962373E-36
  0.10300000E+02  0.68648998E-19 -0.26553277E-36
  0.10400000E+02  0.67769602E-19 -0.26152999E-36
  0.10500000E+02  0.66904611E-19 -0.25761297E-36
  0.10600000E+02  0.66053779E-19 -0.25377939E-36
  0.10700000E+02  0.65216865E-19 -0.25002697E-36
  0.10800000E+02  0.64393628E-19 -0.24635354E-36
  0.10900000E+02  0.63583831E-19 -0.24275697E-36
  0.11000000E+02  0.62787239E-19 -0.23923522E-36
  0.11100000E+02  0.62003621E-19 -0.23578629E-36
  0.11200000E+02  0.61232749E-19 -0.23240828E-36
  0.11300000E+02  0.60474397E-19 -0.22909931E-36
  0.11400000E+02  0.59728343E-19 -0.22585759E-36
  0.11500000E+02  0.58994368E-19 -0.22268136E-36
  0.11600000E+02  0.58272255E-19 -0.21956895E-36
  0.11700000E+02  0.57561792E-19 -0.21651870E-36
  0.11800000E+02  0.56862770E-19 -0.21352903E-36
  0.11900000E+02  0.56174981E-19 -0.21059839E-36
  0.12000000E+02  0.55498225E-19 -0.20772531E-36
  0.12100000E+02  0.54832300E-19 -0.20490832E-36
  0.12200000E+02  0.54177010E-19 -0.20214603E-36
  0.12300000E+02  0.53532163E-19 -0.19943707E-36
  0.12400000E+02  0.52897568E-19 -0.19678012E-36
  0.12500000E+02  0.52273040E-19 -0.19417390E-36
  0.12600000E+02  0.51658394E-19 -0.19161717E-36
  0.12700000E+02  0.51053451E-19 -0.18910873E-36
  0.12800000E+02  0.50458033E-19 -0.18664739E-36
  0.12900000E+02  0.49871968E-19 -0.18423204E-36
  0.13000000E+02  0.49295084E-19 -0.18186155E-36
  0.13100000E+02  0.48727214E-19 -0.17953486E-36
  0.13200000E+02  0.48168193E-19 -0.17725093E-36
  0.13300000E+02  0.47617860E-19 -0.17500875E-36
  0.13400000E+02  0.47076056E-19 -0.17280734E-36
  0.13500000E+02  0.46542627E-19 -0.17064575E-36
  0.13600000E+02  0.46017419E-19 -0.16852304E-36
  0.13700000E+02  0.45500283E-19 -0.16643831E-36
  0.13800000E+02  0.44991071E-19 -0.16439070E-36
  0.13900000E+02  0.44489641E-19 -0.16237935E-36
  0.14000000E+02  0.43995850E-19 -0.16040344E-36
  0.14100000E+02  0.43509559E-19 -0.15846215E-36
  0.14200000E+02  0.43030634E-19 -0.15655471E-36
  0.14300000E+02  0.42558940E-19 -0.15468036E-36
  0.14400000E+02  0.42094347E-19 -0.15283835E-36
  0.14500000E+02  0.41636726E-19 -0.15102797E-36
  0.14600000E+02  0.41185953E-19 -0.14924852E-36
  0.14700000E+02  0.40741902E-19 -0.14749931E-36
  0.14800000E+02  0.40304455E-19 -0.14577968E-36
  0.14900000E+02  0.39873491E-19 -0.14408899E-36
  0.15000000E+02  0.39448895E-19 -0.14242661E-36
  0.15100000E+02  0.39030553E-19 -0.14079192E-36
  0.15200000E+02  0.38618354E-19 -0.13918434E-36
  0.15300000E+02  0.38212187E-19 -0.13760327E-36
  0.15400000E+02  0.37811946E-19 -0.13604815E-36
  0.15500000E+02  0.37417524E-19 -0.13451845E-36
  0.15600000E+02  0.37028820E-19 -0.13301360E-36
  0.15700000E+02  0.36645731E-19 -0.13153311E-36
  0.15800000E+02  0.36268159E-19 -0.13007645E-36
  0.15900000E+02  0.35896006E-19 -0.12864313E-36
  0.16000000E+02  0.35529178E-19 -0.12723267E-36
  0.16100000E+02  0.35167580E-19 -0.12584459E-36
  0.16200000E+02  0.34811121E-19 -0.12447844E-36
  0.16300000E+02  0.34459712E-19 -0.12313376E-36
  0.16400000E+02  0.34113264E-19 -0.12181012E-36
  0.16500000E+02  0.33771691E-19 -0.12050710E-36
  0.16600000E+02  0.33434909E-19 -0.11922428E-36
  0.16700000E+02  0.33102834E-19 -0.11796125E-36
  0.16800000E+02  0.32775386E-19 -0.11671762E-36
  0.16900000E+02  0.32452484E-19 -0.11549301E-36
  0.17000000E+02  0.32134050E-19 -0.11428703E-36
  0.17100000E+02  0.31820009E-19 -0.11309931E-36
  0.17200000E+02  0.31510284E-19 -0.11192951E-36
  0.17300000E+02  0.31204802E-19 -0.11077726E-36
  0.17400000E+02  0.30903491E-19 -0.10964224E-36
  0.17500000E+02  0.30606280E-19 -0.10852410E-36
  0.17600000E+02  0.30313100E-19 -0.10742252E-36
  0.17700000E+02  0.30023883E-19 -0.10633718E-36
  0.17800000E+02  0.29738561E-19 -0.10526777E-36
  0.17900000E+02  0.29457070E-19 -0.10421399E-36
  0.18000000E+02  0.29179345E-19 -0.10317554E-36
  0.18100000E+02  0.28905323E-19 -0.10215213E-36
  0.18200000E+02  0.28634943E-19 -0.10114348E-36
  0.18300000E+02  0.28368145E-19 -0.10014931E-36
  0.18400000E+02  0.28104867E-19 -0.99169359E-37
  0.18500000E+02  0.27845054E-19 -0.98203355E-37
  0.18600000E+02  0.27588646E-19 -0.97251042E-37
  0.18700000E+02  0.27335589E-19 -0.96312170E-37
  0.18800000E+02  0.27085828E-19 -0.95386490E-37
  0.18900000E+02  0.26839307E-19 -0.94473763E-37
  0.19000000E+02  0.26595976E-19 -0.93573753E-37
  0.19100000E+02  0.26355781E-19 -0.92686230E-37
  0.19200000E+02  0.26118672E-19 -0.91810969E-37
  0.19300000E+02  0.25884600E-19 -0.90947749E-37
  0.19400000E+02  0.25653514E-19 -0.90096356E-37
  0.19500000E+02  0.25425367E-19 -0.89256579E-37
  0.19600000E+02  0.25200112E-19 -0.88428211E-37
  0.19700000E+02  0.24977703E-19 -0.87611052E-37
  0.19800000E+02  0.24758094E-19 -0.86804903E-37
  0.19900000E+02  0.24541240E-19 -0.86009573E-37
  0.20000000E+02  0.24327099E-19 -0.85224872E-37
  0.20100000E+02  0.24115626E-19 -0.84450615E-37
  0.20200000E+02  0.23906781E-19 -0.83686623E-37
  0.20300000E+02  0.23700521E-19 -0.82932716E-37
  0.20400000E+02  0.23496806E-19 -0.82188723E-37
  0.20500000E+02  0.23295597E-19 -0.81454474E-37
  0.20600000E+02  0.23096854E-19 -0.80729803E-37
  0.20700000E+02  0.22900539E-19 -0.80014546E-37
  0.20800000E+02  0.22706614E-19 -0.79308545E-37
  0.20900000E+02  0.22515042E-19 -0.78611644E-37
  0.21000000E+02  0.22325788E-19 -0.77923689E-37
  0.21100000E+02  0.22138815E-19 -0.77244533E-37
  0.21200000E+02  0.21954089E-19 -0.76574027E-37
  0.21300000E+02  0.21771574E-19 -0.75912028E-37
  0.21400000E+02  0.21591238E-19 -0.75258396E-37
  0.21500000E+02  0.21413048E-19 -0.74612994E-37
  0.21600000E+02  0.21236971E-19 -0.73975685E-37
  0.21700000E+02  0.21062974E-19 -0.73346337E-37
  0.21800000E+02  0.20891027E-19 -0.72724822E-37
  0.21900000E+02  0.20721099E-19 -0.72111012E-37
  0.22000000E+02  0.20553159E-19 -0.71504782E-37
  0.22100000E+02  0.20387179E-19 -0.70906010E-37
  0.22200000E+02  0.20223128E-19 -0.70314577E-37
  0.22300000E+02  0.20060978E-19 -0.69730366E-37
  0.22400000E+02  0.19900701E-19 -0.69153261E-37
  0.22500000E+02  0.19742270E-19 -0.68583150E-37
  0.22600000E+02  0.19585657E-19 -0.68019921E-37
  0.22700000E+02  0.19430835E-19 -0.67463467E-37
  0.22800000E+02  0.19277778E-19 -0.66913682E-37
  0.22900000E+02  0.19126461E-19 -0.66370461E-37
  0.23000000E+02  0.18976858E-19 -0.65833701E-37
  0.23100000E+02  0.18828945E-19 -0.65303303E-37
  0.23200000E+02  0.18682696E-19 -0.64779168E-37
  0.23300000E+02  0.18538088E-19 -0.64261199E-37
  0.23400000E+02  0.18395098E-19 -0.63749302E-37
  0.23500000E+02  0.18253702E-19 -0.63243383E-37
  0.23600000E+02  0.18113877E-19 -0.62743353E-37
  0.23700000E+02  0.17975600E-19 -0.62249120E-37
  0.23800000E+02  0.17838851E-19 -0.61760598E-37
  0.23900000E+02  0.17703607E-19 -0.61277699E-37
  0.24000000E+02  0.17569847E-19 -0.60800340E-37
  0.24100000E+02  0.17437550E-19 -0.60328438E-37
  0.24200000E+02  0.17306696E-19 -0.59861911E-37
  0.24300000E+02  0.17177263E-19 -0.59400678E-37
  0.24400000E+02  0.17049234E-19 -0.58944662E-37
  0.24500000E+02  0.16922587E-19 -0.58493785E-37
  0.24600000E+02  0.16797303E-19 -0.58047972E-37
  0.24700000E+02  0.16673365E-19 -0.57607148E-37
  0.24800000E+02  0.16550752E-19 -0.57171240E-37
  0.24900000E+02  0.16429448E-19 -0.56740177E-37
  0.25000000E+02  0.16309433E-19 -0.56313888E-37
  0.25100000E+02  0.16190691E-19 -0.55892304E-37
  0.25200000E+02  0.16073204E-19 -0.55475356E-37
  0.25300000E+02  0.15956954E-19 -0.55062979E-37
  0.25400000E+02  0.15841926E-19 -0.54655107E-37
  0.25500000E+02  0.15728102E-19 -0.54251676E-37
  0.25600000E+02  0.15615466E-19 -0.53852621E-37
  0.25700000E+02  0.15504002E-19 -0.53457881E-37
  0.25800000E+02  0.15393695E-19 -0.53067396E-37
  0.25900000E+02  0.15284528E-19 -0.52681104E-37
  0.26000000E+02  0.15176488E-19 -0.52298947E-37
  0.26100000E+02  0.15069558E-19 -0.51920867E-37
  0.26200000E+02  0.14963724E-19 -0.51546807E-37
  0.26300000E+02  0.14858972E-19 -0.51176712E-37
  0.26400000E+02  0.14755287E-19 -0.50810525E-37
  0.26500000E+02  0.14652655E-19 -0.50448194E-37
  0.26600000E+02  0.14551062E-19 -0.50089664E-37
  0.26700000E+02  0.14450496E-19 -0.49734884E-37
  0.26800000E+02  0.14350941E-19 -0.49383802E-37
  0.26900000E+02  0.14252386E-19 -0.49036368E-37
  0.27000000E+02  0.14154816E-19 -0.48692532E-37
  0.27100000E+02  0.14058221E-19 -0.48352245E-37
  0.27200000E+02  0.13962586E-19 -0.48015460E-37
  0.27300000E+02  0.13867899E-19 -0.47682129E-37
  0.27400000E+02  0.13774149E-19 -0.47352205E-37
  0.27500000E+02  0.13681323E-19 -0.47025643E-37
  0.27600000E+02  0.13589409E-19 -0.46702399E-37
  0.27700000E+02  0.13498397E-19 -0.46382427E-37
  0.27800000E+02  0.13408274E-19 -0.46065685E-37
  0.27900000E+02  0.13319029E-19 -0.45752129E-37
  0.28000000E+02  0.13230651E-19 -0.45441718E-37
  0.28100000E+02  0.13143129E-19 -0.45134411E-37
  0.28200000E+02  0.13056453E-19 -0.44830166E-37
  0.28300000E+02  0.12970611E-19 -0.44528944E-37
  0.28400000E+02  0.12885594E-19 -0.44230705E-37
  0.28500000E+02  0.12801391E-19 -0.43935410E-37
  0.28600000E+02  0.12717992E-19 -0.43643022E-37
  0.28700000E+02  0.12635387E-19 -0.43353503E-37
  0.28800000E+02  0.12553566E-19 -0.43066815E-37
  0.28900000E+02  0.12472520E-19 -0.42782923E-37
  0.29000000E+02  0.12392238E-19 -0.42501791E-37
  0.29100000E+02  0.12312713E-19 -0.42223384E-37
  0.29200000E+02  0.12233933E-19 -0.41947666E-37
  0.29300000E+02  0.12155891E-19 -0.41674604E-37
  0.29400000E+02  0.12078578E-19 -0.41404164E-37
  0.29500000E+02  0.12001984E-19 -0.41136314E-37
  0.29600000E+02  0.11926100E-19 -0.40871020E-37
  0.29700000E+02  0.11850919E-19 -0.40608251E-37
  0.29800000E+02  0.11776432E-19 -0.40347975E-37
  0.29900000E+02  0.11702630E-19 -0.40090161E-37
  0.30000000E+02  0.11629505E-19 -0.39834778E-37
  0.30100000E+02  0.11557050E-19 -0.39581797E-37
  0.30200000E+02  0.11485256E-19 -0.39331187E-37
  0.30300000E+02  0.11414115E-19 -0.39082920E-37
  0.30400000E+02  0.11343619E-19 -0.38836966E-37
  0.30500000E+02  0.11273762E-19 -0.38593298E-37
  0.30600000E+02  0.11204535E-19 -0.38351887E-37
  0.30700000E+02  0.11135931E-19 -0.38112707E-37
  0.30800000E+02  0.11067943E-19 -0.37875729E-37
  0.30900000E+02  0.11000563E-19 -0.37640927E-37
  0.31000000E+02  0.10933785E-19 -0.37408276E-37
  0.31100000E+02  0.10867601E-19 -0.37177748E-37
  0.31200000E+02  0.10802005E-19 -0.36949320E-37
  0.31300000E+02  0.10736990E-19 -0.36722965E-37
  0.31400000E+02  0.10672549E-19 -0.36498658E-37
  0.31500000E+02  0.10608675E-19 -0.36276376E-37
  0.31600000E+02  0.10545362E-19 -0.36056095E-37
  0.31700000E+02  0.10482604E-19 -0.35837790E-37
  0.31800000E+02  0.10420393E-19 -0.35621439E-37
  0.31900000E+02  0.10358725E-19 -0.35407018E-37
  0.32000000E+02  0.10297593E-19 -0.35194505E-37
  0.32100000E+02  0.10236990E-19 -0.34983878E-37
  0.32200000E+02  0.10176911E-19 -0.34775114E-37
  0.32300000E+02  0.10117350E-19 -0.34568191E-37
  0.32400000E+02  0.10058301E-19 -0.34363090E-37
  0.32500000E+02  0.99997578E-20 -0.34159787E-37
  0.32600000E+02  0.99417155E-20 -0.33958263E-37
  0.32700000E+02  0.98841682E-20 -0.33758498E-37
  0.32800000E+02  0.98271103E-20 -0.33560470E-37
  0.32900000E+02  0.97705365E-20 -0.33364160E-37
  0.33000000E+02  0.97144414E-20 -0.33169549E-37
  0.33100000E+02  0.96588197E-20 -0.32976617E-37
  0.33200000E+02  0.96036662E-20 -0.32785345E-37
  0.33300000E+02  0.95489757E-20 -0.32595715E-37
  0.33400000E+02  0.94947432E-20 -0.32407707E-37
  0.33500000E+02  0.94409636E-20 -0.32221303E-37
  0.33600000E+02  0.93876320E-20 -0.32036486E-37
  0.33700000E+02  0.93347435E-20 -0.31853238E-37
  0.33800000E+02  0.92822934E-20 -0.31671540E-37
  0.33900000E+02  0.92302768E-20 -0.31491377E-37
  0.34000000E+02  0.91786891E-20 -0.31312731E-37
  0.34100000E+02  0.91275256E-20 -0.31135584E-37
  0.34200000E+02  0.90767819E-20 -0.30959921E-37
  0.34300000E+02  0.90264533E-20 -0.30785725E-37
  0.34400000E+02  0.89765355E-20 -0.30612980E-37
  0.34500000E+02  0.89270240E-20 -0.30441670E-37
  0.34600000E+02  0.88779146E-20 -0.30271779E-37
  0.34700000E+02  0.88292029E-20 -0.30103292E-37
  0.34800000E+02  0.87808848E-20 -0.29936194E-37
  0.34900000E+02  0.87329561E-20 -0.29770469E-37
  0.35000000E+02  0.86854126E-20 -0.29606103E-37
  0.35100000E+02  0.86382504E-20 -0.29443081E-37
  0.35200000E+02  0.85914655E-20 -0.29281388E-37
  0.35300000E+02  0.85450537E-20 -0.29121011E-37
  0.35400000E+02  0.84990114E-20 -0.28961934E-37
  0.35500000E+02  0.84533346E-20 -0.28804145E-37
  0.35600000E+02  0.84080196E-20 -0.28647630E-37
  0.35700000E+02  0.83630625E-20 -0.28492374E-37
  0.35800000E+02  0.83184597E-20 -0.28338365E-37
  0.35900000E+02  0.82742075E-20 -0.28185589E-37
  0.36000000E+02  0.82303023E-20 -0.28034034E-37
  0.36100000E+02  0.81867405E-20 -0.27883686E-37
  0.36200000E+02  0.81435187E-20 -0.27734533E-37
  0.36300000E+02  0.81006334E-20 -0.27586562E-37
  0.36400000E+02  0.80580810E-20 -0.27439761E-37
  0.36500000E+02  0.80158583E-20 -0.27294119E-37
  0.36600000E+02  0.79739618E-20 -0.27149622E-37
  0.36700000E+02  0.79323884E-20 -0.27006258E-37
  0.36800000E+02  0.78911346E-20 -0.26864017E-37
  0.36900000E+02  0.78501974E-20 -0.26722887E-37
  0.37000000E+02  0.78095734E-20 -0.26582855E-37
  0.37100000E+02  0.77692597E-20 -0.26443912E-37
  0.37200000E+02  0.77292529E-20 -0.26306045E-37
  0.37300000E+02  0.76895502E-20 -0.26169244E-37
  0.37400000E+02  0.76501484E-20 -0.26033498E-37
  0.37500000E+02  0.76110446E-20 -0.25898796E-37
  0.37600000E+02  0.75722358E-20 -0.25765127E-37
  0.37700000E+02  0.75337191E-20 -0.25632482E-37
  0.37800000E+02  0.74954917E-20 -0.25500849E-37
  0.37900000E+02  0.74575506E-20 -0.25370219E-37
  0.38000000E+02  0.74198930E-20 -0.25240581E-37
  0.38100000E+02  0.73825162E-20 -0.25111926E-37
  0.38200000E+02  0.73454174E-20 -0.24984243E-37
  0.38300000E+02  0.73085939E-20 -0.24857524E-37
  0.38400000E+02  0.72720431E-20 -0.24731758E-37
  0.38500000E+02  0.72357622E-20 -0.24606936E-37
  0.38600000E+02  0.71997487E-20 -0.24483048E-37
  0.38700000E+02  0.71640000E-20 -0.24360086E-37
  0.38800000E+02  0.71285134E-20 -0.24238040E-37
  0.38900000E+02  0.70932866E-20 -0.24116902E-37
  0.39000000E+02  0.70583170E-20 -0.23996662E-37
  0.39100000E+02  0.70236020E-20 -0.23877311E-37
  0.39200000E+02  0.69891394E-20 -0.23758842E-37
  0.39300000E+02  0.69549267E-20 -0.23641244E-37
  0.39400000E+02  0.69209615E-20 -0.23524511E-37
  0.39500000E+02  0.68872414E-20 -0.23408633E-37
  0.39600000E+02  0.68537642E-20 -0.23293602E-37
  0.39700000E+02  0.68205275E-20 -0.23179410E-37
  0.39800000E+02  0.67875290E-20 -0.23066049E-37
  0.39900000E+02  0.67547666E-20 -0.22953511E-37
  0.40000000E+02  0.67222380E-20 -0.22841788E-37
