  0.00000000E+00 -0.37784052E-19  0.50274194E-35
  0.10000000E+00 -0.51194112E-19  0.40467581E-35
  0.20000000E+00 -0.46965037E-19  0.23983875E-35
  0.30000000E+00 -0.37364272E-19  0.13380455E-35
  0.40000000E+00 -0.28467173E-19  0.81870312E-36
  0.50000000E+00 -0.21478408E-19  0.36750330E-36
  0.60000000E+00 -0.16260915E-19  0.47909586E-37
  0.70000000E+00 -0.12415174E-19 -0.14934265E-36
  0.80000000E+00 -0.95719566E-20 -0.22549869E-36
  0.90000000E+00 -0.74485033E-20 -0.29253752E-36
  0.10000000E+01 -0.58412575E-20 -0.34161569E-36
  0.11000000E+01 -0.46067447E-20 -0.35128503E-36
  0.12000000E+01 -0.36442616E-20 -0.38894715E-36
  0.13000000E+01 -0.28828562E-20 -0.37449185E-36
  0.14000000E+01 -0.22721429E-20 -0.37287541E-36
  0.15000000E+01 -0.17759778E-20 -0.38671957E-36
  0.16000000E+01 -0.13681374E-20 -0.38758564E-36
  0.17000000E+01 -0.10293654E-20 -0.37937248E-36
  0.18000000E+01 -0.74534403E-21 -0.36471381E-36
  0.19000000E+01 -0.50529298E-21 -0.35303384E-36
  0.20000000E+01 -0.30099207E-21 -0.33453056E-36
  0.21000000E+01 -0.12609469E-21 -0.32048585E-36
  0.22000000E+01  0.24359540E-22 -0.31393964E-36
  0.23000000E+01  0.15429390E-21 -0.31336155E-36
  0.24000000E+01  0.26684720E-21 -0.29773352E-36
  0.25000000E+01  0.36455838E-21 -0.29047979E-36
  0.26000000E+01  0.44950274E-21 -0.28383784E-36
  0.27000000E+01  0.52339346E-21 -0.26921171E-36
  0.28000000E+01  0.58765805E-21 -0.25290559E-36
  0.29000000E+01  0.64349642E-21 -0.25371759E-36
  0.30000000E+01  0.69192540E-21 -0.24056598E-36
  0.31000000E+01  0.73381322E-21 -0.23963880E-36
  0.32000000E+01  0.76990647E-21 -0.22633145E-36
  0.33000000E+01  0.80085127E-21 -0.22219832E-36
  0.34000000E+01  0.82721013E-21 -0.21300502E-36
  0.35000000E+01  0.84947544E-21 -0.20617077E-36
  0.36000000E+01  0.86808031E-21 -0.19727694E-36
  0.37000000E+01  0.88340748E-21 -0.18605310E-36
  0.38000000E+01  0.89579651E-21 -0.18518348E-36
  0.39000000E+01  0.90554976E-21 -0.18369691E-36
  0.40000000E+01  0.91293735E-21 -0.17596929E-36
  0.41000000E+01  0.91820129E-21 -0.16903257E-36
  0.42000000E+01  0.92155901E-21 -0.16333850E-36
  0.43000000E+01  0.92320622E-21 -0.15806791E-36
  0.44000000E+01  0.92331953E-21 -0.15377742E-36
  0.45000000E+01  0.92205850E-21 -0.14721893E-36
  0.46000000E+01  0.91956755E-21 -0.14699398E-36
  0.47000000E+01  0.91597755E-21 -0.13871607E-36
  0.48000000E+01  0.91140722E-21 -0.13199838E-36
  0.49000000E+01  0.90596434E-21 -0.12714190E-36
  0.50000000E+01  0.89974685E-21 -0.12726344E-36
  0.51000000E+01  0.89284375E-21 -0.12540567E-36
  0.52000000E+01  0.88533600E-21 -0.11337623E-36
  0.53000000E+01  0.87729723E-21 -0.11301584E-36
  0.54000000E+01  0.86879442E-21 -0.11147243E-36
  0.55000000E+01  0.85988850E-21 -0.10390817E-36
  0.56000000E+01  0.85063488E-21 -0.10786021E-36
  0.57000000E+01  0.84108394E-21 -0.10467554E-36
  0.58000000E+01  0.83128148E-21 -0.97268345E-37
  0.59000000E+01  0.82126910E-21 -0.92060553E-37
  0.60000000E+01  0.81108457E-21 -0.91737545E-37
  0.61000000E+01  0.80076215E-21 -0.89818023E-37
  0.62000000E+01  0.79033291E-21 -0.84889313E-37
  0.63000000E+01  0.77982496E-21 -0.85464067E-37
  0.64000000E+01  0.76926374E-21 -0.82054004E-37
  0.65000000E+01  0.75867222E-21 -0.80939354E-37
  0.66000000E+01  0.74807113E-21 -0.79375537E-37
  0.67000000E+01  0.73747914E-21 -0.74230165E-37
  0.68000000E+01  0.72691301E-21 -0.72335579E-37
  0.69000000E+01  0.71638779E-21 -0.69366786E-37
  0.70000000E+01  0.70591694E-21 -0.71293592E-37
  0.71000000E+01  0.69551249E-21 -0.65134471E-37
  0.72000000E+01  0.68518512E-21 -0.63421142E-37
  0.73000000E+01  0.67494431E-21 -0.64439012E-37
  0.74000000E+01  0.66479843E-21 -0.63555303E-37
  0.75000000E+01  0.65475486E-21 -0.60638092E-37
  0.76000000E+01  0.64482002E-21 -0.62170511E-37
  0.77000000E+01  0.63499953E-21 -0.57192914E-37
  0.78000000E+01  0.62529819E-21 -0.57416609E-37
  0.79000000E+01  0.61572014E-21 -0.53887091E-37
  0.80000000E+01  0.60626887E-21 -0.53697790E-37
  0.81000000E+01  0.59694729E-21 -0.51949834E-37
  0.82000000E+01  0.58775778E-21 -0.49979677E-37
  0.83000000E+01  0.57870224E-21 -0.48730715E-37
  0.84000000E+01  0.56978214E-21 -0.46836072E-37
  0.85000000E+01  0.56099855E-21 -0.48280836E-37
  0.86000000E+01  0.55235219E-21 -0.45973271E-37
  0.87000000E+01  0.54384345E-21 -0.44457226E-37
  0.88000000E+01  0.53547244E-21 -0.42517313E-37
  0.89000000E+01  0.52723901E-21 -0.41249240E-37
  0.90000000E+01  0.51914276E-21 -0.43199479E-37
  0.91000000E+01  0.51118309E-21 -0.39037193E-37
  0.92000000E+01  0.50335923E-21 -0.41962955E-37
  0.93000000E+01  0.49567020E-21 -0.38846761E-37
  0.94000000E+01  0.48811491E-21 -0.37333257E-37
  0.95000000E+01  0.48069212E-21 -0.38592407E-37
  0.96000000E+01  0.47340048E-21 -0.36363619E-37
  0.97000000E+01  0.46623854E-21 -0.35560243E-37
  0.98000000E+01  0.45920475E-21 -0.36379162E-37
  0.99000000E+01  0.45229749E-21 -0.34158298E-37
  0.10000000E+02  0.44551509E-21 -0.33037155E-37
  0.10100000E+02  0.43885580E-21 -0.32755103E-37
  0.10200000E+02  0.43231783E-21 -0.31569915E-37
  0.10300000E+02  0.42589936E-21 -0.30720456E-37
  0.10400000E+02  0.41959853E-21 -0.31059459E-37
  0.10500000E+02  0.41341345E-21 -0.31721540E-37
  0.10600000E+02  0.40734224E-21 -0.30341069E-37
  0.10700000E+02  0.40138296E-21 -0.30810581E-37
  0.10800000E+02  0.39553371E-21 -0.30069634E-37
  0.10900000E+02  0.38979256E-21 -0.27186137E-37
  0.11000000E+02  0.38415758E-21 -0.28335577E-37
  0.11100000E+02  0.37862685E-21 -0.27645938E-37
  0.11200000E+02  0.37319846E-21 -0.24548890E-37
  0.11300000E+02  0.36787051E-21 -0.25438900E-37
  0.11400000E+02  0.36264112E-21 -0.25422984E-37
  0.11500000E+02  0.35750840E-21 -0.24322913E-37
  0.11600000E+02  0.35247049E-21 -0.25527439E-37
  0.11700000E+02  0.34752558E-21 -0.24440283E-37
  0.11800000E+02  0.34267183E-21 -0.23545303E-37
  0.11900000E+02  0.33790746E-21 -0.23904164E-37
  0.12000000E+02  0.33323069E-21 -0.22039577E-37
  0.12100000E+02  0.32863977E-21 -0.22463667E-37
  0.12200000E+02  0.32413300E-21 -0.20895464E-37
  0.12300000E+02  0.31970867E-21 -0.22604922E-37
  0.12400000E+02  0.31536511E-21 -0.21986877E-37
  0.12500000E+02  0.31110069E-21 -0.20791615E-37
  0.12600000E+02  0.30691379E-21 -0.19284037E-37
  0.12700000E+02  0.30280282E-21 -0.19432499E-37
  0.12800000E+02  0.29876624E-21 -0.19009353E-37
  0.12900000E+02  0.29480250E-21 -0.18751946E-37
  0.13000000E+02  0.29091011E-21 -0.19391259E-37
  0.13100000E+02  0.28708760E-21 -0.17945429E-37
  0.13200000E+02  0.28333352E-21 -0.18240091E-37
  0.13300000E+02  0.27964645E-21 -0.18033874E-37
  0.13400000E+02  0.27602501E-21 -0.17922627E-37
  0.13500000E+02  0.27246784E-21 -0.17588612E-37
  0.13600000E+02  0.26897360E-21 -0.18561999E-37
  0.13700000E+02  0.26554099E-21 -0.16076091E-37
  0.13800000E+02  0.26216873E-21 -0.16836284E-37
  0.13900000E+02  0.25885556E-21 -0.15760252E-37
  0.14000000E+02  0.25560026E-21 -0.16103615E-37
  0.14100000E+02  0.25240163E-21 -0.15875336E-37
  0.14200000E+02  0.24925849E-21 -0.15122932E-37
  0.14300000E+02  0.24616970E-21 -0.16128320E-37
  0.14400000E+02  0.24313413E-21 -0.15212766E-37
  0.14500000E+02  0.24015068E-21 -0.15006463E-37
  0.14600000E+02  0.23721827E-21 -0.14723263E-37
  0.14700000E+02  0.23433585E-21 -0.14399450E-37
  0.14800000E+02  0.23150240E-21 -0.14719455E-37
  0.14900000E+02  0.22871690E-21 -0.13163129E-37
  0.15000000E+02  0.22597837E-21 -0.13688123E-37
  0.15100000E+02  0.22328584E-21 -0.13581165E-37
  0.15200000E+02  0.22063838E-21 -0.13868710E-37
  0.15300000E+02  0.21803507E-21 -0.12955027E-37
  0.15400000E+02  0.21547500E-21 -0.13750113E-37
  0.15500000E+02  0.21295729E-21 -0.12398021E-37
  0.15600000E+02  0.21048109E-21 -0.12514952E-37
  0.15700000E+02  0.20804555E-21 -0.11966308E-37
  0.15800000E+02  0.20564986E-21 -0.12414956E-37
  0.15900000E+02  0.20329320E-21 -0.12548032E-37
  0.16000000E+02  0.20097479E-21 -0.12231449E-37
  0.16100000E+02  0.19869388E-21 -0.11858545E-37
  0.16200000E+02  0.19644969E-21 -0.11423413E-37
  0.16300000E+02  0.19424151E-21 -0.11545777E-37
  0.16400000E+02  0.19206861E-21 -0.11655130E-37
  0.16500000E+02  0.18993030E-21 -0.10792615E-37
  0.16600000E+02  0.18782588E-21 -0.11066101E-37
  0.16700000E+02  0.18575470E-21 -0.10372260E-37
  0.16800000E+02  0.18371608E-21 -0.11068223E-37
  0.16900000E+02  0.18170940E-21 -0.10494695E-37
  0.17000000E+02  0.17973403E-21 -0.10999061E-37
  0.17100000E+02  0.17778936E-21 -0.10864805E-37
  0.17200000E+02  0.17587479E-21 -0.98170035E-38
  0.17300000E+02  0.17398973E-21 -0.10693216E-37
  0.17400000E+02  0.17213361E-21 -0.10266150E-37
  0.17500000E+02  0.17030588E-21 -0.95022247E-38
  0.17600000E+02  0.16850598E-21 -0.91277913E-38
  0.17700000E+02  0.16673339E-21 -0.10047240E-37
  0.17800000E+02  0.16498758E-21 -0.94463542E-38
  0.17900000E+02  0.16326804E-21 -0.91655168E-38
  0.18000000E+02  0.16157428E-21 -0.93839513E-38
  0.18100000E+02  0.15990579E-21 -0.96597582E-38
  0.18200000E+02  0.15826212E-21 -0.90057303E-38
  0.18300000E+02  0.15664278E-21 -0.86670159E-38
  0.18400000E+02  0.15504733E-21 -0.81857714E-38
  0.18500000E+02  0.15347531E-21 -0.88923266E-38
  0.18600000E+02  0.15192629E-21 -0.87603791E-38
  0.18700000E+02  0.15039984E-21 -0.83396838E-38
  0.18800000E+02  0.14889554E-21 -0.85305619E-38
  0.18900000E+02  0.14741299E-21 -0.86608304E-38
  0.19000000E+02  0.14595179E-21 -0.81407173E-38
  0.19100000E+02  0.14451153E-21 -0.80757888E-38
  0.19200000E+02  0.14309185E-21 -0.86424546E-38
  0.19300000E+02  0.14169236E-21 -0.80590340E-38
  0.19400000E+02  0.14031270E-21 -0.82956929E-38
  0.19500000E+02  0.13895251E-21 -0.86013670E-38
  0.19600000E+02  0.13761144E-21 -0.74947896E-38
  0.19700000E+02  0.13628914E-21 -0.75323647E-38
  0.19800000E+02  0.13498529E-21 -0.75658318E-38
  0.19900000E+02  0.13369954E-21 -0.75520200E-38
  0.20000000E+02  0.13243158E-21 -0.77834534E-38
  0.20100000E+02  0.13118109E-21 -0.73042749E-38
  0.20200000E+02  0.12994777E-21 -0.72854378E-38
  0.20300000E+02  0.12873131E-21 -0.76581155E-38
  0.20400000E+02  0.12753141E-21 -0.68432687E-38
  0.20500000E+02  0.12634779E-21 -0.66954829E-38
  0.20600000E+02  0.12518016E-21 -0.72254923E-38
  0.20700000E+02  0.12402824E-21 -0.65261041E-38
  0.20800000E+02  0.12289177E-21 -0.63002726E-38
  0.20900000E+02  0.12177048E-21 -0.61834200E-38
  0.21000000E+02  0.12066410E-21 -0.71189927E-38
  0.21100000E+02  0.11957237E-21 -0.63654626E-38
  0.21200000E+02  0.11849506E-21 -0.58339922E-38
  0.21300000E+02  0.11743192E-21 -0.65587739E-38
  0.21400000E+02  0.11638269E-21 -0.65805578E-38
  0.21500000E+02  0.11534716E-21 -0.66450587E-38
  0.21600000E+02  0.11432508E-21 -0.60645024E-38
  0.21700000E+02  0.11331624E-21 -0.62781819E-38
  0.21800000E+02  0.11232041E-21 -0.57887053E-38
  0.21900000E+02  0.11133737E-21 -0.62004185E-38
  0.22000000E+02  0.11036691E-21 -0.61081994E-38
  0.22100000E+02  0.10940883E-21 -0.59589431E-38
  0.22200000E+02  0.10846292E-21 -0.60269464E-38
  0.22300000E+02  0.10752897E-21 -0.57535447E-38
  0.22400000E+02  0.10660680E-21 -0.55318675E-38
  0.22500000E+02  0.10569622E-21 -0.59635106E-38
  0.22600000E+02  0.10479702E-21 -0.56986233E-38
  0.22700000E+02  0.10390903E-21 -0.54395235E-38
  0.22800000E+02  0.10303207E-21 -0.58504742E-38
  0.22900000E+02  0.10216596E-21 -0.48638712E-38
  0.23000000E+02  0.10131053E-21 -0.55660679E-38
  0.23100000E+02  0.10046560E-21 -0.54687730E-38
  0.23200000E+02  0.99631007E-22 -0.54090168E-38
  0.23300000E+02  0.98806587E-22 -0.52682073E-38
  0.23400000E+02  0.97992179E-22 -0.51795887E-38
  0.23500000E+02  0.97187625E-22 -0.50732643E-38
  0.23600000E+02  0.96392771E-22 -0.55960537E-38
  0.23700000E+02  0.95607463E-22 -0.54279886E-38
  0.23800000E+02  0.94831554E-22 -0.47998491E-38
  0.23900000E+02  0.94064896E-22 -0.53901638E-38
  0.24000000E+02  0.93307347E-22 -0.51972416E-38
  0.24100000E+02  0.92558765E-22 -0.45218305E-38
  0.24200000E+02  0.91819013E-22 -0.48928696E-38
  0.24300000E+02  0.91087954E-22 -0.49049833E-38
  0.24400000E+02  0.90365456E-22 -0.50392358E-38
  0.24500000E+02  0.89651388E-22 -0.48150111E-38
  0.24600000E+02  0.88945622E-22 -0.47757775E-38
  0.24700000E+02  0.88248032E-22 -0.45508476E-38
  0.24800000E+02  0.87558495E-22 -0.45566056E-38
  0.24900000E+02  0.86876889E-22 -0.45977090E-38
  0.25000000E+02  0.86203096E-22 -0.45336360E-38
  0.25100000E+02  0.85536999E-22 -0.46539204E-38
  0.25200000E+02  0.84878482E-22 -0.42046885E-38
  0.25300000E+02  0.84227434E-22 -0.46121369E-38
  0.25400000E+02  0.83583744E-22 -0.44035596E-38
  0.25500000E+02  0.82947303E-22 -0.43427811E-38
  0.25600000E+02  0.82318005E-22 -0.47692589E-38
  0.25700000E+02  0.81695745E-22 -0.44843422E-38
  0.25800000E+02  0.81080420E-22 -0.45439674E-38
  0.25900000E+02  0.80471929E-22 -0.43282268E-38
  0.26000000E+02  0.79870173E-22 -0.43285702E-38
  0.26100000E+02  0.79275054E-22 -0.39715782E-38
  0.26200000E+02  0.78686478E-22 -0.37620827E-38
  0.26300000E+02  0.78104349E-22 -0.40518103E-38
  0.26400000E+02  0.77528575E-22 -0.39129859E-38
  0.26500000E+02  0.76959067E-22 -0.37909449E-38
  0.26600000E+02  0.76395733E-22 -0.38153112E-38
  0.26700000E+02  0.75838488E-22 -0.38243225E-38
  0.26800000E+02  0.75287244E-22 -0.38583900E-38
  0.26900000E+02  0.74741917E-22 -0.40653201E-38
  0.27000000E+02  0.74202424E-22 -0.38418381E-38
  0.27100000E+02  0.73668684E-22 -0.36579022E-38
  0.27200000E+02  0.73140615E-22 -0.38806813E-38
  0.27300000E+02  0.72618139E-22 -0.39665514E-38
  0.27400000E+02  0.72101179E-22 -0.35722469E-38
  0.27500000E+02  0.71589657E-22 -0.38466493E-38
  0.27600000E+02  0.71083500E-22 -0.36566752E-38
  0.27700000E+02  0.70582633E-22 -0.37327277E-38
  0.27800000E+02  0.70086983E-22 -0.34401974E-38
  0.27900000E+02  0.69596480E-22 -0.37236364E-38
  0.28000000E+02  0.69111054E-22 -0.37162151E-38
  0.28100000E+02  0.68630635E-22 -0.34955926E-38
  0.28200000E+02  0.68155156E-22 -0.35026894E-38
  0.28300000E+02  0.67684550E-22 -0.35793434E-38
  0.28400000E+02  0.67218752E-22 -0.36495518E-38
  0.28500000E+02  0.66757697E-22 -0.31856799E-38
  0.28600000E+02  0.66301322E-22 -0.35466218E-38
  0.28700000E+02  0.65849564E-22 -0.36298749E-38
  0.28800000E+02  0.65402362E-22 -0.33161880E-38
  0.28900000E+02  0.64959656E-22 -0.34226358E-38
  0.29000000E+02  0.64521387E-22 -0.34403400E-38
  0.29100000E+02  0.64087495E-22 -0.33060041E-38
  0.29200000E+02  0.63657924E-22 -0.33021628E-38
  0.29300000E+02  0.63232617E-22 -0.30534392E-38
  0.29400000E+02  0.62811519E-22 -0.35299645E-38
  0.29500000E+02  0.62394574E-22 -0.32156804E-38
  0.29600000E+02  0.61981729E-22 -0.34957924E-38
  0.29700000E+02  0.61572931E-22 -0.33428164E-38
  0.29800000E+02  0.61168128E-22 -0.31647685E-38
  0.29900000E+02  0.60767268E-22 -0.31247248E-38
  0.30000000E+02  0.60370301E-22 -0.30406861E-38
  0.30100000E+02  0.59977178E-22 -0.29764056E-38
  0.30200000E+02  0.59587849E-22 -0.32711511E-38
  0.30300000E+02  0.59202265E-22 -0.30275086E-38
  0.30400000E+02  0.58820381E-22 -0.30181090E-38
  0.30500000E+02  0.58442148E-22 -0.30754988E-38
  0.30600000E+02  0.58067522E-22 -0.31472697E-38
  0.30700000E+02  0.57696457E-22 -0.28458264E-38
  0.30800000E+02  0.57328907E-22 -0.29463882E-38
  0.30900000E+02  0.56964831E-22 -0.26930816E-38
  0.31000000E+02  0.56604183E-22 -0.29861190E-38
  0.31100000E+02  0.56246922E-22 -0.30395063E-38
  0.31200000E+02  0.55893007E-22 -0.28575367E-38
  0.31300000E+02  0.55542395E-22 -0.28287348E-38
  0.31400000E+02  0.55195045E-22 -0.27054580E-38
  0.31500000E+02  0.54850919E-22 -0.27305588E-38
  0.31600000E+02  0.54509977E-22 -0.30623582E-38
  0.31700000E+02  0.54172180E-22 -0.27325858E-38
  0.31800000E+02  0.53837489E-22 -0.26610615E-38
  0.31900000E+02  0.53505867E-22 -0.27566464E-38
  0.32000000E+02  0.53177278E-22 -0.25028848E-38
  0.32100000E+02  0.52851683E-22 -0.28857535E-38
  0.32200000E+02  0.52529049E-22 -0.25211664E-38
  0.32300000E+02  0.52209338E-22 -0.26160019E-38
  0.32400000E+02  0.51892516E-22 -0.24980141E-38
  0.32500000E+02  0.51578549E-22 -0.25254566E-38
  0.32600000E+02  0.51267403E-22 -0.25180902E-38
  0.32700000E+02  0.50959044E-22 -0.25881705E-38
  0.32800000E+02  0.50653440E-22 -0.27250589E-38
  0.32900000E+02  0.50350557E-22 -0.24631521E-38
  0.33000000E+02  0.50050365E-22 -0.24806187E-38
  0.33100000E+02  0.49752831E-22 -0.26208295E-38
  0.33200000E+02  0.49457925E-22 -0.25155222E-38
  0.33300000E+02  0.49165615E-22 -0.24379645E-38
  0.33400000E+02  0.48875873E-22 -0.23735796E-38
  0.33500000E+02  0.48588667E-22 -0.24464985E-38
  0.33600000E+02  0.48303969E-22 -0.23979127E-38
  0.33700000E+02  0.48021750E-22 -0.24466834E-38
  0.33800000E+02  0.47741981E-22 -0.21386383E-38
  0.33900000E+02  0.47464635E-22 -0.23983046E-38
  0.34000000E+02  0.47189683E-22 -0.22610851E-38
  0.34100000E+02  0.46917098E-22 -0.23710199E-38
  0.34200000E+02  0.46646854E-22 -0.23410697E-38
  0.34300000E+02  0.46378924E-22 -0.24203788E-38
  0.34400000E+02  0.46113281E-22 -0.23947172E-38
  0.34500000E+02  0.45849901E-22 -0.24234047E-38
  0.34600000E+02  0.45588756E-22 -0.21062061E-38
  0.34700000E+02  0.45329824E-22 -0.21457669E-38
  0.34800000E+02  0.45073078E-22 -0.23861034E-38
  0.34900000E+02  0.44818495E-22 -0.22505232E-38
  0.35000000E+02  0.44566049E-22 -0.22610650E-38
  0.35100000E+02  0.44315719E-22 -0.22874052E-38
  0.35200000E+02  0.44067479E-22 -0.21134349E-38
  0.35300000E+02  0.43821308E-22 -0.22294902E-38
  0.35400000E+02  0.43577182E-22 -0.21401038E-38
  0.35500000E+02  0.43335079E-22 -0.21605134E-38
  0.35600000E+02  0.43094977E-22 -0.23142863E-38
  0.35700000E+02  0.42856854E-22 -0.21254306E-38
  0.35800000E+02  0.42620688E-22 -0.19660735E-38
  0.35900000E+02  0.42386459E-22 -0.21233450E-38
  0.36000000E+02  0.42154144E-22 -0.22871763E-38
  0.36100000E+02  0.41923724E-22 -0.20623443E-38
  0.36200000E+02  0.41695178E-22 -0.21238262E-38
  0.36300000E+02  0.41468486E-22 -0.19920496E-38
  0.36400000E+02  0.41243628E-22 -0.20473804E-38
  0.36500000E+02  0.41020585E-22 -0.19155430E-38
  0.36600000E+02  0.40799336E-22 -0.18773271E-38
  0.36700000E+02  0.40579864E-22 -0.21228881E-38
  0.36800000E+02  0.40362149E-22 -0.20076137E-38
  0.36900000E+02  0.40146172E-22 -0.20088725E-38
  0.37000000E+02  0.39931915E-22 -0.20254212E-38
  0.37100000E+02  0.39719361E-22 -0.20208072E-38
  0.37200000E+02  0.39508491E-22 -0.20867875E-38
  0.37300000E+02  0.39299287E-22 -0.19987404E-38
  0.37400000E+02  0.39091733E-22 -0.19084280E-38
  0.37500000E+02  0.38885810E-22 -0.18907315E-38
  0.37600000E+02  0.38681503E-22 -0.19236002E-38
  0.37700000E+02  0.38478793E-22 -0.18312150E-38
  0.37800000E+02  0.38277666E-22 -0.18574623E-38
  0.37900000E+02  0.38078104E-22 -0.19508076E-38
  0.38000000E+02  0.37880091E-22 -0.19762386E-38
  0.38100000E+02  0.37683611E-22 -0.18241332E-38
  0.38200000E+02  0.37488650E-22 -0.19091204E-38
  0.38300000E+02  0.37295190E-22 -0.19821963E-38
  0.38400000E+02  0.37103217E-22 -0.18117121E-38
  0.38500000E+02  0.36912716E-22 -0.17997116E-38
  0.38600000E+02  0.36723672E-22 -0.15512429E-38
  0.38700000E+02  0.36536070E-22 -0.19489379E-38
  0.38800000E+02  0.36349895E-22 -0.20165583E-38
  0.38900000E+02  0.36165133E-22 -0.18341109E-38
  0.39000000E+02  0.35981771E-22 -0.18046681E-38
  0.39100000E+02  0.35799793E-22 -0.16839872E-38
  0.39200000E+02  0.35619187E-22 -0.17873530E-38
  0.39300000E+02  0.35439937E-22 -0.17904337E-38
  0.39400000E+02  0.35262032E-22 -0.19262520E-38
  0.39500000E+02  0.35085458E-22 -0.17642345E-38
  0.39600000E+02  0.34910200E-22 -0.17335695E-38
  0.39700000E+02  0.34736248E-22 -0.17487031E-38
  0.39800000E+02  0.34563586E-22 -0.19202293E-38
  0.39900000E+02  0.34392204E-22 -0.16570927E-38
  0.40000000E+02  0.34222088E-22 -0.16981001E-38
