  0.00000000E+00  0.25712934E-19  0.71253258E-36
  0.10000000E+00  0.39650815E-19 -0.50305314E-36
  0.20000000E+00  0.28371271E-19 -0.20346050E-36
  0.30000000E+00  0.17288606E-19  0.94332588E-37
  0.40000000E+00  0.90637717E-20  0.23562435E-36
  0.50000000E+00  0.32550371E-20  0.36830520E-36
  0.60000000E+00 -0.82275655E-21  0.39576190E-36
  0.70000000E+00 -0.37070794E-20  0.39970570E-36
  0.80000000E+00 -0.57707410E-20  0.40872769E-36
  0.90000000E+00 -0.72637972E-20  0.39030740E-36
  0.10000000E+01 -0.83533987E-20  0.36557115E-36
  0.11000000E+01 -0.91523112E-20  0.35555503E-36
  0.12000000E+01 -0.97377439E-20  0.30906564E-36
  0.13000000E+01 -0.10163480E-19  0.31110761E-36
  0.14000000E+01 -0.10467670E-19  0.29088637E-36
  0.15000000E+01 -0.10677880E-19  0.27786027E-36
  0.16000000E+01 -0.10814390E-19  0.27823924E-36
  0.17000000E+01 -0.10892388E-19  0.23864505E-36
  0.18000000E+01 -0.10923445E-19  0.22692814E-36
  0.19000000E+01 -0.10916521E-19  0.23134942E-36
  0.20000000E+01 -0.10878656E-19  0.21365578E-36
  0.21000000E+01 -0.10815467E-19  0.22589654E-36
  0.22000000E+01 -0.10731488E-19  0.21214072E-36
  0.23000000E+01 -0.10630425E-19  0.19375819E-36
  0.24000000E+01 -0.10515334E-19  0.21851561E-36
  0.25000000E+01 -0.10388764E-19  0.21946004E-36
  0.26000000E+01 -0.10252850E-19  0.17321814E-36
  0.27000000E+01 -0.10109397E-19  0.18375824E-36
  0.28000000E+01 -0.99599379E-20  0.18600870E-36
  0.29000000E+01 -0.98057800E-20  0.19963569E-36
  0.30000000E+01 -0.96480412E-20  0.16004523E-36
  0.31000000E+01 -0.94876813E-20  0.18238779E-36
  0.32000000E+01 -0.93255250E-20  0.16708178E-36
  0.33000000E+01 -0.91622817E-20  0.17346888E-36
  0.34000000E+01 -0.89985622E-20  0.17314865E-36
  0.35000000E+01 -0.88348920E-20  0.16608984E-36
  0.36000000E+01 -0.86717227E-20  0.16271664E-36
  0.37000000E+01 -0.85094420E-20  0.16415314E-36
  0.38000000E+01 -0.83483814E-20  0.16437342E-36
  0.39000000E+01 -0.81888241E-20  0.15270912E-36
  0.40000000E+01 -0.80310104E-20  0.14399161E-36
  0.41000000E+01 -0.78751431E-20  0.15422609E-36
  0.42000000E+01 -0.77213927E-20  0.14593594E-36
  0.43000000E+01 -0.75699006E-20  0.14058812E-36
  0.44000000E+01 -0.74207832E-20  0.13836226E-36
  0.45000000E+01 -0.72741345E-20  0.13758239E-36
  0.46000000E+01 -0.71300293E-20  0.14011619E-36
  0.47000000E+01 -0.69885252E-20  0.14853424E-36
  0.48000000E+01 -0.68496649E-20  0.13631753E-36
  0.49000000E+01 -0.67134779E-20  0.12926114E-36
  0.50000000E+01 -0.65799821E-20  0.12687095E-36
  0.51000000E+01 -0.64491857E-20  0.12545633E-36
  0.52000000E+01 -0.63210878E-20  0.12873014E-36
  0.53000000E+01 -0.61956801E-20  0.13745494E-36
  0.54000000E+01 -0.60729476E-20  0.12424651E-36
  0.55000000E+01 -0.59528697E-20  0.12420732E-36
  0.56000000E+01 -0.58354206E-20  0.11367223E-36
  0.57000000E+01 -0.57205705E-20  0.12531899E-36
  0.58000000E+01 -0.56082862E-20  0.12537881E-36
  0.59000000E+01 -0.54985310E-20  0.11321334E-36
  0.60000000E+01 -0.53912660E-20  0.11485578E-36
  0.61000000E+01 -0.52864502E-20  0.10862013E-36
  0.62000000E+01 -0.51840407E-20  0.11081982E-36
  0.63000000E+01 -0.50839933E-20  0.11126096E-36
  0.64000000E+01 -0.49862629E-20  0.10764373E-36
  0.65000000E+01 -0.48908033E-20  0.11332192E-36
  0.66000000E+01 -0.47975680E-20  0.11104780E-36
  0.67000000E+01 -0.47065100E-20  0.96516203E-37
  0.68000000E+01 -0.46175821E-20  0.10263970E-36
  0.69000000E+01 -0.45307372E-20  0.10493313E-36
  0.70000000E+01 -0.44459282E-20  0.99235800E-37
  0.71000000E+01 -0.43631085E-20  0.10187666E-36
  0.72000000E+01 -0.42822315E-20  0.96993320E-37
  0.73000000E+01 -0.42032513E-20  0.97351831E-37
  0.74000000E+01 -0.41261224E-20  0.92270778E-37
  0.75000000E+01 -0.40507999E-20  0.97510471E-37
  0.76000000E+01 -0.39772397E-20  0.92717120E-37
  0.77000000E+01 -0.39053982E-20  0.90083948E-37
  0.78000000E+01 -0.38352327E-20  0.92381010E-37
  0.79000000E+01 -0.37667011E-20  0.87373604E-37
  0.80000000E+01 -0.36997623E-20  0.80725593E-37
  0.81000000E+01 -0.36343758E-20  0.85459316E-37
  0.82000000E+01 -0.35705021E-20  0.76445923E-37
  0.83000000E+01 -0.35081025E-20  0.80992033E-37
  0.84000000E+01 -0.34471392E-20  0.83338842E-37
  0.85000000E+01 -0.33875750E-20  0.79610622E-37
  0.86000000E+01 -0.33293740E-20  0.78578244E-37
  0.87000000E+01 -0.32725007E-20  0.73810157E-37
  0.88000000E+01 -0.32169208E-20  0.74110825E-37
  0.89000000E+01 -0.31626007E-20  0.73115142E-37
  0.90000000E+01 -0.31095075E-20  0.75148847E-37
  0.91000000E+01 -0.30576095E-20  0.74695243E-37
  0.92000000E+01 -0.30068754E-20  0.70542403E-37
  0.93000000E+01 -0.29572750E-20  0.70637802E-37
  0.94000000E+01 -0.29087788E-20  0.69012495E-37
  0.95000000E+01 -0.28613580E-20  0.66493771E-37
  0.96000000E+01 -0.28149846E-20  0.64750357E-37
  0.97000000E+01 -0.27696314E-20  0.63041087E-37
  0.98000000E+01 -0.27252720E-20  0.66153363E-37
  0.99000000E+01 -0.26818806E-20  0.66777241E-37
  0.10000000E+02 -0.26394320E-20  0.61499631E-37
  0.10100000E+02 -0.25979019E-20  0.63895348E-37
  0.10200000E+02 -0.25572667E-20  0.63021664E-37
  0.10300000E+02 -0.25175032E-20  0.61569938E-37
  0.10400000E+02 -0.24785890E-20  0.59207375E-37
  0.10500000E+02 -0.24405023E-20  0.54470012E-37
  0.10600000E+02 -0.24032220E-20  0.57015472E-37
  0.10700000E+02 -0.23667274E-20  0.61021272E-37
  0.10800000E+02 -0.23309985E-20  0.60099260E-37
  0.10900000E+02 -0.22960158E-20  0.58095011E-37
  0.11000000E+02 -0.22617605E-20  0.57395402E-37
  0.11100000E+02 -0.22282140E-20  0.53005949E-37
  0.11200000E+02 -0.21953587E-20  0.54605368E-37
  0.11300000E+02 -0.21631770E-20  0.54270471E-37
  0.11400000E+02 -0.21316522E-20  0.52852998E-37
  0.11500000E+02 -0.21007677E-20  0.50594893E-37
  0.11600000E+02 -0.20705076E-20  0.53268972E-37
  0.11700000E+02 -0.20408565E-20  0.49689148E-37
  0.11800000E+02 -0.20117992E-20  0.52131503E-37
  0.11900000E+02 -0.19833212E-20  0.49119518E-37
  0.12000000E+02 -0.19554081E-20  0.51536535E-37
  0.12100000E+02 -0.19280461E-20  0.46175677E-37
  0.12200000E+02 -0.19012218E-20  0.47871530E-37
  0.12300000E+02 -0.18749220E-20  0.48972811E-37
  0.12400000E+02 -0.18491342E-20  0.47112246E-37
  0.12500000E+02 -0.18238458E-20  0.43855421E-37
  0.12600000E+02 -0.17990449E-20  0.44256141E-37
  0.12700000E+02 -0.17747198E-20  0.47192514E-37
  0.12800000E+02 -0.17508591E-20  0.43045010E-37
  0.12900000E+02 -0.17274518E-20  0.44838247E-37
  0.13000000E+02 -0.17044870E-20  0.43030838E-37
  0.13100000E+02 -0.16819544E-20  0.42263776E-37
  0.13200000E+02 -0.16598438E-20  0.43070933E-37
  0.13300000E+02 -0.16381453E-20  0.41414323E-37
  0.13400000E+02 -0.16168493E-20  0.40254461E-37
  0.13500000E+02 -0.15959463E-20  0.39204016E-37
  0.13600000E+02 -0.15754273E-20  0.40819047E-37
  0.13700000E+02 -0.15552835E-20  0.39002755E-37
  0.13800000E+02 -0.15355061E-20  0.37266124E-37
  0.13900000E+02 -0.15160868E-20  0.38592229E-37
  0.14000000E+02 -0.14970175E-20  0.37038591E-37
  0.14100000E+02 -0.14782902E-20  0.41587105E-37
  0.14200000E+02 -0.14598971E-20  0.36604376E-37
  0.14300000E+02 -0.14418308E-20  0.37462735E-37
  0.14400000E+02 -0.14240838E-20  0.39034717E-37
  0.14500000E+02 -0.14066491E-20  0.37241221E-37
  0.14600000E+02 -0.13895196E-20  0.36710066E-37
  0.14700000E+02 -0.13726887E-20  0.35768611E-37
  0.14800000E+02 -0.13561497E-20  0.37670661E-37
  0.14900000E+02 -0.13398962E-20  0.33192226E-37
  0.15000000E+02 -0.13239220E-20  0.34370361E-37
  0.15100000E+02 -0.13082209E-20  0.34903547E-37
  0.15200000E+02 -0.12927870E-20  0.33799795E-37
  0.15300000E+02 -0.12776146E-20  0.31299175E-37
  0.15400000E+02 -0.12626980E-20  0.34761430E-37
  0.15500000E+02 -0.12480318E-20  0.30632902E-37
  0.15600000E+02 -0.12336104E-20  0.33020788E-37
  0.15700000E+02 -0.12194289E-20  0.31367969E-37
  0.15800000E+02 -0.12054820E-20  0.30693735E-37
  0.15900000E+02 -0.11917648E-20  0.32606627E-37
  0.16000000E+02 -0.11782726E-20  0.31723490E-37
  0.16100000E+02 -0.11650005E-20  0.30739686E-37
  0.16200000E+02 -0.11519439E-20  0.31890593E-37
  0.16300000E+02 -0.11390985E-20  0.30457381E-37
  0.16400000E+02 -0.11264599E-20  0.28303492E-37
  0.16500000E+02 -0.11140237E-20  0.29397485E-37
  0.16600000E+02 -0.11017859E-20  0.29680598E-37
  0.16700000E+02 -0.10897423E-20  0.26623202E-37
  0.16800000E+02 -0.10778891E-20  0.27754161E-37
  0.16900000E+02 -0.10662223E-20  0.26904923E-37
  0.17000000E+02 -0.10547383E-20  0.27461212E-37
  0.17100000E+02 -0.10434333E-20  0.25962036E-37
  0.17200000E+02 -0.10323037E-20  0.26526202E-37
  0.17300000E+02 -0.10213461E-20  0.28794500E-37
  0.17400000E+02 -0.10105571E-20  0.26947199E-37
  0.17500000E+02 -0.99993321E-21  0.24937851E-37
  0.17600000E+02 -0.98947132E-21  0.24825240E-37
  0.17700000E+02 -0.97916821E-21  0.25219590E-37
  0.17800000E+02 -0.96902078E-21  0.25186838E-37
  0.17900000E+02 -0.95902601E-21  0.24088713E-37
  0.18000000E+02 -0.94918092E-21  0.24991969E-37
  0.18100000E+02 -0.93948264E-21  0.26022948E-37
  0.18200000E+02 -0.92992834E-21  0.24476874E-37
  0.18300000E+02 -0.92051527E-21  0.25752058E-37
  0.18400000E+02 -0.91124074E-21  0.24345630E-37
  0.18500000E+02 -0.90210210E-21  0.24203405E-37
  0.18600000E+02 -0.89309681E-21  0.23327540E-37
  0.18700000E+02 -0.88422233E-21  0.23359960E-37
  0.18800000E+02 -0.87547622E-21  0.22532050E-37
  0.18900000E+02 -0.86685608E-21  0.21921804E-37
  0.19000000E+02 -0.85835957E-21  0.23812335E-37
  0.19100000E+02 -0.84998438E-21  0.22767468E-37
  0.19200000E+02 -0.84172829E-21  0.23665419E-37
  0.19300000E+02 -0.83358910E-21  0.22764473E-37
  0.19400000E+02 -0.82556467E-21  0.22804824E-37
  0.19500000E+02 -0.81765290E-21  0.22062094E-37
  0.19600000E+02 -0.80985175E-21  0.22002656E-37
  0.19700000E+02 -0.80215921E-21  0.21452793E-37
  0.19800000E+02 -0.79457333E-21  0.19182720E-37
  0.19900000E+02 -0.78709218E-21  0.20740107E-37
  0.20000000E+02 -0.77971390E-21  0.19999704E-37
  0.20100000E+02 -0.77243665E-21  0.20812268E-37
  0.20200000E+02 -0.76525864E-21  0.20146010E-37
  0.20300000E+02 -0.75817811E-21  0.19137015E-37
  0.20400000E+02 -0.75119334E-21  0.22002921E-37
  0.20500000E+02 -0.74430265E-21  0.20642978E-37
  0.20600000E+02 -0.73750440E-21  0.20491602E-37
  0.20700000E+02 -0.73079698E-21  0.19235120E-37
  0.20800000E+02 -0.72417881E-21  0.20010915E-37
  0.20900000E+02 -0.71764835E-21  0.19250799E-37
  0.21000000E+02 -0.71120408E-21  0.18019634E-37
  0.21100000E+02 -0.70484454E-21  0.18809075E-37
  0.21200000E+02 -0.69856826E-21  0.17989683E-37
  0.21300000E+02 -0.69237384E-21  0.19144767E-37
  0.21400000E+02 -0.68625988E-21  0.17556945E-37
  0.21500000E+02 -0.68022503E-21  0.16754016E-37
  0.21600000E+02 -0.67426795E-21  0.17126585E-37
  0.21700000E+02 -0.66838734E-21  0.18369828E-37
  0.21800000E+02 -0.66258193E-21  0.17794833E-37
  0.21900000E+02 -0.65685045E-21  0.16899062E-37
  0.22000000E+02 -0.65119168E-21  0.17404614E-37
  0.22100000E+02 -0.64560443E-21  0.17612096E-37
  0.22200000E+02 -0.64008751E-21  0.17054943E-37
  0.22300000E+02 -0.63463977E-21  0.17045687E-37
  0.22400000E+02 -0.62926009E-21  0.17748589E-37
  0.22500000E+02 -0.62394734E-21  0.18395989E-37
  0.22600000E+02 -0.61870045E-21  0.17231413E-37
  0.22700000E+02 -0.61351835E-21  0.16535010E-37
  0.22800000E+02 -0.60840000E-21  0.16835158E-37
  0.22900000E+02 -0.60334437E-21  0.17302383E-37
  0.23000000E+02 -0.59835047E-21  0.15016481E-37
  0.23100000E+02 -0.59341730E-21  0.17113750E-37
  0.23200000E+02 -0.58854391E-21  0.15740048E-37
  0.23300000E+02 -0.58372935E-21  0.15995167E-37
  0.23400000E+02 -0.57897268E-21  0.16465313E-37
  0.23500000E+02 -0.57427302E-21  0.15029989E-37
  0.23600000E+02 -0.56962945E-21  0.15789325E-37
  0.23700000E+02 -0.56504110E-21  0.15171526E-37
  0.23800000E+02 -0.56050713E-21  0.15298088E-37
  0.23900000E+02 -0.55602668E-21  0.15428133E-37
  0.24000000E+02 -0.55159893E-21  0.14085462E-37
  0.24100000E+02 -0.54722307E-21  0.14221428E-37
  0.24200000E+02 -0.54289831E-21  0.14720277E-37
  0.24300000E+02 -0.53862386E-21  0.15839606E-37
  0.24400000E+02 -0.53439896E-21  0.14747539E-37
  0.24500000E+02 -0.53022285E-21  0.13931512E-37
  0.24600000E+02 -0.52609481E-21  0.14465483E-37
  0.24700000E+02 -0.52201411E-21  0.14090283E-37
  0.24800000E+02 -0.51798003E-21  0.13953701E-37
  0.24900000E+02 -0.51399188E-21  0.13295268E-37
  0.25000000E+02 -0.51004897E-21  0.13748049E-37
  0.25100000E+02 -0.50615064E-21  0.13880969E-37
  0.25200000E+02 -0.50229623E-21  0.12612456E-37
  0.25300000E+02 -0.49848508E-21  0.13293362E-37
  0.25400000E+02 -0.49471655E-21  0.13615976E-37
  0.25500000E+02 -0.49099004E-21  0.13554900E-37
  0.25600000E+02 -0.48730491E-21  0.13836362E-37
  0.25700000E+02 -0.48366058E-21  0.12547294E-37
  0.25800000E+02 -0.48005644E-21  0.13197808E-37
  0.25900000E+02 -0.47649192E-21  0.13409949E-37
  0.26000000E+02 -0.47296645E-21  0.11829315E-37
  0.26100000E+02 -0.46947946E-21  0.12546616E-37
  0.26200000E+02 -0.46603041E-21  0.12935788E-37
  0.26300000E+02 -0.46261875E-21  0.12393088E-37
  0.26400000E+02 -0.45924396E-21  0.12705523E-37
  0.26500000E+02 -0.45590550E-21  0.11708933E-37
  0.26600000E+02 -0.45260288E-21  0.12390615E-37
  0.26700000E+02 -0.44933557E-21  0.11896417E-37
  0.26800000E+02 -0.44610309E-21  0.11495373E-37
  0.26900000E+02 -0.44290495E-21  0.11111354E-37
  0.27000000E+02 -0.43974067E-21  0.11486391E-37
  0.27100000E+02 -0.43660979E-21  0.11306306E-37
  0.27200000E+02 -0.43351183E-21  0.11333376E-37
  0.27300000E+02 -0.43044634E-21  0.11733792E-37
  0.27400000E+02 -0.42741289E-21  0.11148869E-37
  0.27500000E+02 -0.42441102E-21  0.10545930E-37
  0.27600000E+02 -0.42144030E-21  0.11031386E-37
  0.27700000E+02 -0.41850032E-21  0.11592591E-37
  0.27800000E+02 -0.41559065E-21  0.11191867E-37
  0.27900000E+02 -0.41271089E-21  0.11234756E-37
  0.28000000E+02 -0.40986062E-21  0.10911035E-37
  0.28100000E+02 -0.40703946E-21  0.10821309E-37
  0.28200000E+02 -0.40424701E-21  0.11314353E-37
  0.28300000E+02 -0.40148289E-21  0.11162886E-37
  0.28400000E+02 -0.39874672E-21  0.11144280E-37
  0.28500000E+02 -0.39603813E-21  0.11590321E-37
  0.28600000E+02 -0.39335675E-21  0.11017405E-37
  0.28700000E+02 -0.39070223E-21  0.10678977E-37
  0.28800000E+02 -0.38807421E-21  0.10470317E-37
  0.28900000E+02 -0.38547234E-21  0.11278979E-37
  0.29000000E+02 -0.38289628E-21  0.10382829E-37
  0.29100000E+02 -0.38034570E-21  0.95482718E-38
  0.29200000E+02 -0.37782026E-21  0.10042508E-37
  0.29300000E+02 -0.37531964E-21  0.97111577E-38
  0.29400000E+02 -0.37284352E-21  0.10259622E-37
  0.29500000E+02 -0.37039157E-21  0.10262158E-37
  0.29600000E+02 -0.36796350E-21  0.98223601E-38
  0.29700000E+02 -0.36555899E-21  0.10071523E-37
  0.29800000E+02 -0.36317775E-21  0.98496381E-38
  0.29900000E+02 -0.36081947E-21  0.95698623E-38
  0.30000000E+02 -0.35848387E-21  0.10367280E-37
  0.30100000E+02 -0.35617066E-21  0.10515118E-37
  0.30200000E+02 -0.35387955E-21  0.98888384E-38
  0.30300000E+02 -0.35161028E-21  0.92623433E-38
  0.30400000E+02 -0.34936256E-21  0.92738485E-38
  0.30500000E+02 -0.34713612E-21  0.94764609E-38
  0.30600000E+02 -0.34493071E-21  0.99395642E-38
  0.30700000E+02 -0.34274605E-21  0.99470636E-38
  0.30800000E+02 -0.34058189E-21  0.94076054E-38
  0.30900000E+02 -0.33843799E-21  0.92804609E-38
  0.31000000E+02 -0.33631408E-21  0.91162872E-38
  0.31100000E+02 -0.33420993E-21  0.89342284E-38
  0.31200000E+02 -0.33212528E-21  0.91512402E-38
  0.31300000E+02 -0.33005991E-21  0.87265661E-38
  0.31400000E+02 -0.32801358E-21  0.92133151E-38
  0.31500000E+02 -0.32598606E-21  0.86985503E-38
  0.31600000E+02 -0.32397711E-21  0.85953445E-38
  0.31700000E+02 -0.32198652E-21  0.87598629E-38
  0.31800000E+02 -0.32001407E-21  0.89954694E-38
  0.31900000E+02 -0.31805953E-21  0.85628013E-38
  0.32000000E+02 -0.31612269E-21  0.85208510E-38
  0.32100000E+02 -0.31420334E-21  0.84141403E-38
  0.32200000E+02 -0.31230128E-21  0.90233696E-38
  0.32300000E+02 -0.31041629E-21  0.91003690E-38
  0.32400000E+02 -0.30854818E-21  0.86570035E-38
  0.32500000E+02 -0.30669674E-21  0.80710458E-38
  0.32600000E+02 -0.30486179E-21  0.83837877E-38
  0.32700000E+02 -0.30304312E-21  0.82949524E-38
  0.32800000E+02 -0.30124055E-21  0.82676410E-38
  0.32900000E+02 -0.29945388E-21  0.87662279E-38
  0.33000000E+02 -0.29768294E-21  0.81199455E-38
  0.33100000E+02 -0.29592754E-21  0.82857903E-38
  0.33200000E+02 -0.29418750E-21  0.77584493E-38
  0.33300000E+02 -0.29246264E-21  0.87430998E-38
  0.33400000E+02 -0.29075280E-21  0.73396682E-38
  0.33500000E+02 -0.28905779E-21  0.79300856E-38
  0.33600000E+02 -0.28737744E-21  0.80599573E-38
  0.33700000E+02 -0.28571160E-21  0.78688515E-38
  0.33800000E+02 -0.28406008E-21  0.78472286E-38
  0.33900000E+02 -0.28242274E-21  0.71907022E-38
  0.34000000E+02 -0.28079942E-21  0.77549448E-38
  0.34100000E+02 -0.27918994E-21  0.77755265E-38
  0.34200000E+02 -0.27759416E-21  0.77523899E-38
  0.34300000E+02 -0.27601193E-21  0.79597943E-38
  0.34400000E+02 -0.27444308E-21  0.76905443E-38
  0.34500000E+02 -0.27288748E-21  0.71842089E-38
  0.34600000E+02 -0.27134497E-21  0.68501945E-38
  0.34700000E+02 -0.26981541E-21  0.77635989E-38
  0.34800000E+02 -0.26829866E-21  0.73638719E-38
  0.34900000E+02 -0.26679457E-21  0.73193950E-38
  0.35000000E+02 -0.26530300E-21  0.71028265E-38
  0.35100000E+02 -0.26382383E-21  0.69755894E-38
  0.35200000E+02 -0.26235690E-21  0.70866743E-38
  0.35300000E+02 -0.26090209E-21  0.74278856E-38
  0.35400000E+02 -0.25945926E-21  0.69678957E-38
  0.35500000E+02 -0.25802829E-21  0.69656786E-38
  0.35600000E+02 -0.25660904E-21  0.72492758E-38
  0.35700000E+02 -0.25520140E-21  0.67316914E-38
  0.35800000E+02 -0.25380522E-21  0.70697002E-38
  0.35900000E+02 -0.25242040E-21  0.72111473E-38
  0.36000000E+02 -0.25104681E-21  0.73226485E-38
  0.36100000E+02 -0.24968432E-21  0.74769132E-38
  0.36200000E+02 -0.24833282E-21  0.70862500E-38
  0.36300000E+02 -0.24699220E-21  0.72573680E-38
  0.36400000E+02 -0.24566233E-21  0.66996388E-38
  0.36500000E+02 -0.24434311E-21  0.67433012E-38
  0.36600000E+02 -0.24303441E-21  0.68115336E-38
  0.36700000E+02 -0.24173614E-21  0.61066551E-38
  0.36800000E+02 -0.24044817E-21  0.68965735E-38
  0.36900000E+02 -0.23917041E-21  0.64953327E-38
  0.37000000E+02 -0.23790274E-21  0.62127931E-38
  0.37100000E+02 -0.23664506E-21  0.62491918E-38
  0.37200000E+02 -0.23539726E-21  0.66718252E-38
  0.37300000E+02 -0.23415925E-21  0.61210342E-38
  0.37400000E+02 -0.23293092E-21  0.68197282E-38
  0.37500000E+02 -0.23171217E-21  0.61847995E-38
  0.37600000E+02 -0.23050290E-21  0.62876825E-38
  0.37700000E+02 -0.22930302E-21  0.65752907E-38
  0.37800000E+02 -0.22811243E-21  0.65412356E-38
  0.37900000E+02 -0.22693103E-21  0.60291232E-38
  0.38000000E+02 -0.22575873E-21  0.61420240E-38
  0.38100000E+02 -0.22459544E-21  0.63126638E-38
  0.38200000E+02 -0.22344106E-21  0.61561584E-38
  0.38300000E+02 -0.22229551E-21  0.58082520E-38
  0.38400000E+02 -0.22115870E-21  0.63608657E-38
  0.38500000E+02 -0.22003053E-21  0.62045007E-38
  0.38600000E+02 -0.21891093E-21  0.63466722E-38
  0.38700000E+02 -0.21779980E-21  0.63613760E-38
  0.38800000E+02 -0.21669706E-21  0.61468089E-38
  0.38900000E+02 -0.21560262E-21  0.59390720E-38
  0.39000000E+02 -0.21451641E-21  0.61652983E-38
  0.39100000E+02 -0.21343835E-21  0.60095540E-38
  0.39200000E+02 -0.21236834E-21  0.56783534E-38
  0.39300000E+02 -0.21130632E-21  0.57976568E-38
  0.39400000E+02 -0.21025219E-21  0.60570241E-38
  0.39500000E+02 -0.20920590E-21  0.61342620E-38
  0.39600000E+02 -0.20816735E-21  0.52049335E-38
  0.39700000E+02 -0.20713648E-21  0.57881903E-38
  0.39800000E+02 -0.20611320E-21  0.57297936E-38
  0.39900000E+02 -0.20509745E-21  0.56993696E-38
  0.40000000E+02 -0.20408914E-21  0.57406115E-38
