  0.00000000E+00  0.26914735E-19 -0.46488724E-36
  0.10000000E+00  0.18777888E-19 -0.68897288E-37
  0.20000000E+00  0.15149520E-19 -0.89877690E-38
  0.30000000E+00  0.13152075E-19  0.81659609E-39
  0.40000000E+00  0.11834030E-19  0.20938951E-38
  0.50000000E+00  0.10880537E-19  0.14173171E-38
  0.60000000E+00  0.10146062E-19  0.73179940E-39
  0.70000000E+00  0.95526917E-20  0.13873747E-39
  0.80000000E+00  0.90551648E-20 -0.29286459E-39
  0.90000000E+00  0.86256789E-20 -0.55080729E-39
  0.10000000E+01  0.82464037E-20 -0.75661427E-39
  0.11000000E+01  0.79054841E-20 -0.82680643E-39
  0.12000000E+01  0.75947842E-20 -0.82578288E-39
  0.13000000E+01  0.73085601E-20 -0.76264861E-39
  0.14000000E+01  0.70426491E-20 -0.77738472E-39
  0.15000000E+01  0.67939608E-20 -0.75536832E-39
  0.16000000E+01  0.65601487E-20 -0.71924749E-39
  0.17000000E+01  0.63393928E-20 -0.67584665E-39
  0.18000000E+01  0.61302537E-20 -0.63164125E-39
  0.19000000E+01  0.59315712E-20 -0.66950240E-39
  0.20000000E+01  0.57423940E-20 -0.61973748E-39
  0.21000000E+01  0.55619293E-20 -0.58541777E-39
  0.22000000E+01  0.53895061E-20 -0.55810848E-39
  0.23000000E+01  0.52245490E-20 -0.50055314E-39
  0.24000000E+01  0.50665578E-20 -0.50985065E-39
  0.25000000E+01  0.49150928E-20 -0.51629587E-39
  0.26000000E+01  0.47697634E-20 -0.50093360E-39
  0.27000000E+01  0.46302194E-20 -0.45073021E-39
  0.28000000E+01  0.44961442E-20 -0.45715108E-39
  0.29000000E+01  0.43672491E-20 -0.47706002E-39
  0.30000000E+01  0.42432699E-20 -0.45050503E-39
  0.31000000E+01  0.41239627E-20 -0.43791174E-39
  0.32000000E+01  0.40091017E-20 -0.43577927E-39
  0.33000000E+01  0.38984767E-20 -0.44124523E-39
  0.34000000E+01  0.37918914E-20 -0.42057285E-39
  0.35000000E+01  0.36891621E-20 -0.40334606E-39
  0.36000000E+01  0.35901160E-20 -0.40123694E-39
  0.37000000E+01  0.34945905E-20 -0.40870888E-39
  0.38000000E+01  0.34024323E-20 -0.40790083E-39
  0.39000000E+01  0.33134963E-20 -0.39150449E-39
  0.40000000E+01  0.32276453E-20 -0.37618623E-39
  0.41000000E+01  0.31447493E-20 -0.38990122E-39
  0.42000000E+01  0.30646847E-20 -0.38234671E-39
  0.43000000E+01  0.29873343E-20 -0.37341315E-39
  0.44000000E+01  0.29125867E-20 -0.36401573E-39
  0.45000000E+01  0.28403359E-20 -0.36925498E-39
  0.46000000E+01  0.27704808E-20 -0.35963530E-39
  0.47000000E+01  0.27029253E-20 -0.35232135E-39
  0.48000000E+01  0.26375777E-20 -0.34053084E-39
  0.49000000E+01  0.25743507E-20 -0.34097891E-39
  0.50000000E+01  0.25131608E-20 -0.34240002E-39
  0.51000000E+01  0.24539284E-20 -0.33126407E-39
  0.52000000E+01  0.23965775E-20 -0.32322306E-39
  0.53000000E+01  0.23410355E-20 -0.32479524E-39
  0.54000000E+01  0.22872331E-20 -0.32205630E-39
  0.55000000E+01  0.22351039E-20 -0.30914313E-39
  0.56000000E+01  0.21845846E-20 -0.30622316E-39
  0.57000000E+01  0.21356147E-20 -0.30470376E-39
  0.58000000E+01  0.20881360E-20 -0.30263465E-39
  0.59000000E+01  0.20420932E-20 -0.29856438E-39
  0.60000000E+01  0.19974331E-20 -0.28893085E-39
  0.61000000E+01  0.19541050E-20 -0.29272794E-39
  0.62000000E+01  0.19120601E-20 -0.27997979E-39
  0.63000000E+01  0.18712519E-20 -0.27833147E-39
  0.64000000E+01  0.18316358E-20 -0.26778131E-39
  0.65000000E+01  0.17931688E-20 -0.27225780E-39
  0.66000000E+01  0.17558101E-20 -0.26781174E-39
  0.67000000E+01  0.17195204E-20 -0.26204446E-39
  0.68000000E+01  0.16842619E-20 -0.26235259E-39
  0.69000000E+01  0.16499985E-20 -0.25676804E-39
  0.70000000E+01  0.16166955E-20 -0.25172251E-39
  0.71000000E+01  0.15843197E-20 -0.25304586E-39
  0.72000000E+01  0.15528391E-20 -0.24686692E-39
  0.73000000E+01  0.15222231E-20 -0.24703129E-39
  0.74000000E+01  0.14924423E-20 -0.24394945E-39
  0.75000000E+01  0.14634684E-20 -0.23769629E-39
  0.76000000E+01  0.14352744E-20 -0.23720719E-39
  0.77000000E+01  0.14078340E-20 -0.23005834E-39
  0.78000000E+01  0.13811223E-20 -0.22704794E-39
  0.79000000E+01  0.13551152E-20 -0.22994779E-39
  0.80000000E+01  0.13297895E-20 -0.22290739E-39
  0.81000000E+01  0.13051231E-20 -0.22021993E-39
  0.82000000E+01  0.12810945E-20 -0.21418070E-39
  0.83000000E+01  0.12576830E-20 -0.21471216E-39
  0.84000000E+01  0.12348690E-20 -0.20736153E-39
  0.85000000E+01  0.12126334E-20 -0.20963192E-39
  0.86000000E+01  0.11909578E-20 -0.20608010E-39
  0.87000000E+01  0.11698245E-20 -0.20349079E-39
  0.88000000E+01  0.11492166E-20 -0.19966627E-39
  0.89000000E+01  0.11291177E-20 -0.19507428E-39
  0.90000000E+01  0.11095121E-20 -0.19891066E-39
  0.91000000E+01  0.10903844E-20 -0.19465738E-39
  0.92000000E+01  0.10717202E-20 -0.19201333E-39
  0.93000000E+01  0.10535052E-20 -0.18683318E-39
  0.94000000E+01  0.10357260E-20 -0.18826108E-39
  0.95000000E+01  0.10183693E-20 -0.18388950E-39
  0.96000000E+01  0.10014225E-20 -0.18189385E-39
  0.97000000E+01  0.98487345E-21 -0.17996108E-39
  0.98000000E+01  0.96871036E-21 -0.17785094E-39
  0.99000000E+01  0.95292188E-21 -0.17626539E-39
  0.10000000E+02  0.93749703E-21 -0.16927005E-39
  0.10100000E+02  0.92242526E-21 -0.16977676E-39
  0.10200000E+02  0.90769634E-21 -0.16983762E-39
  0.10300000E+02  0.89330041E-21 -0.16698682E-39
  0.10400000E+02  0.87922796E-21 -0.15796827E-39
  0.10500000E+02  0.86546978E-21 -0.16181357E-39
  0.10600000E+02  0.85201698E-21 -0.16185048E-39
  0.10700000E+02  0.83886097E-21 -0.15777902E-39
  0.10800000E+02  0.82599347E-21 -0.15468714E-39
  0.10900000E+02  0.81340643E-21 -0.15317112E-39
  0.11000000E+02  0.80109211E-21 -0.15497119E-39
  0.11100000E+02  0.78904300E-21 -0.14936141E-39
  0.11200000E+02  0.77725184E-21 -0.14999978E-39
  0.11300000E+02  0.76571163E-21 -0.14961958E-39
  0.11400000E+02  0.75441557E-21 -0.14269232E-39
  0.11500000E+02  0.74335708E-21 -0.14312586E-39
  0.11600000E+02  0.73252982E-21 -0.13913665E-39
  0.11700000E+02  0.72192762E-21 -0.13924512E-39
  0.11800000E+02  0.71154453E-21 -0.13792446E-39
  0.11900000E+02  0.70137477E-21 -0.13659265E-39
  0.12000000E+02  0.69141276E-21 -0.13393268E-39
  0.12100000E+02  0.68165309E-21 -0.13262514E-39
  0.12200000E+02  0.67209052E-21 -0.13003388E-39
  0.12300000E+02  0.66271995E-21 -0.12987319E-39
  0.12400000E+02  0.65353648E-21 -0.12829615E-39
  0.12500000E+02  0.64453532E-21 -0.12489729E-39
  0.12600000E+02  0.63571185E-21 -0.12854138E-39
  0.12700000E+02  0.62706159E-21 -0.12246418E-39
  0.12800000E+02  0.61858019E-21 -0.12320427E-39
  0.12900000E+02  0.61026343E-21 -0.12258561E-39
  0.13000000E+02  0.60210723E-21 -0.11985334E-39
  0.13100000E+02  0.59410760E-21 -0.11884246E-39
  0.13200000E+02  0.58626070E-21 -0.11841617E-39
  0.13300000E+02  0.57856280E-21 -0.11630214E-39
  0.13400000E+02  0.57101027E-21 -0.11507688E-39
  0.13500000E+02  0.56359959E-21 -0.11377629E-39
  0.13600000E+02  0.55632734E-21 -0.11426373E-39
  0.13700000E+02  0.54919020E-21 -0.11231336E-39
  0.13800000E+02  0.54218495E-21 -0.10910092E-39
  0.13900000E+02  0.53530846E-21 -0.10917907E-39
  0.14000000E+02  0.52855770E-21 -0.10704672E-39
  0.14100000E+02  0.52192970E-21 -0.10561564E-39
  0.14200000E+02  0.51542160E-21 -0.10481394E-39
  0.14300000E+02  0.50903062E-21 -0.10328616E-39
  0.14400000E+02  0.50275403E-21 -0.10259871E-39
  0.14500000E+02  0.49658920E-21 -0.10245618E-39
  0.14600000E+02  0.49053358E-21 -0.10088209E-39
  0.14700000E+02  0.48458468E-21 -0.98149170E-40
  0.14800000E+02  0.47874006E-21 -0.10002046E-39
  0.14900000E+02  0.47299739E-21 -0.97550168E-40
  0.15000000E+02  0.46735436E-21 -0.97569045E-40
  0.15100000E+02  0.46180875E-21 -0.94993200E-40
  0.15200000E+02  0.45635838E-21 -0.93166737E-40
  0.15300000E+02  0.45100116E-21 -0.93973068E-40
  0.15400000E+02  0.44573503E-21 -0.92414685E-40
  0.15500000E+02  0.44055798E-21 -0.92129295E-40
  0.15600000E+02  0.43546808E-21 -0.90434069E-40
  0.15700000E+02  0.43046343E-21 -0.90875611E-40
  0.15800000E+02  0.42554218E-21 -0.89597997E-40
  0.15900000E+02  0.42070254E-21 -0.88658682E-40
  0.16000000E+02  0.41594277E-21 -0.88766279E-40
  0.16100000E+02  0.41126116E-21 -0.84843197E-40
  0.16200000E+02  0.40665604E-21 -0.85397836E-40
  0.16300000E+02  0.40212581E-21 -0.83397786E-40
  0.16400000E+02  0.39766889E-21 -0.83161270E-40
  0.16500000E+02  0.39328375E-21 -0.83675416E-40
  0.16600000E+02  0.38896888E-21 -0.83879758E-40
  0.16700000E+02  0.38472283E-21 -0.81335412E-40
  0.16800000E+02  0.38054418E-21 -0.79603445E-40
  0.16900000E+02  0.37643155E-21 -0.78978483E-40
  0.17000000E+02  0.37238358E-21 -0.78267033E-40
  0.17100000E+02  0.36839896E-21 -0.79140353E-40
  0.17200000E+02  0.36447641E-21 -0.77899684E-40
  0.17300000E+02  0.36061466E-21 -0.76320229E-40
  0.17400000E+02  0.35681250E-21 -0.76234675E-40
  0.17500000E+02  0.35306873E-21 -0.75070473E-40
  0.17600000E+02  0.34938220E-21 -0.74591345E-40
  0.17700000E+02  0.34575176E-21 -0.74630387E-40
  0.17800000E+02  0.34217632E-21 -0.73437723E-40
  0.17900000E+02  0.33865478E-21 -0.73668751E-40
  0.18000000E+02  0.33518610E-21 -0.72070926E-40
  0.18100000E+02  0.33176924E-21 -0.71368723E-40
  0.18200000E+02  0.32840321E-21 -0.71352089E-40
  0.18300000E+02  0.32508700E-21 -0.68724177E-40
  0.18400000E+02  0.32181968E-21 -0.69623786E-40
  0.18500000E+02  0.31860030E-21 -0.68019796E-40
  0.18600000E+02  0.31542795E-21 -0.68562767E-40
  0.18700000E+02  0.31230174E-21 -0.66711373E-40
  0.18800000E+02  0.30922078E-21 -0.66590763E-40
  0.18900000E+02  0.30618424E-21 -0.65243401E-40
  0.19000000E+02  0.30319128E-21 -0.65942394E-40
  0.19100000E+02  0.30024109E-21 -0.64974147E-40
  0.19200000E+02  0.29733286E-21 -0.64121579E-40
  0.19300000E+02  0.29446583E-21 -0.63166867E-40
  0.19400000E+02  0.29163923E-21 -0.63915719E-40
  0.19500000E+02  0.28885232E-21 -0.62790320E-40
  0.19600000E+02  0.28610438E-21 -0.61655533E-40
  0.19700000E+02  0.28339470E-21 -0.62333637E-40
  0.19800000E+02  0.28072258E-21 -0.61059363E-40
  0.19900000E+02  0.27808734E-21 -0.61001491E-40
  0.20000000E+02  0.27548833E-21 -0.59917272E-40
  0.20100000E+02  0.27292489E-21 -0.59591062E-40
  0.20200000E+02  0.27039639E-21 -0.59771472E-40
  0.20300000E+02  0.26790220E-21 -0.58171377E-40
  0.20400000E+02  0.26544173E-21 -0.56981151E-40
  0.20500000E+02  0.26301437E-21 -0.57299799E-40
  0.20600000E+02  0.26061955E-21 -0.57285636E-40
  0.20700000E+02  0.25825669E-21 -0.55885062E-40
  0.20800000E+02  0.25592525E-21 -0.55752911E-40
  0.20900000E+02  0.25362467E-21 -0.55989132E-40
  0.21000000E+02  0.25135442E-21 -0.54336235E-40
  0.21100000E+02  0.24911399E-21 -0.54146172E-40
  0.21200000E+02  0.24690285E-21 -0.54085908E-40
  0.21300000E+02  0.24472051E-21 -0.53380575E-40
  0.21400000E+02  0.24256648E-21 -0.53013378E-40
  0.21500000E+02  0.24044028E-21 -0.52238306E-40
  0.21600000E+02  0.23834144E-21 -0.52030647E-40
  0.21700000E+02  0.23626951E-21 -0.51480971E-40
  0.21800000E+02  0.23422402E-21 -0.51323930E-40
  0.21900000E+02  0.23220454E-21 -0.50680141E-40
  0.22000000E+02  0.23021064E-21 -0.50934054E-40
  0.22100000E+02  0.22824189E-21 -0.50083230E-40
  0.22200000E+02  0.22629788E-21 -0.49308681E-40
  0.22300000E+02  0.22437821E-21 -0.49239568E-40
  0.22400000E+02  0.22248247E-21 -0.48590517E-40
  0.22500000E+02  0.22061027E-21 -0.49624700E-40
  0.22600000E+02  0.21876124E-21 -0.48077358E-40
  0.22700000E+02  0.21693499E-21 -0.48201339E-40
  0.22800000E+02  0.21513116E-21 -0.47742959E-40
  0.22900000E+02  0.21334939E-21 -0.47304960E-40
  0.23000000E+02  0.21158933E-21 -0.46684424E-40
  0.23100000E+02  0.20985063E-21 -0.46087260E-40
  0.23200000E+02  0.20813295E-21 -0.46655038E-40
  0.23300000E+02  0.20643596E-21 -0.45785732E-40
  0.23400000E+02  0.20475933E-21 -0.45684270E-40
  0.23500000E+02  0.20310275E-21 -0.45955874E-40
  0.23600000E+02  0.20146589E-21 -0.44811789E-40
  0.23700000E+02  0.19984846E-21 -0.44688976E-40
  0.23800000E+02  0.19825015E-21 -0.43699573E-40
  0.23900000E+02  0.19667066E-21 -0.43712940E-40
  0.24000000E+02  0.19510970E-21 -0.43144463E-40
  0.24100000E+02  0.19356699E-21 -0.43220454E-40
  0.24200000E+02  0.19204225E-21 -0.43237163E-40
  0.24300000E+02  0.19053521E-21 -0.43078522E-40
  0.24400000E+02  0.18904559E-21 -0.42385103E-40
  0.24500000E+02  0.18757313E-21 -0.42146513E-40
  0.24600000E+02  0.18611758E-21 -0.41101990E-40
  0.24700000E+02  0.18467867E-21 -0.41099325E-40
  0.24800000E+02  0.18325617E-21 -0.41122534E-40
  0.24900000E+02  0.18184981E-21 -0.41022887E-40
  0.25000000E+02  0.18045937E-21 -0.40413550E-40
  0.25100000E+02  0.17908461E-21 -0.39644113E-40
  0.25200000E+02  0.17772529E-21 -0.39633739E-40
  0.25300000E+02  0.17638119E-21 -0.39381513E-40
  0.25400000E+02  0.17505208E-21 -0.39468899E-40
  0.25500000E+02  0.17373775E-21 -0.38196695E-40
  0.25600000E+02  0.17243797E-21 -0.38371850E-40
  0.25700000E+02  0.17115255E-21 -0.38380662E-40
  0.25800000E+02  0.16988126E-21 -0.37838531E-40
  0.25900000E+02  0.16862391E-21 -0.37868853E-40
  0.26000000E+02  0.16738029E-21 -0.37222264E-40
  0.26100000E+02  0.16615022E-21 -0.37234343E-40
  0.26200000E+02  0.16493348E-21 -0.37088566E-40
  0.26300000E+02  0.16372991E-21 -0.36505961E-40
  0.26400000E+02  0.16253930E-21 -0.36167897E-40
  0.26500000E+02  0.16136147E-21 -0.36231181E-40
  0.26600000E+02  0.16019625E-21 -0.36500117E-40
  0.26700000E+02  0.15904345E-21 -0.35140903E-40
  0.26800000E+02  0.15790291E-21 -0.34726746E-40
  0.26900000E+02  0.15677445E-21 -0.35319511E-40
  0.27000000E+02  0.15565791E-21 -0.35170894E-40
  0.27100000E+02  0.15455311E-21 -0.35291959E-40
  0.27200000E+02  0.15345990E-21 -0.34878257E-40
  0.27300000E+02  0.15237812E-21 -0.34407682E-40
  0.27400000E+02  0.15130760E-21 -0.33880490E-40
  0.27500000E+02  0.15024820E-21 -0.33933569E-40
  0.27600000E+02  0.14919976E-21 -0.33766203E-40
  0.27700000E+02  0.14816214E-21 -0.32900566E-40
  0.27800000E+02  0.14713519E-21 -0.33275539E-40
  0.27900000E+02  0.14611876E-21 -0.32828341E-40
  0.28000000E+02  0.14511271E-21 -0.32636852E-40
  0.28100000E+02  0.14411690E-21 -0.32337557E-40
  0.28200000E+02  0.14313120E-21 -0.32108291E-40
  0.28300000E+02  0.14215547E-21 -0.32090068E-40
  0.28400000E+02  0.14118958E-21 -0.31491409E-40
  0.28500000E+02  0.14023340E-21 -0.31637414E-40
  0.28600000E+02  0.13928679E-21 -0.31828207E-40
  0.28700000E+02  0.13834964E-21 -0.31480754E-40
  0.28800000E+02  0.13742181E-21 -0.30988026E-40
  0.28900000E+02  0.13650320E-21 -0.30554455E-40
  0.29000000E+02  0.13559366E-21 -0.30749057E-40
  0.29100000E+02  0.13469310E-21 -0.31073174E-40
  0.29200000E+02  0.13380139E-21 -0.29555129E-40
  0.29300000E+02  0.13291841E-21 -0.30130045E-40
  0.29400000E+02  0.13204406E-21 -0.29832140E-40
  0.29500000E+02  0.13117823E-21 -0.29640230E-40
  0.29600000E+02  0.13032080E-21 -0.29436218E-40
  0.29700000E+02  0.12947166E-21 -0.29096063E-40
  0.29800000E+02  0.12863072E-21 -0.28883440E-40
  0.29900000E+02  0.12779786E-21 -0.29168619E-40
  0.30000000E+02  0.12697299E-21 -0.28785454E-40
  0.30100000E+02  0.12615601E-21 -0.28453150E-40
  0.30200000E+02  0.12534681E-21 -0.28385895E-40
  0.30300000E+02  0.12454529E-21 -0.28313682E-40
  0.30400000E+02  0.12375137E-21 -0.27743127E-40
  0.30500000E+02  0.12296494E-21 -0.28010575E-40
  0.30600000E+02  0.12218592E-21 -0.27599529E-40
  0.30700000E+02  0.12141421E-21 -0.27713068E-40
  0.30800000E+02  0.12064972E-21 -0.27736194E-40
  0.30900000E+02  0.11989236E-21 -0.27030686E-40
  0.31000000E+02  0.11914205E-21 -0.26828137E-40
  0.31100000E+02  0.11839869E-21 -0.26937416E-40
  0.31200000E+02  0.11766221E-21 -0.27112641E-40
  0.31300000E+02  0.11693251E-21 -0.26523182E-40
  0.31400000E+02  0.11620953E-21 -0.26232973E-40
  0.31500000E+02  0.11549317E-21 -0.26183725E-40
  0.31600000E+02  0.11478335E-21 -0.25789191E-40
  0.31700000E+02  0.11408000E-21 -0.26065186E-40
  0.31800000E+02  0.11338304E-21 -0.26042486E-40
  0.31900000E+02  0.11269240E-21 -0.25514026E-40
  0.32000000E+02  0.11200799E-21 -0.25680359E-40
  0.32100000E+02  0.11132974E-21 -0.25285507E-40
  0.32200000E+02  0.11065758E-21 -0.25010221E-40
  0.32300000E+02  0.10999145E-21 -0.24408678E-40
  0.32400000E+02  0.10933125E-21 -0.24843336E-40
  0.32500000E+02  0.10867694E-21 -0.24920071E-40
  0.32600000E+02  0.10802843E-21 -0.24333376E-40
  0.32700000E+02  0.10738566E-21 -0.24322207E-40
  0.32800000E+02  0.10674857E-21 -0.24169817E-40
  0.32900000E+02  0.10611708E-21 -0.24220409E-40
  0.33000000E+02  0.10549113E-21 -0.23914983E-40
  0.33100000E+02  0.10487066E-21 -0.24089261E-40
  0.33200000E+02  0.10425561E-21 -0.23911573E-40
  0.33300000E+02  0.10364591E-21 -0.23869251E-40
  0.33400000E+02  0.10304149E-21 -0.23781753E-40
  0.33500000E+02  0.10244231E-21 -0.23055616E-40
  0.33600000E+02  0.10184830E-21 -0.23457690E-40
  0.33700000E+02  0.10125940E-21 -0.23088954E-40
  0.33800000E+02  0.10067555E-21 -0.22746343E-40
  0.33900000E+02  0.10009670E-21 -0.22824226E-40
  0.34000000E+02  0.99522792E-22 -0.22925830E-40
  0.34100000E+02  0.98953765E-22 -0.22425367E-40
  0.34200000E+02  0.98389568E-22 -0.22643015E-40
  0.34300000E+02  0.97830146E-22 -0.22524346E-40
  0.34400000E+02  0.97275445E-22 -0.22041876E-40
  0.34500000E+02  0.96725414E-22 -0.21960454E-40
  0.34600000E+02  0.96180000E-22 -0.22191149E-40
  0.34700000E+02  0.95639153E-22 -0.21991618E-40
  0.34800000E+02  0.95102821E-22 -0.21372932E-40
  0.34900000E+02  0.94570955E-22 -0.21699234E-40
  0.35000000E+02  0.94043507E-22 -0.21433016E-40
  0.35100000E+02  0.93520426E-22 -0.21674318E-40
  0.35200000E+02  0.93001667E-22 -0.21070231E-40
  0.35300000E+02  0.92487181E-22 -0.21187636E-40
  0.35400000E+02  0.91976922E-22 -0.20868003E-40
  0.35500000E+02  0.91470844E-22 -0.20943955E-40
  0.35600000E+02  0.90968902E-22 -0.20725948E-40
  0.35700000E+02  0.90471052E-22 -0.21146253E-40
  0.35800000E+02  0.89977249E-22 -0.20621758E-40
  0.35900000E+02  0.89487450E-22 -0.20200497E-40
  0.36000000E+02  0.89001611E-22 -0.20287116E-40
  0.36100000E+02  0.88519692E-22 -0.20322855E-40
  0.36200000E+02  0.88041649E-22 -0.20197742E-40
  0.36300000E+02  0.87567442E-22 -0.20132855E-40
  0.36400000E+02  0.87097031E-22 -0.20105731E-40
  0.36500000E+02  0.86630374E-22 -0.20014288E-40
  0.36600000E+02  0.86167433E-22 -0.19767281E-40
  0.36700000E+02  0.85708167E-22 -0.19749955E-40
  0.36800000E+02  0.85252540E-22 -0.19366463E-40
  0.36900000E+02  0.84800512E-22 -0.19355179E-40
  0.37000000E+02  0.84352047E-22 -0.19252385E-40
  0.37100000E+02  0.83907106E-22 -0.19333586E-40
  0.37200000E+02  0.83465654E-22 -0.19283030E-40
  0.37300000E+02  0.83027654E-22 -0.19029851E-40
  0.37400000E+02  0.82593070E-22 -0.19023556E-40
  0.37500000E+02  0.82161868E-22 -0.18769952E-40
  0.37600000E+02  0.81734012E-22 -0.18962338E-40
  0.37700000E+02  0.81309469E-22 -0.18674717E-40
  0.37800000E+02  0.80888204E-22 -0.18840778E-40
  0.37900000E+02  0.80470184E-22 -0.18275082E-40
  0.38000000E+02  0.80055376E-22 -0.18310180E-40
  0.38100000E+02  0.79643747E-22 -0.18235418E-40
  0.38200000E+02  0.79235265E-22 -0.17852518E-40
  0.38300000E+02  0.78829899E-22 -0.17958449E-40
  0.38400000E+02  0.78427616E-22 -0.18068172E-40
  0.38500000E+02  0.78028386E-22 -0.17867290E-40
  0.38600000E+02  0.77632178E-22 -0.18005074E-40
  0.38700000E+02  0.77238962E-22 -0.17688066E-40
  0.38800000E+02  0.76848708E-22 -0.17693023E-40
  0.38900000E+02  0.76461387E-22 -0.17606353E-40
  0.39000000E+02  0.76076969E-22 -0.17325400E-40
  0.39100000E+02  0.75695426E-22 -0.17335682E-40
  0.39200000E+02  0.75316729E-22 -0.17321692E-40
  0.39300000E+02  0.74940851E-22 -0.16992859E-40
  0.39400000E+02  0.74567762E-22 -0.17294341E-40
  0.39500000E+02  0.74197437E-22 -0.16973700E-40
  0.39600000E+02  0.73829848E-22 -0.17088045E-40
  0.39700000E+02  0.73464968E-22 -0.17123704E-40
  0.39800000E+02  0.73102770E-22 -0.16887934E-40
  0.39900000E+02  0.72743230E-22 -0.16605915E-40
  0.40000000E+02  0.72386320E-22 -0.16524735E-40
