  0.00000000E+00 -0.43814148E-20 -0.99194145E-35
  0.10000000E+00 -0.38850335E-20 -0.92588609E-35
  0.20000000E+00 -0.40756578E-20 -0.77524302E-35
  0.30000000E+00 -0.43720411E-20 -0.64212282E-35
  0.40000000E+00 -0.46412166E-20 -0.53779334E-35
  0.50000000E+00 -0.48713804E-20 -0.46782032E-35
  0.60000000E+00 -0.50670809E-20 -0.41049712E-35
  0.70000000E+00 -0.52324972E-20 -0.35768135E-35
  0.80000000E+00 -0.53703291E-20 -0.32473663E-35
  0.90000000E+00 -0.54825902E-20 -0.29313315E-35
  0.10000000E+01 -0.55711587E-20 -0.26192683E-35
  0.11000000E+01 -0.56379805E-20 -0.23848328E-35
  0.12000000E+01 -0.56850805E-20 -0.21611630E-35
  0.13000000E+01 -0.57145033E-20 -0.20108234E-35
  0.14000000E+01 -0.57282448E-20 -0.18809519E-35
  0.15000000E+01 -0.57281966E-20 -0.17327867E-35
  0.16000000E+01 -0.57161123E-20 -0.16184774E-35
  0.17000000E+01 -0.56935892E-20 -0.15234887E-35
  0.18000000E+01 -0.56620647E-20 -0.14119451E-35
  0.19000000E+01 -0.56228201E-20 -0.13695241E-35
  0.20000000E+01 -0.55769903E-20 -0.12673802E-35
  0.21000000E+01 -0.55255757E-20 -0.12372395E-35
  0.22000000E+01 -0.54694554E-20 -0.11408228E-35
  0.23000000E+01 -0.54093997E-20 -0.10743592E-35
  0.24000000E+01 -0.53460828E-20 -0.10550894E-35
  0.25000000E+01 -0.52800940E-20 -0.10087213E-35
  0.26000000E+01 -0.52119474E-20 -0.95141073E-36
  0.27000000E+01 -0.51420920E-20 -0.93169977E-36
  0.28000000E+01 -0.50709189E-20 -0.92067349E-36
  0.29000000E+01 -0.49987686E-20 -0.85347974E-36
  0.30000000E+01 -0.49259377E-20 -0.82670370E-36
  0.31000000E+01 -0.48526839E-20 -0.82285067E-36
  0.32000000E+01 -0.47792308E-20 -0.78890569E-36
  0.33000000E+01 -0.47057724E-20 -0.79061882E-36
  0.34000000E+01 -0.46324766E-20 -0.74543754E-36
  0.35000000E+01 -0.45594882E-20 -0.73220484E-36
  0.36000000E+01 -0.44869321E-20 -0.71382928E-36
  0.37000000E+01 -0.44149155E-20 -0.70142326E-36
  0.38000000E+01 -0.43435302E-20 -0.69452017E-36
  0.39000000E+01 -0.42728542E-20 -0.68325458E-36
  0.40000000E+01 -0.42029537E-20 -0.65944203E-36
  0.41000000E+01 -0.41338846E-20 -0.64894561E-36
  0.42000000E+01 -0.40656934E-20 -0.64436799E-36
  0.43000000E+01 -0.39984185E-20 -0.64661131E-36
  0.44000000E+01 -0.39320914E-20 -0.63433264E-36
  0.45000000E+01 -0.38667372E-20 -0.62035051E-36
  0.46000000E+01 -0.38023758E-20 -0.61450881E-36
  0.47000000E+01 -0.37390220E-20 -0.58917330E-36
  0.48000000E+01 -0.36766866E-20 -0.57248389E-36
  0.49000000E+01 -0.36153767E-20 -0.58675959E-36
  0.50000000E+01 -0.35550963E-20 -0.56508486E-36
  0.51000000E+01 -0.34958464E-20 -0.56350072E-36
  0.52000000E+01 -0.34376257E-20 -0.54901986E-36
  0.53000000E+01 -0.33804307E-20 -0.53935414E-36
  0.54000000E+01 -0.33242561E-20 -0.55761533E-36
  0.55000000E+01 -0.32690950E-20 -0.51144784E-36
  0.56000000E+01 -0.32149390E-20 -0.52308913E-36
  0.57000000E+01 -0.31617786E-20 -0.52199037E-36
  0.58000000E+01 -0.31096032E-20 -0.52342226E-36
  0.59000000E+01 -0.30584015E-20 -0.50027929E-36
  0.60000000E+01 -0.30081612E-20 -0.50301404E-36
  0.61000000E+01 -0.29588695E-20 -0.49026341E-36
  0.62000000E+01 -0.29105132E-20 -0.49191709E-36
  0.63000000E+01 -0.28630783E-20 -0.49525054E-36
  0.64000000E+01 -0.28165509E-20 -0.47534025E-36
  0.65000000E+01 -0.27709165E-20 -0.48250457E-36
  0.66000000E+01 -0.27261605E-20 -0.46501781E-36
  0.67000000E+01 -0.26822681E-20 -0.45740099E-36
  0.68000000E+01 -0.26392244E-20 -0.45590762E-36
  0.69000000E+01 -0.25970146E-20 -0.44426210E-36
  0.70000000E+01 -0.25556236E-20 -0.44741341E-36
  0.71000000E+01 -0.25150364E-20 -0.44136604E-36
  0.72000000E+01 -0.24752382E-20 -0.44242832E-36
  0.73000000E+01 -0.24362140E-20 -0.42068651E-36
  0.74000000E+01 -0.23979492E-20 -0.42327588E-36
  0.75000000E+01 -0.23604290E-20 -0.41900074E-36
  0.76000000E+01 -0.23236389E-20 -0.42058855E-36
  0.77000000E+01 -0.22875645E-20 -0.40246551E-36
  0.78000000E+01 -0.22521917E-20 -0.39848484E-36
  0.79000000E+01 -0.22175063E-20 -0.39583533E-36
  0.80000000E+01 -0.21834944E-20 -0.38492159E-36
  0.81000000E+01 -0.21501424E-20 -0.39556257E-36
  0.82000000E+01 -0.21174369E-20 -0.38651135E-36
  0.83000000E+01 -0.20853644E-20 -0.38111222E-36
  0.84000000E+01 -0.20539119E-20 -0.37868678E-36
  0.85000000E+01 -0.20230665E-20 -0.37447559E-36
  0.86000000E+01 -0.19928156E-20 -0.35914922E-36
  0.87000000E+01 -0.19631468E-20 -0.36510484E-36
  0.88000000E+01 -0.19340477E-20 -0.36699150E-36
  0.89000000E+01 -0.19055065E-20 -0.35187743E-36
  0.90000000E+01 -0.18775113E-20 -0.35555760E-36
  0.91000000E+01 -0.18500506E-20 -0.34497986E-36
  0.92000000E+01 -0.18231130E-20 -0.33495932E-36
  0.93000000E+01 -0.17966874E-20 -0.35058551E-36
  0.94000000E+01 -0.17707629E-20 -0.33166667E-36
  0.95000000E+01 -0.17453288E-20 -0.33921874E-36
  0.96000000E+01 -0.17203747E-20 -0.32780906E-36
  0.97000000E+01 -0.16958903E-20 -0.33087178E-36
  0.98000000E+01 -0.16718656E-20 -0.32233528E-36
  0.99000000E+01 -0.16482907E-20 -0.32024535E-36
  0.10000000E+02 -0.16251559E-20 -0.31464813E-36
  0.10100000E+02 -0.16024520E-20 -0.31526711E-36
  0.10200000E+02 -0.15801695E-20 -0.30434896E-36
  0.10300000E+02 -0.15582996E-20 -0.30911555E-36
  0.10400000E+02 -0.15368334E-20 -0.30251079E-36
  0.10500000E+02 -0.15157623E-20 -0.29429386E-36
  0.10600000E+02 -0.14950777E-20 -0.29819282E-36
  0.10700000E+02 -0.14747715E-20 -0.28692568E-36
  0.10800000E+02 -0.14548355E-20 -0.28577312E-36
  0.10900000E+02 -0.14352619E-20 -0.28482626E-36
  0.11000000E+02 -0.14160429E-20 -0.28401381E-36
  0.11100000E+02 -0.13971710E-20 -0.27832588E-36
  0.11200000E+02 -0.13786387E-20 -0.27269965E-36
  0.11300000E+02 -0.13604389E-20 -0.27400166E-36
  0.11400000E+02 -0.13425646E-20 -0.26220936E-36
  0.11500000E+02 -0.13250087E-20 -0.26655128E-36
  0.11600000E+02 -0.13077647E-20 -0.26458428E-36
  0.11700000E+02 -0.12908258E-20 -0.25855872E-36
  0.11800000E+02 -0.12741856E-20 -0.25975930E-36
  0.11900000E+02 -0.12578379E-20 -0.25664784E-36
  0.12000000E+02 -0.12417766E-20 -0.24693309E-36
  0.12100000E+02 -0.12259955E-20 -0.25145554E-36
  0.12200000E+02 -0.12104888E-20 -0.24833351E-36
  0.12300000E+02 -0.11952509E-20 -0.24451226E-36
  0.12400000E+02 -0.11802761E-20 -0.23843264E-36
  0.12500000E+02 -0.11655588E-20 -0.23786731E-36
  0.12600000E+02 -0.11510938E-20 -0.23474499E-36
  0.12700000E+02 -0.11368759E-20 -0.22678287E-36
  0.12800000E+02 -0.11228999E-20 -0.22933146E-36
  0.12900000E+02 -0.11091608E-20 -0.22695141E-36
  0.13000000E+02 -0.10956538E-20 -0.22442025E-36
  0.13100000E+02 -0.10823741E-20 -0.22127565E-36
  0.13200000E+02 -0.10693170E-20 -0.22048092E-36
  0.13300000E+02 -0.10564780E-20 -0.21615369E-36
  0.13400000E+02 -0.10438527E-20 -0.22019690E-36
  0.13500000E+02 -0.10314366E-20 -0.21842204E-36
  0.13600000E+02 -0.10192257E-20 -0.21546244E-36
  0.13700000E+02 -0.10072156E-20 -0.21383346E-36
  0.13800000E+02 -0.99540237E-21 -0.21022428E-36
  0.13900000E+02 -0.98378205E-21 -0.20930962E-36
  0.14000000E+02 -0.97235075E-21 -0.20740926E-36
  0.14100000E+02 -0.96110471E-21 -0.19901722E-36
  0.14200000E+02 -0.95004021E-21 -0.19811542E-36
  0.14300000E+02 -0.93915364E-21 -0.19786708E-36
  0.14400000E+02 -0.92844149E-21 -0.19655480E-36
  0.14500000E+02 -0.91790029E-21 -0.19380508E-36
  0.14600000E+02 -0.90752667E-21 -0.19330972E-36
  0.14700000E+02 -0.89731734E-21 -0.19212626E-36
  0.14800000E+02 -0.88726907E-21 -0.18839125E-36
  0.14900000E+02 -0.87737872E-21 -0.18466374E-36
  0.15000000E+02 -0.86764320E-21 -0.18185978E-36
  0.15100000E+02 -0.85805951E-21 -0.18384477E-36
  0.15200000E+02 -0.84862471E-21 -0.18318689E-36
  0.15300000E+02 -0.83933591E-21 -0.17965109E-36
  0.15400000E+02 -0.83019030E-21 -0.17906685E-36
  0.15500000E+02 -0.82118514E-21 -0.17774779E-36
  0.15600000E+02 -0.81231773E-21 -0.17343752E-36
  0.15700000E+02 -0.80358544E-21 -0.17187450E-36
  0.15800000E+02 -0.79498571E-21 -0.17221600E-36
  0.15900000E+02 -0.78651602E-21 -0.16890548E-36
  0.16000000E+02 -0.77817390E-21 -0.16724176E-36
  0.16100000E+02 -0.76995697E-21 -0.16660996E-36
  0.16200000E+02 -0.76186285E-21 -0.16502629E-36
  0.16300000E+02 -0.75388925E-21 -0.16465607E-36
  0.16400000E+02 -0.74603393E-21 -0.16182373E-36
  0.16500000E+02 -0.73829467E-21 -0.15833641E-36
  0.16600000E+02 -0.73066933E-21 -0.15677021E-36
  0.16700000E+02 -0.72315579E-21 -0.15562514E-36
  0.16800000E+02 -0.71575201E-21 -0.15804967E-36
  0.16900000E+02 -0.70845595E-21 -0.15435297E-36
  0.17000000E+02 -0.70126564E-21 -0.15469200E-36
  0.17100000E+02 -0.69417916E-21 -0.15241927E-36
  0.17200000E+02 -0.68719462E-21 -0.14985713E-36
  0.17300000E+02 -0.68031015E-21 -0.15059548E-36
  0.17400000E+02 -0.67352397E-21 -0.14673578E-36
  0.17500000E+02 -0.66683428E-21 -0.14457923E-36
  0.17600000E+02 -0.66023937E-21 -0.14177917E-36
  0.17700000E+02 -0.65373753E-21 -0.14488417E-36
  0.17800000E+02 -0.64732710E-21 -0.14104920E-36
  0.17900000E+02 -0.64100645E-21 -0.14194815E-36
  0.18000000E+02 -0.63477399E-21 -0.13962786E-36
  0.18100000E+02 -0.62862817E-21 -0.13939427E-36
  0.18200000E+02 -0.62256745E-21 -0.13710028E-36
  0.18300000E+02 -0.61659034E-21 -0.13749321E-36
  0.18400000E+02 -0.61069539E-21 -0.13716360E-36
  0.18500000E+02 -0.60488114E-21 -0.13234421E-36
  0.18600000E+02 -0.59914621E-21 -0.13010347E-36
  0.18700000E+02 -0.59348922E-21 -0.13142878E-36
  0.18800000E+02 -0.58790881E-21 -0.13086887E-36
  0.18900000E+02 -0.58240368E-21 -0.12832981E-36
  0.19000000E+02 -0.57697252E-21 -0.12593160E-36
  0.19100000E+02 -0.57161408E-21 -0.12533098E-36
  0.19200000E+02 -0.56632711E-21 -0.12529925E-36
  0.19300000E+02 -0.56111040E-21 -0.12372639E-36
  0.19400000E+02 -0.55596276E-21 -0.12403564E-36
  0.19500000E+02 -0.55088303E-21 -0.12262267E-36
  0.19600000E+02 -0.54587005E-21 -0.12054444E-36
  0.19700000E+02 -0.54092272E-21 -0.11992764E-36
  0.19800000E+02 -0.53603992E-21 -0.11856039E-36
  0.19900000E+02 -0.53122060E-21 -0.11845198E-36
  0.20000000E+02 -0.52646369E-21 -0.11746131E-36
  0.20100000E+02 -0.52176816E-21 -0.11720489E-36
  0.20200000E+02 -0.51713299E-21 -0.11622898E-36
  0.20300000E+02 -0.51255720E-21 -0.11569395E-36
  0.20400000E+02 -0.50803982E-21 -0.11367452E-36
  0.20500000E+02 -0.50357988E-21 -0.11170218E-36
  0.20600000E+02 -0.49917645E-21 -0.11127953E-36
  0.20700000E+02 -0.49482862E-21 -0.10903974E-36
  0.20800000E+02 -0.49053548E-21 -0.11096805E-36
  0.20900000E+02 -0.48629615E-21 -0.10743315E-36
  0.21000000E+02 -0.48210977E-21 -0.10791969E-36
  0.21100000E+02 -0.47797549E-21 -0.10714795E-36
  0.21200000E+02 -0.47389248E-21 -0.10745362E-36
  0.21300000E+02 -0.46985992E-21 -0.10511406E-36
  0.21400000E+02 -0.46587701E-21 -0.10447901E-36
  0.21500000E+02 -0.46194297E-21 -0.10493396E-36
  0.21600000E+02 -0.45805702E-21 -0.10245238E-36
  0.21700000E+02 -0.45421841E-21 -0.10163763E-36
  0.21800000E+02 -0.45042640E-21 -0.10034193E-36
  0.21900000E+02 -0.44668026E-21 -0.10261945E-36
  0.22000000E+02 -0.44297928E-21 -0.99796313E-37
  0.22100000E+02 -0.43932275E-21 -0.97946460E-37
  0.22200000E+02 -0.43570999E-21 -0.97758963E-37
  0.22300000E+02 -0.43214033E-21 -0.99581304E-37
  0.22400000E+02 -0.42861309E-21 -0.96349841E-37
  0.22500000E+02 -0.42512764E-21 -0.97177588E-37
  0.22600000E+02 -0.42168334E-21 -0.94431608E-37
  0.22700000E+02 -0.41827955E-21 -0.95339518E-37
  0.22800000E+02 -0.41491567E-21 -0.93458062E-37
  0.22900000E+02 -0.41159109E-21 -0.92739362E-37
  0.23000000E+02 -0.40830521E-21 -0.93346896E-37
  0.23100000E+02 -0.40505747E-21 -0.91445533E-37
  0.23200000E+02 -0.40184727E-21 -0.91148282E-37
  0.23300000E+02 -0.39867408E-21 -0.90256011E-37
  0.23400000E+02 -0.39553732E-21 -0.89062181E-37
  0.23500000E+02 -0.39243647E-21 -0.90743748E-37
  0.23600000E+02 -0.38937100E-21 -0.88787225E-37
  0.23700000E+02 -0.38634037E-21 -0.86605851E-37
  0.23800000E+02 -0.38334409E-21 -0.86125805E-37
  0.23900000E+02 -0.38038164E-21 -0.86139175E-37
  0.24000000E+02 -0.37745253E-21 -0.86101585E-37
  0.24100000E+02 -0.37455628E-21 -0.84444075E-37
  0.24200000E+02 -0.37169241E-21 -0.84470189E-37
  0.24300000E+02 -0.36886045E-21 -0.83401140E-37
  0.24400000E+02 -0.36605994E-21 -0.83012431E-37
  0.24500000E+02 -0.36329043E-21 -0.82813701E-37
  0.24600000E+02 -0.36055147E-21 -0.84513810E-37
  0.24700000E+02 -0.35784263E-21 -0.82009538E-37
  0.24800000E+02 -0.35516348E-21 -0.80548720E-37
  0.24900000E+02 -0.35251360E-21 -0.80470724E-37
  0.25000000E+02 -0.34989257E-21 -0.79921985E-37
  0.25100000E+02 -0.34729998E-21 -0.78797678E-37
  0.25200000E+02 -0.34473544E-21 -0.79983167E-37
  0.25300000E+02 -0.34219855E-21 -0.79442184E-37
  0.25400000E+02 -0.33968893E-21 -0.77211524E-37
  0.25500000E+02 -0.33720619E-21 -0.77919759E-37
  0.25600000E+02 -0.33474997E-21 -0.74362940E-37
  0.25700000E+02 -0.33231988E-21 -0.76136249E-37
  0.25800000E+02 -0.32991558E-21 -0.74818445E-37
  0.25900000E+02 -0.32753671E-21 -0.76052336E-37
  0.26000000E+02 -0.32518291E-21 -0.74357623E-37
  0.26100000E+02 -0.32285385E-21 -0.73930722E-37
  0.26200000E+02 -0.32054919E-21 -0.73363700E-37
  0.26300000E+02 -0.31826859E-21 -0.72564705E-37
  0.26400000E+02 -0.31601173E-21 -0.72449568E-37
  0.26500000E+02 -0.31377828E-21 -0.70807500E-37
  0.26600000E+02 -0.31156794E-21 -0.71188250E-37
  0.26700000E+02 -0.30938039E-21 -0.71063791E-37
  0.26800000E+02 -0.30721532E-21 -0.72020115E-37
  0.26900000E+02 -0.30507244E-21 -0.70045434E-37
  0.27000000E+02 -0.30295145E-21 -0.67748405E-37
  0.27100000E+02 -0.30085205E-21 -0.69139313E-37
  0.27200000E+02 -0.29877397E-21 -0.69498845E-37
  0.27300000E+02 -0.29671692E-21 -0.68420598E-37
  0.27400000E+02 -0.29468062E-21 -0.65928115E-37
  0.27500000E+02 -0.29266480E-21 -0.66596790E-37
  0.27600000E+02 -0.29066919E-21 -0.67828263E-37
  0.27700000E+02 -0.28869353E-21 -0.68590873E-37
  0.27800000E+02 -0.28673756E-21 -0.65758686E-37
  0.27900000E+02 -0.28480102E-21 -0.66003578E-37
  0.28000000E+02 -0.28288366E-21 -0.64544059E-37
  0.28100000E+02 -0.28098524E-21 -0.64768171E-37
  0.28200000E+02 -0.27910551E-21 -0.63421819E-37
  0.28300000E+02 -0.27724423E-21 -0.64316516E-37
  0.28400000E+02 -0.27540116E-21 -0.63468106E-37
  0.28500000E+02 -0.27357608E-21 -0.64160484E-37
  0.28600000E+02 -0.27176874E-21 -0.61359271E-37
  0.28700000E+02 -0.26997894E-21 -0.62343766E-37
  0.28800000E+02 -0.26820644E-21 -0.62605385E-37
  0.28900000E+02 -0.26645103E-21 -0.62209445E-37
  0.29000000E+02 -0.26471249E-21 -0.60876869E-37
  0.29100000E+02 -0.26299061E-21 -0.61040946E-37
  0.29200000E+02 -0.26128519E-21 -0.59922481E-37
  0.29300000E+02 -0.25959601E-21 -0.59263829E-37
  0.29400000E+02 -0.25792288E-21 -0.59543799E-37
  0.29500000E+02 -0.25626560E-21 -0.59459846E-37
  0.29600000E+02 -0.25462396E-21 -0.58388514E-37
  0.29700000E+02 -0.25299779E-21 -0.58490100E-37
  0.29800000E+02 -0.25138688E-21 -0.58328757E-37
  0.29900000E+02 -0.24979105E-21 -0.58953469E-37
  0.30000000E+02 -0.24821011E-21 -0.56009065E-37
  0.30100000E+02 -0.24664390E-21 -0.57489009E-37
  0.30200000E+02 -0.24509221E-21 -0.56395941E-37
  0.30300000E+02 -0.24355489E-21 -0.55506928E-37
  0.30400000E+02 -0.24203175E-21 -0.55182266E-37
  0.30500000E+02 -0.24052262E-21 -0.56634139E-37
  0.30600000E+02 -0.23902734E-21 -0.56687370E-37
  0.30700000E+02 -0.23754574E-21 -0.54911951E-37
  0.30800000E+02 -0.23607765E-21 -0.55245968E-37
  0.30900000E+02 -0.23462292E-21 -0.53882322E-37
  0.31000000E+02 -0.23318139E-21 -0.54606881E-37
  0.31100000E+02 -0.23175289E-21 -0.53766583E-37
  0.31200000E+02 -0.23033728E-21 -0.53568079E-37
  0.31300000E+02 -0.22893440E-21 -0.52833519E-37
  0.31400000E+02 -0.22754410E-21 -0.53318368E-37
  0.31500000E+02 -0.22616624E-21 -0.52148355E-37
  0.31600000E+02 -0.22480067E-21 -0.52630705E-37
  0.31700000E+02 -0.22344724E-21 -0.51639959E-37
  0.31800000E+02 -0.22210582E-21 -0.50993265E-37
  0.31900000E+02 -0.22077627E-21 -0.50248677E-37
  0.32000000E+02 -0.21945844E-21 -0.50677201E-37
  0.32100000E+02 -0.21815220E-21 -0.50902769E-37
  0.32200000E+02 -0.21685743E-21 -0.49925369E-37
  0.32300000E+02 -0.21557398E-21 -0.49182566E-37
  0.32400000E+02 -0.21430172E-21 -0.49369550E-37
  0.32500000E+02 -0.21304054E-21 -0.49396499E-37
  0.32600000E+02 -0.21179030E-21 -0.48408101E-37
  0.32700000E+02 -0.21055088E-21 -0.49334316E-37
  0.32800000E+02 -0.20932215E-21 -0.48998537E-37
  0.32900000E+02 -0.20810400E-21 -0.48112554E-37
  0.33000000E+02 -0.20689631E-21 -0.47017659E-37
  0.33100000E+02 -0.20569895E-21 -0.47173313E-37
  0.33200000E+02 -0.20451182E-21 -0.47219758E-37
  0.33300000E+02 -0.20333479E-21 -0.46764094E-37
  0.33400000E+02 -0.20216776E-21 -0.47602130E-37
  0.33500000E+02 -0.20101061E-21 -0.47521852E-37
  0.33600000E+02 -0.19986324E-21 -0.46176477E-37
  0.33700000E+02 -0.19872553E-21 -0.46222718E-37
  0.33800000E+02 -0.19759738E-21 -0.46006396E-37
  0.33900000E+02 -0.19647868E-21 -0.45986810E-37
  0.34000000E+02 -0.19536933E-21 -0.45077690E-37
  0.34100000E+02 -0.19426923E-21 -0.45559191E-37
  0.34200000E+02 -0.19317828E-21 -0.44972955E-37
  0.34300000E+02 -0.19209637E-21 -0.44833223E-37
  0.34400000E+02 -0.19102341E-21 -0.44288116E-37
  0.34500000E+02 -0.18995930E-21 -0.43992661E-37
  0.34600000E+02 -0.18890395E-21 -0.43678085E-37
  0.34700000E+02 -0.18785725E-21 -0.43643291E-37
  0.34800000E+02 -0.18681912E-21 -0.43211477E-37
  0.34900000E+02 -0.18578947E-21 -0.43859882E-37
  0.35000000E+02 -0.18476820E-21 -0.43393006E-37
  0.35100000E+02 -0.18375523E-21 -0.43866027E-37
  0.35200000E+02 -0.18275046E-21 -0.42400629E-37
  0.35300000E+02 -0.18175381E-21 -0.43296913E-37
  0.35400000E+02 -0.18076519E-21 -0.42548446E-37
  0.35500000E+02 -0.17978452E-21 -0.42101973E-37
  0.35600000E+02 -0.17881171E-21 -0.41369265E-37
  0.35700000E+02 -0.17784668E-21 -0.41862335E-37
  0.35800000E+02 -0.17688936E-21 -0.40891734E-37
  0.35900000E+02 -0.17593965E-21 -0.40844718E-37
  0.36000000E+02 -0.17499748E-21 -0.40834142E-37
  0.36100000E+02 -0.17406276E-21 -0.40620580E-37
  0.36200000E+02 -0.17313544E-21 -0.40239860E-37
  0.36300000E+02 -0.17221541E-21 -0.40143977E-37
  0.36400000E+02 -0.17130262E-21 -0.39743893E-37
  0.36500000E+02 -0.17039698E-21 -0.39288015E-37
  0.36600000E+02 -0.16949843E-21 -0.39887841E-37
  0.36700000E+02 -0.16860688E-21 -0.39891072E-37
  0.36800000E+02 -0.16772227E-21 -0.38667427E-37
  0.36900000E+02 -0.16684453E-21 -0.38198290E-37
  0.37000000E+02 -0.16597358E-21 -0.38548338E-37
  0.37100000E+02 -0.16510936E-21 -0.38645834E-37
  0.37200000E+02 -0.16425179E-21 -0.38428080E-37
  0.37300000E+02 -0.16340082E-21 -0.38260636E-37
  0.37400000E+02 -0.16255637E-21 -0.38062056E-37
  0.37500000E+02 -0.16171838E-21 -0.37675905E-37
  0.37600000E+02 -0.16088679E-21 -0.37890799E-37
  0.37700000E+02 -0.16006152E-21 -0.37288215E-37
  0.37800000E+02 -0.15924252E-21 -0.37593243E-37
  0.37900000E+02 -0.15842973E-21 -0.37330894E-37
  0.38000000E+02 -0.15762307E-21 -0.37172827E-37
  0.38100000E+02 -0.15682250E-21 -0.36495113E-37
  0.38200000E+02 -0.15602794E-21 -0.36107185E-37
  0.38300000E+02 -0.15523935E-21 -0.36429463E-37
  0.38400000E+02 -0.15445666E-21 -0.36315937E-37
  0.38500000E+02 -0.15367981E-21 -0.35864854E-37
  0.38600000E+02 -0.15290875E-21 -0.35496857E-37
  0.38700000E+02 -0.15214342E-21 -0.35133388E-37
  0.38800000E+02 -0.15138376E-21 -0.35307140E-37
  0.38900000E+02 -0.15062972E-21 -0.34467580E-37
  0.39000000E+02 -0.14988124E-21 -0.34748258E-37
  0.39100000E+02 -0.14913827E-21 -0.34990284E-37
  0.39200000E+02 -0.14840076E-21 -0.34987074E-37
  0.39300000E+02 -0.14766865E-21 -0.34315911E-37
  0.39400000E+02 -0.14694189E-21 -0.33976455E-37
  0.39500000E+02 -0.14622044E-21 -0.34470220E-37
  0.39600000E+02 -0.14550423E-21 -0.34401964E-37
  0.39700000E+02 -0.14479322E-21 -0.33878537E-37
  0.39800000E+02 -0.14408735E-21 -0.34064526E-37
  0.39900000E+02 -0.14338659E-21 -0.32957159E-37
  0.40000000E+02 -0.14269088E-21 -0.32941611E-37
