  0.00000000E+00 -0.43814148E-20 -0.97938174E-35
  0.10000000E+00 -0.38850335E-20 -0.92187749E-35
  0.20000000E+00 -0.40756578E-20 -0.77695527E-35
  0.30000000E+00 -0.43720411E-20 -0.63942960E-35
  0.40000000E+00 -0.46412166E-20 -0.53232717E-35
  0.50000000E+00 -0.48713804E-20 -0.46526823E-35
  0.60000000E+00 -0.50670809E-20 -0.40483722E-35
  0.70000000E+00 -0.52324972E-20 -0.35324742E-35
  0.80000000E+00 -0.53703291E-20 -0.32249398E-35
  0.90000000E+00 -0.54825902E-20 -0.29051611E-35
  0.10000000E+01 -0.55711587E-20 -0.25921475E-35
  0.11000000E+01 -0.56379805E-20 -0.23361325E-35
  0.12000000E+01 -0.56850805E-20 -0.21473560E-35
  0.13000000E+01 -0.57145033E-20 -0.19988421E-35
  0.14000000E+01 -0.57282448E-20 -0.18951306E-35
  0.15000000E+01 -0.57281966E-20 -0.17161117E-35
  0.16000000E+01 -0.57161123E-20 -0.16162379E-35
  0.17000000E+01 -0.56935892E-20 -0.14941222E-35
  0.18000000E+01 -0.56620647E-20 -0.14091490E-35
  0.19000000E+01 -0.56228201E-20 -0.13378225E-35
  0.20000000E+01 -0.55769903E-20 -0.12596344E-35
  0.21000000E+01 -0.55255757E-20 -0.12010311E-35
  0.22000000E+01 -0.54694554E-20 -0.11446118E-35
  0.23000000E+01 -0.54093997E-20 -0.10770221E-35
  0.24000000E+01 -0.53460828E-20 -0.10398756E-35
  0.25000000E+01 -0.52800940E-20 -0.10139216E-35
  0.26000000E+01 -0.52119474E-20 -0.92620259E-36
  0.27000000E+01 -0.51420920E-20 -0.91975519E-36
  0.28000000E+01 -0.50709189E-20 -0.88899740E-36
  0.29000000E+01 -0.49987686E-20 -0.85586496E-36
  0.30000000E+01 -0.49259377E-20 -0.84961826E-36
  0.31000000E+01 -0.48526839E-20 -0.81114468E-36
  0.32000000E+01 -0.47792308E-20 -0.77476143E-36
  0.33000000E+01 -0.47057724E-20 -0.77985635E-36
  0.34000000E+01 -0.46324766E-20 -0.72961279E-36
  0.35000000E+01 -0.45594882E-20 -0.71532226E-36
  0.36000000E+01 -0.44869321E-20 -0.69944227E-36
  0.37000000E+01 -0.44149155E-20 -0.69599481E-36
  0.38000000E+01 -0.43435302E-20 -0.68406405E-36
  0.39000000E+01 -0.42728542E-20 -0.66680052E-36
  0.40000000E+01 -0.42029537E-20 -0.63304827E-36
  0.41000000E+01 -0.41338846E-20 -0.64259683E-36
  0.42000000E+01 -0.40656934E-20 -0.62646377E-36
  0.43000000E+01 -0.39984185E-20 -0.61140797E-36
  0.44000000E+01 -0.39320914E-20 -0.59978853E-36
  0.45000000E+01 -0.38667372E-20 -0.59505109E-36
  0.46000000E+01 -0.38023758E-20 -0.60568780E-36
  0.47000000E+01 -0.37390220E-20 -0.57335555E-36
  0.48000000E+01 -0.36766866E-20 -0.56549368E-36
  0.49000000E+01 -0.36153767E-20 -0.58251904E-36
  0.50000000E+01 -0.35550963E-20 -0.55784926E-36
  0.51000000E+01 -0.34958464E-20 -0.56357120E-36
  0.52000000E+01 -0.34376257E-20 -0.54409897E-36
  0.53000000E+01 -0.33804307E-20 -0.53667230E-36
  0.54000000E+01 -0.33242561E-20 -0.54630642E-36
  0.55000000E+01 -0.32690950E-20 -0.51471627E-36
  0.56000000E+01 -0.32149390E-20 -0.50819971E-36
  0.57000000E+01 -0.31617786E-20 -0.50378106E-36
  0.58000000E+01 -0.31096032E-20 -0.49212985E-36
  0.59000000E+01 -0.30584015E-20 -0.48829695E-36
  0.60000000E+01 -0.30081612E-20 -0.48302699E-36
  0.61000000E+01 -0.29588695E-20 -0.47845265E-36
  0.62000000E+01 -0.29105132E-20 -0.46911809E-36
  0.63000000E+01 -0.28630783E-20 -0.48478404E-36
  0.64000000E+01 -0.28165509E-20 -0.45406472E-36
  0.65000000E+01 -0.27709165E-20 -0.47591581E-36
  0.66000000E+01 -0.27261605E-20 -0.45955965E-36
  0.67000000E+01 -0.26822681E-20 -0.46143792E-36
  0.68000000E+01 -0.26392244E-20 -0.44779810E-36
  0.69000000E+01 -0.25970146E-20 -0.42871969E-36
  0.70000000E+01 -0.25556236E-20 -0.44118260E-36
  0.71000000E+01 -0.25150364E-20 -0.42526679E-36
  0.72000000E+01 -0.24752382E-20 -0.42808700E-36
  0.73000000E+01 -0.24362140E-20 -0.41696181E-36
  0.74000000E+01 -0.23979492E-20 -0.41681082E-36
  0.75000000E+01 -0.23604290E-20 -0.41386443E-36
  0.76000000E+01 -0.23236389E-20 -0.40359670E-36
  0.77000000E+01 -0.22875645E-20 -0.40188807E-36
  0.78000000E+01 -0.22521917E-20 -0.39277587E-36
  0.79000000E+01 -0.22175063E-20 -0.38381321E-36
  0.80000000E+01 -0.21834944E-20 -0.37693546E-36
  0.81000000E+01 -0.21501424E-20 -0.38643271E-36
  0.82000000E+01 -0.21174369E-20 -0.38391362E-36
  0.83000000E+01 -0.20853644E-20 -0.37238009E-36
  0.84000000E+01 -0.20539119E-20 -0.36633462E-36
  0.85000000E+01 -0.20230665E-20 -0.37133420E-36
  0.86000000E+01 -0.19928156E-20 -0.35437900E-36
  0.87000000E+01 -0.19631468E-20 -0.35741193E-36
  0.88000000E+01 -0.19340477E-20 -0.35447755E-36
  0.89000000E+01 -0.19055065E-20 -0.34908701E-36
  0.90000000E+01 -0.18775113E-20 -0.34880895E-36
  0.91000000E+01 -0.18500506E-20 -0.34390789E-36
  0.92000000E+01 -0.18231130E-20 -0.33104293E-36
  0.93000000E+01 -0.17966874E-20 -0.34141411E-36
  0.94000000E+01 -0.17707629E-20 -0.33468950E-36
  0.95000000E+01 -0.17453288E-20 -0.33271848E-36
  0.96000000E+01 -0.17203747E-20 -0.32022013E-36
  0.97000000E+01 -0.16958903E-20 -0.32122389E-36
  0.98000000E+01 -0.16718656E-20 -0.31633517E-36
  0.99000000E+01 -0.16482907E-20 -0.31242218E-36
  0.10000000E+02 -0.16251559E-20 -0.30579509E-36
  0.10100000E+02 -0.16024520E-20 -0.30859615E-36
  0.10200000E+02 -0.15801695E-20 -0.30550075E-36
  0.10300000E+02 -0.15582996E-20 -0.30313197E-36
  0.10400000E+02 -0.15368334E-20 -0.29597158E-36
  0.10500000E+02 -0.15157623E-20 -0.28910912E-36
  0.10600000E+02 -0.14950777E-20 -0.29275772E-36
  0.10700000E+02 -0.14747715E-20 -0.28271151E-36
  0.10800000E+02 -0.14548355E-20 -0.28394058E-36
  0.10900000E+02 -0.14352619E-20 -0.27689273E-36
  0.11000000E+02 -0.14160429E-20 -0.28271994E-36
  0.11100000E+02 -0.13971710E-20 -0.27225691E-36
  0.11200000E+02 -0.13786387E-20 -0.26938737E-36
  0.11300000E+02 -0.13604389E-20 -0.26817200E-36
  0.11400000E+02 -0.13425646E-20 -0.26183545E-36
  0.11500000E+02 -0.13250087E-20 -0.26463764E-36
  0.11600000E+02 -0.13077647E-20 -0.26155750E-36
  0.11700000E+02 -0.12908258E-20 -0.25192721E-36
  0.11800000E+02 -0.12741856E-20 -0.25261218E-36
  0.11900000E+02 -0.12578379E-20 -0.25122288E-36
  0.12000000E+02 -0.12417766E-20 -0.23858479E-36
  0.12100000E+02 -0.12259955E-20 -0.24837472E-36
  0.12200000E+02 -0.12104888E-20 -0.24452193E-36
  0.12300000E+02 -0.11952509E-20 -0.24117686E-36
  0.12400000E+02 -0.11802761E-20 -0.23278303E-36
  0.12500000E+02 -0.11655588E-20 -0.23574245E-36
  0.12600000E+02 -0.11510938E-20 -0.23164847E-36
  0.12700000E+02 -0.11368759E-20 -0.22723988E-36
  0.12800000E+02 -0.11228999E-20 -0.22456349E-36
  0.12900000E+02 -0.11091608E-20 -0.22215924E-36
  0.13000000E+02 -0.10956538E-20 -0.22458527E-36
  0.13100000E+02 -0.10823741E-20 -0.22095922E-36
  0.13200000E+02 -0.10693170E-20 -0.21516892E-36
  0.13300000E+02 -0.10564780E-20 -0.21606720E-36
  0.13400000E+02 -0.10438527E-20 -0.21339646E-36
  0.13500000E+02 -0.10314366E-20 -0.21395972E-36
  0.13600000E+02 -0.10192257E-20 -0.21068869E-36
  0.13700000E+02 -0.10072156E-20 -0.20863675E-36
  0.13800000E+02 -0.99540237E-21 -0.20668949E-36
  0.13900000E+02 -0.98378205E-21 -0.20375697E-36
  0.14000000E+02 -0.97235075E-21 -0.20402981E-36
  0.14100000E+02 -0.96110471E-21 -0.19811912E-36
  0.14200000E+02 -0.95004021E-21 -0.19323050E-36
  0.14300000E+02 -0.93915364E-21 -0.19670781E-36
  0.14400000E+02 -0.92844149E-21 -0.19326383E-36
  0.14500000E+02 -0.91790029E-21 -0.18936377E-36
  0.14600000E+02 -0.90752667E-21 -0.19139670E-36
  0.14700000E+02 -0.89731734E-21 -0.18638775E-36
  0.14800000E+02 -0.88726907E-21 -0.18529948E-36
  0.14900000E+02 -0.87737872E-21 -0.18013821E-36
  0.15000000E+02 -0.86764320E-21 -0.17852706E-36
  0.15100000E+02 -0.85805951E-21 -0.18052717E-36
  0.15200000E+02 -0.84862471E-21 -0.17978261E-36
  0.15300000E+02 -0.83933591E-21 -0.17605445E-36
  0.15400000E+02 -0.83019030E-21 -0.17729273E-36
  0.15500000E+02 -0.82118514E-21 -0.17288972E-36
  0.15600000E+02 -0.81231773E-21 -0.17091531E-36
  0.15700000E+02 -0.80358544E-21 -0.17036930E-36
  0.15800000E+02 -0.79498571E-21 -0.16962864E-36
  0.15900000E+02 -0.78651602E-21 -0.16767671E-36
  0.16000000E+02 -0.77817390E-21 -0.16595170E-36
  0.16100000E+02 -0.76995697E-21 -0.16446909E-36
  0.16200000E+02 -0.76186285E-21 -0.16020488E-36
  0.16300000E+02 -0.75388925E-21 -0.16169739E-36
  0.16400000E+02 -0.74603393E-21 -0.16171771E-36
  0.16500000E+02 -0.73829467E-21 -0.15640918E-36
  0.16600000E+02 -0.73066933E-21 -0.15550652E-36
  0.16700000E+02 -0.72315579E-21 -0.15422702E-36
  0.16800000E+02 -0.71575201E-21 -0.15345747E-36
  0.16900000E+02 -0.70845595E-21 -0.15226186E-36
  0.17000000E+02 -0.70126564E-21 -0.15337366E-36
  0.17100000E+02 -0.69417916E-21 -0.15139250E-36
  0.17200000E+02 -0.68719462E-21 -0.14861283E-36
  0.17300000E+02 -0.68031015E-21 -0.14642842E-36
  0.17400000E+02 -0.67352397E-21 -0.14235957E-36
  0.17500000E+02 -0.66683428E-21 -0.14370287E-36
  0.17600000E+02 -0.66023937E-21 -0.14110505E-36
  0.17700000E+02 -0.65373753E-21 -0.14578405E-36
  0.17800000E+02 -0.64732710E-21 -0.13790448E-36
  0.17900000E+02 -0.64100645E-21 -0.13877124E-36
  0.18000000E+02 -0.63477399E-21 -0.13851784E-36
  0.18100000E+02 -0.62862817E-21 -0.13676043E-36
  0.18200000E+02 -0.62256745E-21 -0.13543795E-36
  0.18300000E+02 -0.61659034E-21 -0.13472295E-36
  0.18400000E+02 -0.61069539E-21 -0.13338695E-36
  0.18500000E+02 -0.60488114E-21 -0.12919582E-36
  0.18600000E+02 -0.59914621E-21 -0.12710501E-36
  0.18700000E+02 -0.59348922E-21 -0.12744121E-36
  0.18800000E+02 -0.58790881E-21 -0.13001849E-36
  0.18900000E+02 -0.58240368E-21 -0.12527501E-36
  0.19000000E+02 -0.57697252E-21 -0.12333814E-36
  0.19100000E+02 -0.57161408E-21 -0.12469126E-36
  0.19200000E+02 -0.56632711E-21 -0.12403021E-36
  0.19300000E+02 -0.56111040E-21 -0.11962487E-36
  0.19400000E+02 -0.55596276E-21 -0.12051382E-36
  0.19500000E+02 -0.55088303E-21 -0.12021990E-36
  0.19600000E+02 -0.54587005E-21 -0.11921563E-36
  0.19700000E+02 -0.54092272E-21 -0.11788679E-36
  0.19800000E+02 -0.53603992E-21 -0.11820553E-36
  0.19900000E+02 -0.53122060E-21 -0.11604806E-36
  0.20000000E+02 -0.52646369E-21 -0.11625694E-36
  0.20100000E+02 -0.52176816E-21 -0.11550440E-36
  0.20200000E+02 -0.51713299E-21 -0.11389703E-36
  0.20300000E+02 -0.51255720E-21 -0.11307347E-36
  0.20400000E+02 -0.50803982E-21 -0.11064618E-36
  0.20500000E+02 -0.50357988E-21 -0.10924582E-36
  0.20600000E+02 -0.49917645E-21 -0.10967178E-36
  0.20700000E+02 -0.49482862E-21 -0.10805007E-36
  0.20800000E+02 -0.49053548E-21 -0.10863898E-36
  0.20900000E+02 -0.48629615E-21 -0.10594469E-36
  0.21000000E+02 -0.48210977E-21 -0.10613910E-36
  0.21100000E+02 -0.47797549E-21 -0.10658396E-36
  0.21200000E+02 -0.47389248E-21 -0.10610337E-36
  0.21300000E+02 -0.46985992E-21 -0.10379717E-36
  0.21400000E+02 -0.46587701E-21 -0.10324374E-36
  0.21500000E+02 -0.46194297E-21 -0.10408654E-36
  0.21600000E+02 -0.45805702E-21 -0.10099608E-36
  0.21700000E+02 -0.45421841E-21 -0.10052919E-36
  0.21800000E+02 -0.45042640E-21 -0.97599781E-37
  0.21900000E+02 -0.44668026E-21 -0.10151184E-36
  0.22000000E+02 -0.44297928E-21 -0.97657429E-37
  0.22100000E+02 -0.43932275E-21 -0.96662609E-37
  0.22200000E+02 -0.43570999E-21 -0.95394054E-37
  0.22300000E+02 -0.43214033E-21 -0.96435720E-37
  0.22400000E+02 -0.42861309E-21 -0.93225336E-37
  0.22500000E+02 -0.42512764E-21 -0.94622127E-37
  0.22600000E+02 -0.42168334E-21 -0.93372202E-37
  0.22700000E+02 -0.41827955E-21 -0.93508954E-37
  0.22800000E+02 -0.41491567E-21 -0.92183236E-37
  0.22900000E+02 -0.41159109E-21 -0.91623399E-37
  0.23000000E+02 -0.40830521E-21 -0.91979071E-37
  0.23100000E+02 -0.40505747E-21 -0.90258180E-37
  0.23200000E+02 -0.40184727E-21 -0.88542866E-37
  0.23300000E+02 -0.39867408E-21 -0.90532390E-37
  0.23400000E+02 -0.39553732E-21 -0.88007357E-37
  0.23500000E+02 -0.39243647E-21 -0.88872820E-37
  0.23600000E+02 -0.38937100E-21 -0.88372433E-37
  0.23700000E+02 -0.38634037E-21 -0.85972231E-37
  0.23800000E+02 -0.38334409E-21 -0.84566845E-37
  0.23900000E+02 -0.38038164E-21 -0.84017507E-37
  0.24000000E+02 -0.37745253E-21 -0.83681401E-37
  0.24100000E+02 -0.37455628E-21 -0.83924879E-37
  0.24200000E+02 -0.37169241E-21 -0.82979380E-37
  0.24300000E+02 -0.36886045E-21 -0.82275502E-37
  0.24400000E+02 -0.36605994E-21 -0.81578950E-37
  0.24500000E+02 -0.36329043E-21 -0.81505947E-37
  0.24600000E+02 -0.36055147E-21 -0.82601958E-37
  0.24700000E+02 -0.35784263E-21 -0.80911205E-37
  0.24800000E+02 -0.35516348E-21 -0.80052517E-37
  0.24900000E+02 -0.35251360E-21 -0.80160347E-37
  0.25000000E+02 -0.34989257E-21 -0.78576242E-37
  0.25100000E+02 -0.34729998E-21 -0.78496483E-37
  0.25200000E+02 -0.34473544E-21 -0.78714723E-37
  0.25300000E+02 -0.34219855E-21 -0.78428198E-37
  0.25400000E+02 -0.33968893E-21 -0.75780209E-37
  0.25500000E+02 -0.33720619E-21 -0.76656446E-37
  0.25600000E+02 -0.33474997E-21 -0.75342294E-37
  0.25700000E+02 -0.33231988E-21 -0.74929615E-37
  0.25800000E+02 -0.32991558E-21 -0.73815337E-37
  0.25900000E+02 -0.32753671E-21 -0.74248232E-37
  0.26000000E+02 -0.32518291E-21 -0.74084578E-37
  0.26100000E+02 -0.32285385E-21 -0.73152140E-37
  0.26200000E+02 -0.32054919E-21 -0.72741800E-37
  0.26300000E+02 -0.31826859E-21 -0.71233821E-37
  0.26400000E+02 -0.31601173E-21 -0.69737726E-37
  0.26500000E+02 -0.31377828E-21 -0.70914121E-37
  0.26600000E+02 -0.31156794E-21 -0.69642779E-37
  0.26700000E+02 -0.30938039E-21 -0.68484511E-37
  0.26800000E+02 -0.30721532E-21 -0.70764935E-37
  0.26900000E+02 -0.30507244E-21 -0.68653874E-37
  0.27000000E+02 -0.30295145E-21 -0.66386653E-37
  0.27100000E+02 -0.30085205E-21 -0.68060888E-37
  0.27200000E+02 -0.29877397E-21 -0.68149693E-37
  0.27300000E+02 -0.29671692E-21 -0.67624383E-37
  0.27400000E+02 -0.29468062E-21 -0.65113556E-37
  0.27500000E+02 -0.29266480E-21 -0.66209130E-37
  0.27600000E+02 -0.29066919E-21 -0.66605675E-37
  0.27700000E+02 -0.28869353E-21 -0.66180174E-37
  0.27800000E+02 -0.28673756E-21 -0.65114370E-37
  0.27900000E+02 -0.28480102E-21 -0.64863983E-37
  0.28000000E+02 -0.28288366E-21 -0.62962613E-37
  0.28100000E+02 -0.28098524E-21 -0.63263223E-37
  0.28200000E+02 -0.27910551E-21 -0.62967541E-37
  0.28300000E+02 -0.27724423E-21 -0.63540098E-37
  0.28400000E+02 -0.27540116E-21 -0.62790206E-37
  0.28500000E+02 -0.27357608E-21 -0.62672555E-37
  0.28600000E+02 -0.27176874E-21 -0.60117154E-37
  0.28700000E+02 -0.26997894E-21 -0.61507936E-37
  0.28800000E+02 -0.26820644E-21 -0.60653556E-37
  0.28900000E+02 -0.26645103E-21 -0.61394015E-37
  0.29000000E+02 -0.26471249E-21 -0.59613156E-37
  0.29100000E+02 -0.26299061E-21 -0.60010174E-37
  0.29200000E+02 -0.26128519E-21 -0.58884681E-37
  0.29300000E+02 -0.25959601E-21 -0.58479812E-37
  0.29400000E+02 -0.25792288E-21 -0.58909622E-37
  0.29500000E+02 -0.25626560E-21 -0.57826697E-37
  0.29600000E+02 -0.25462396E-21 -0.58187275E-37
  0.29700000E+02 -0.25299779E-21 -0.57514661E-37
  0.29800000E+02 -0.25138688E-21 -0.57612686E-37
  0.29900000E+02 -0.24979105E-21 -0.58491119E-37
  0.30000000E+02 -0.24821011E-21 -0.54856754E-37
  0.30100000E+02 -0.24664390E-21 -0.56575798E-37
  0.30200000E+02 -0.24509221E-21 -0.55711317E-37
  0.30300000E+02 -0.24355489E-21 -0.54420185E-37
  0.30400000E+02 -0.24203175E-21 -0.55123709E-37
  0.30500000E+02 -0.24052262E-21 -0.54693185E-37
  0.30600000E+02 -0.23902734E-21 -0.55380849E-37
  0.30700000E+02 -0.23754574E-21 -0.54150905E-37
  0.30800000E+02 -0.23607765E-21 -0.54658103E-37
  0.30900000E+02 -0.23462292E-21 -0.52531691E-37
  0.31000000E+02 -0.23318139E-21 -0.53633959E-37
  0.31100000E+02 -0.23175289E-21 -0.52435664E-37
  0.31200000E+02 -0.23033728E-21 -0.52607538E-37
  0.31300000E+02 -0.22893440E-21 -0.52299436E-37
  0.31400000E+02 -0.22754410E-21 -0.52234311E-37
  0.31500000E+02 -0.22616624E-21 -0.52027464E-37
  0.31600000E+02 -0.22480067E-21 -0.52198812E-37
  0.31700000E+02 -0.22344724E-21 -0.50887093E-37
  0.31800000E+02 -0.22210582E-21 -0.50772892E-37
  0.31900000E+02 -0.22077627E-21 -0.49529341E-37
  0.32000000E+02 -0.21945844E-21 -0.49215229E-37
  0.32100000E+02 -0.21815220E-21 -0.50159832E-37
  0.32200000E+02 -0.21685743E-21 -0.49548121E-37
  0.32300000E+02 -0.21557398E-21 -0.48168672E-37
  0.32400000E+02 -0.21430172E-21 -0.48713332E-37
  0.32500000E+02 -0.21304054E-21 -0.48481031E-37
  0.32600000E+02 -0.21179030E-21 -0.47570228E-37
  0.32700000E+02 -0.21055088E-21 -0.48242860E-37
  0.32800000E+02 -0.20932215E-21 -0.47984337E-37
  0.32900000E+02 -0.20810400E-21 -0.47144183E-37
  0.33000000E+02 -0.20689631E-21 -0.46719167E-37
  0.33100000E+02 -0.20569895E-21 -0.46988009E-37
  0.33200000E+02 -0.20451182E-21 -0.46785864E-37
  0.33300000E+02 -0.20333479E-21 -0.46377848E-37
  0.33400000E+02 -0.20216776E-21 -0.47274453E-37
  0.33500000E+02 -0.20101061E-21 -0.46351079E-37
  0.33600000E+02 -0.19986324E-21 -0.45622181E-37
  0.33700000E+02 -0.19872553E-21 -0.45964852E-37
  0.33800000E+02 -0.19759738E-21 -0.45019217E-37
  0.33900000E+02 -0.19647868E-21 -0.46309251E-37
  0.34000000E+02 -0.19536933E-21 -0.44583977E-37
  0.34100000E+02 -0.19426923E-21 -0.45414297E-37
  0.34200000E+02 -0.19317828E-21 -0.44733280E-37
  0.34300000E+02 -0.19209637E-21 -0.43890422E-37
  0.34400000E+02 -0.19102341E-21 -0.43196066E-37
  0.34500000E+02 -0.18995930E-21 -0.43315153E-37
  0.34600000E+02 -0.18890395E-21 -0.42643135E-37
  0.34700000E+02 -0.18785725E-21 -0.42616409E-37
  0.34800000E+02 -0.18681912E-21 -0.43181958E-37
  0.34900000E+02 -0.18578947E-21 -0.42188688E-37
  0.35000000E+02 -0.18476820E-21 -0.42616779E-37
  0.35100000E+02 -0.18375523E-21 -0.42828298E-37
  0.35200000E+02 -0.18275046E-21 -0.42097264E-37
  0.35300000E+02 -0.18175381E-21 -0.41542535E-37
  0.35400000E+02 -0.18076519E-21 -0.41138324E-37
  0.35500000E+02 -0.17978452E-21 -0.41616625E-37
  0.35600000E+02 -0.17881171E-21 -0.41457697E-37
  0.35700000E+02 -0.17784668E-21 -0.41031556E-37
  0.35800000E+02 -0.17688936E-21 -0.40389062E-37
  0.35900000E+02 -0.17593965E-21 -0.40385044E-37
  0.36000000E+02 -0.17499748E-21 -0.40201602E-37
  0.36100000E+02 -0.17406276E-21 -0.40242416E-37
  0.36200000E+02 -0.17313544E-21 -0.40055511E-37
  0.36300000E+02 -0.17221541E-21 -0.39418396E-37
  0.36400000E+02 -0.17130262E-21 -0.39123137E-37
  0.36500000E+02 -0.17039698E-21 -0.38906505E-37
  0.36600000E+02 -0.16949843E-21 -0.39395411E-37
  0.36700000E+02 -0.16860688E-21 -0.38894001E-37
  0.36800000E+02 -0.16772227E-21 -0.38721079E-37
  0.36900000E+02 -0.16684453E-21 -0.37989875E-37
  0.37000000E+02 -0.16597358E-21 -0.37601949E-37
  0.37100000E+02 -0.16510936E-21 -0.37784798E-37
  0.37200000E+02 -0.16425179E-21 -0.38016714E-37
  0.37300000E+02 -0.16340082E-21 -0.37139526E-37
  0.37400000E+02 -0.16255637E-21 -0.37771292E-37
  0.37500000E+02 -0.16171838E-21 -0.37070775E-37
  0.37600000E+02 -0.16088679E-21 -0.37593482E-37
  0.37700000E+02 -0.16006152E-21 -0.36822282E-37
  0.37800000E+02 -0.15924252E-21 -0.36866018E-37
  0.37900000E+02 -0.15842973E-21 -0.36337346E-37
  0.38000000E+02 -0.15762307E-21 -0.36445757E-37
  0.38100000E+02 -0.15682250E-21 -0.35737775E-37
  0.38200000E+02 -0.15602794E-21 -0.35162084E-37
  0.38300000E+02 -0.15523935E-21 -0.36012201E-37
  0.38400000E+02 -0.15445666E-21 -0.35835573E-37
  0.38500000E+02 -0.15367981E-21 -0.35052659E-37
  0.38600000E+02 -0.15290875E-21 -0.35016112E-37
  0.38700000E+02 -0.15214342E-21 -0.34688180E-37
  0.38800000E+02 -0.15138376E-21 -0.34351157E-37
  0.38900000E+02 -0.15062972E-21 -0.34454298E-37
  0.39000000E+02 -0.14988124E-21 -0.34029749E-37
  0.39100000E+02 -0.14913827E-21 -0.34675745E-37
  0.39200000E+02 -0.14840076E-21 -0.34362712E-37
  0.39300000E+02 -0.14766865E-21 -0.33592701E-37
  0.39400000E+02 -0.14694189E-21 -0.33236716E-37
  0.39500000E+02 -0.14622044E-21 -0.33623776E-37
  0.39600000E+02 -0.14550423E-21 -0.33957561E-37
  0.39700000E+02 -0.14479322E-21 -0.33697322E-37
  0.39800000E+02 -0.14408735E-21 -0.33622710E-37
  0.39900000E+02 -0.14338659E-21 -0.32947652E-37
  0.40000000E+02 -0.14269088E-21 -0.32520120E-37
