  0.00000000E+00  0.10561027E-19  0.14425305E-34
  0.10000000E+00  0.69445272E-20  0.82993046E-35
  0.20000000E+00  0.27558830E-20  0.92340266E-35
  0.30000000E+00  0.71269964E-21  0.92460279E-35
  0.40000000E+00  0.49733193E-22  0.85371724E-35
  0.50000000E+00  0.33554769E-22  0.76955296E-35
  0.60000000E+00  0.28838920E-21  0.68127898E-35
  0.70000000E+00  0.63770247E-21  0.59861890E-35
  0.80000000E+00  0.10011104E-20  0.52203493E-35
  0.90000000E+00  0.13439267E-20  0.45664904E-35
  0.10000000E+01  0.16531674E-20  0.40172833E-35
  0.11000000E+01  0.19259924E-20  0.35635748E-35
  0.12000000E+01  0.21640620E-20  0.31531909E-35
  0.13000000E+01  0.23707808E-20  0.27741845E-35
  0.14000000E+01  0.25499776E-20  0.24618850E-35
  0.15000000E+01  0.27053080E-20  0.22028468E-35
  0.16000000E+01  0.28400185E-20  0.19397982E-35
  0.17000000E+01  0.29568859E-20  0.17381695E-35
  0.18000000E+01  0.30582384E-20  0.15491697E-35
  0.19000000E+01  0.31460097E-20  0.14308868E-35
  0.20000000E+01  0.32218012E-20  0.12864506E-35
  0.21000000E+01  0.32869424E-20  0.11889751E-35
  0.22000000E+01  0.33425436E-20  0.10746243E-35
  0.23000000E+01  0.33895402E-20  0.99744600E-36
  0.24000000E+01  0.34287294E-20  0.92094855E-36
  0.25000000E+01  0.34607989E-20  0.82660455E-36
  0.26000000E+01  0.34863495E-20  0.78187829E-36
  0.27000000E+01  0.35059131E-20  0.69928872E-36
  0.28000000E+01  0.35199664E-20  0.65737357E-36
  0.29000000E+01  0.35289410E-20  0.63777890E-36
  0.30000000E+01  0.35332319E-20  0.57129259E-36
  0.31000000E+01  0.35332029E-20  0.52415272E-36
  0.32000000E+01  0.35291918E-20  0.48554954E-36
  0.33000000E+01  0.35215134E-20  0.49692821E-36
  0.34000000E+01  0.35104624E-20  0.45060035E-36
  0.35000000E+01  0.34963153E-20  0.39408314E-36
  0.36000000E+01  0.34793318E-20  0.36531054E-36
  0.37000000E+01  0.34597564E-20  0.35201354E-36
  0.38000000E+01  0.34378189E-20  0.36883458E-36
  0.39000000E+01  0.34137357E-20  0.32174299E-36
  0.40000000E+01  0.33877100E-20  0.29564151E-36
  0.41000000E+01  0.33599330E-20  0.29445029E-36
  0.42000000E+01  0.33305837E-20  0.27633198E-36
  0.43000000E+01  0.32998302E-20  0.27153393E-36
  0.44000000E+01  0.32678297E-20  0.26798991E-36
  0.45000000E+01  0.32347290E-20  0.22619098E-36
  0.46000000E+01  0.32006652E-20  0.21768754E-36
  0.47000000E+01  0.31657660E-20  0.21870635E-36
  0.48000000E+01  0.31301501E-20  0.21449633E-36
  0.49000000E+01  0.30939280E-20  0.20424659E-36
  0.50000000E+01  0.30572017E-20  0.18635791E-36
  0.51000000E+01  0.30200660E-20  0.18717228E-36
  0.52000000E+01  0.29826082E-20  0.18037412E-36
  0.53000000E+01  0.29449090E-20  0.16468449E-36
  0.54000000E+01  0.29070425E-20  0.15970331E-36
  0.55000000E+01  0.28690769E-20  0.13194175E-36
  0.56000000E+01  0.28310748E-20  0.16336044E-36
  0.57000000E+01  0.27930932E-20  0.14178358E-36
  0.58000000E+01  0.27551844E-20  0.13453632E-36
  0.59000000E+01  0.27173960E-20  0.13283676E-36
  0.60000000E+01  0.26797710E-20  0.13820596E-36
  0.61000000E+01  0.26423487E-20  0.11471191E-36
  0.62000000E+01  0.26051644E-20  0.11964107E-36
  0.63000000E+01  0.25682500E-20  0.11327036E-36
  0.64000000E+01  0.25316339E-20  0.13555575E-36
  0.65000000E+01  0.24953418E-20  0.11690697E-36
  0.66000000E+01  0.24593963E-20  0.10333782E-36
  0.67000000E+01  0.24238177E-20  0.10687157E-36
  0.68000000E+01  0.23886236E-20  0.10384228E-36
  0.69000000E+01  0.23538295E-20  0.87939055E-37
  0.70000000E+01  0.23194489E-20  0.92838906E-37
  0.71000000E+01  0.22854934E-20  0.75382951E-37
  0.72000000E+01  0.22519727E-20  0.84491228E-37
  0.73000000E+01  0.22188950E-20  0.83820230E-37
  0.74000000E+01  0.21862673E-20  0.82450618E-37
  0.75000000E+01  0.21540948E-20  0.85005229E-37
  0.76000000E+01  0.21223817E-20  0.83098168E-37
  0.77000000E+01  0.20911311E-20  0.72991678E-37
  0.78000000E+01  0.20603451E-20  0.78555874E-37
  0.79000000E+01  0.20300247E-20  0.75220275E-37
  0.80000000E+01  0.20001702E-20  0.77743768E-37
  0.81000000E+01  0.19707810E-20  0.73970932E-37
  0.82000000E+01  0.19418559E-20  0.69235050E-37
  0.83000000E+01  0.19133931E-20  0.75643427E-37
  0.84000000E+01  0.18853901E-20  0.62863415E-37
  0.85000000E+01  0.18578440E-20  0.57145971E-37
  0.86000000E+01  0.18307514E-20  0.67891125E-37
  0.87000000E+01  0.18041085E-20  0.63001234E-37
  0.88000000E+01  0.17779111E-20  0.65681998E-37
  0.89000000E+01  0.17521546E-20  0.55142479E-37
  0.90000000E+01  0.17268344E-20  0.53534621E-37
  0.91000000E+01  0.17019453E-20  0.48572249E-37
  0.92000000E+01  0.16774821E-20  0.60903380E-37
  0.93000000E+01  0.16534394E-20  0.50197636E-37
  0.94000000E+01  0.16298115E-20  0.50114569E-37
  0.95000000E+01  0.16065928E-20  0.56272956E-37
  0.96000000E+01  0.15837773E-20  0.52117589E-37
  0.97000000E+01  0.15613591E-20  0.57724742E-37
  0.98000000E+01  0.15393322E-20  0.45453934E-37
  0.99000000E+01  0.15176904E-20  0.43871296E-37
  0.10000000E+02  0.14964278E-20  0.41939003E-37
  0.10100000E+02  0.14755381E-20  0.48512489E-37
  0.10200000E+02  0.14550151E-20  0.47674586E-37
  0.10300000E+02  0.14348528E-20  0.44515818E-37
  0.10400000E+02  0.14150450E-20  0.39649033E-37
  0.10500000E+02  0.13955854E-20  0.46771775E-37
  0.10600000E+02  0.13764682E-20  0.41264068E-37
  0.10700000E+02  0.13576870E-20  0.42940725E-37
  0.10800000E+02  0.13392361E-20  0.44531416E-37
  0.10900000E+02  0.13211093E-20  0.37556118E-37
  0.11000000E+02  0.13033007E-20  0.39382326E-37
  0.11100000E+02  0.12858046E-20  0.42452868E-37
  0.11200000E+02  0.12686150E-20  0.40994907E-37
  0.11300000E+02  0.12517263E-20  0.34887371E-37
  0.11400000E+02  0.12351329E-20  0.33252566E-37
  0.11500000E+02  0.12188290E-20  0.35855308E-37
  0.11600000E+02  0.12028093E-20  0.31889141E-37
  0.11700000E+02  0.11870684E-20  0.26666068E-37
  0.11800000E+02  0.11716007E-20  0.30550773E-37
  0.11900000E+02  0.11564012E-20  0.32260603E-37
  0.12000000E+02  0.11414646E-20  0.31945166E-37
  0.12100000E+02  0.11267859E-20  0.28743863E-37
  0.12200000E+02  0.11123600E-20  0.30199454E-37
  0.12300000E+02  0.10981819E-20  0.27181809E-37
  0.12400000E+02  0.10842469E-20  0.29746065E-37
  0.12500000E+02  0.10705503E-20  0.27860327E-37
  0.12600000E+02  0.10570872E-20  0.29788596E-37
  0.12700000E+02  0.10438532E-20  0.28400132E-37
  0.12800000E+02  0.10308438E-20  0.28662147E-37
  0.12900000E+02  0.10180545E-20  0.30543178E-37
  0.13000000E+02  0.10054810E-20  0.31332675E-37
  0.13100000E+02  0.99311914E-21  0.28118893E-37
  0.13200000E+02  0.98096465E-21  0.28327703E-37
  0.13300000E+02  0.96901347E-21  0.25274202E-37
  0.13400000E+02  0.95726162E-21  0.24338233E-37
  0.13500000E+02  0.94570516E-21  0.28650772E-37
  0.13600000E+02  0.93434026E-21  0.24538014E-37
  0.13700000E+02  0.92316314E-21  0.20434764E-37
  0.13800000E+02  0.91217013E-21  0.25972148E-37
  0.13900000E+02  0.90135760E-21  0.27029403E-37
  0.14000000E+02  0.89072201E-21  0.20534187E-37
  0.14100000E+02  0.88025990E-21  0.22380599E-37
  0.14200000E+02  0.86996788E-21  0.26531369E-37
  0.14300000E+02  0.85984261E-21  0.20505110E-37
  0.14400000E+02  0.84988084E-21  0.22246042E-37
  0.14500000E+02  0.84007938E-21  0.23540861E-37
  0.14600000E+02  0.83043512E-21  0.19618776E-37
  0.14700000E+02  0.82094499E-21  0.24561370E-37
  0.14800000E+02  0.81160601E-21  0.20781166E-37
  0.14900000E+02  0.80241525E-21  0.22703274E-37
  0.15000000E+02  0.79336985E-21  0.21265760E-37
  0.15100000E+02  0.78446699E-21  0.20118239E-37
  0.15200000E+02  0.77570394E-21  0.18351266E-37
  0.15300000E+02  0.76707801E-21  0.19496660E-37
  0.15400000E+02  0.75858656E-21  0.16912807E-37
  0.15500000E+02  0.75022703E-21  0.17823068E-37
  0.15600000E+02  0.74199689E-21  0.18752435E-37
  0.15700000E+02  0.73389368E-21  0.20903713E-37
  0.15800000E+02  0.72591499E-21  0.18665422E-37
  0.15900000E+02  0.71805846E-21  0.16917989E-37
  0.16000000E+02  0.71032177E-21  0.17277577E-37
  0.16100000E+02  0.70270267E-21  0.14564277E-37
  0.16200000E+02  0.69519893E-21  0.17928631E-37
  0.16300000E+02  0.68780840E-21  0.17273167E-37
  0.16400000E+02  0.68052895E-21  0.19906143E-37
  0.16500000E+02  0.67335852E-21  0.21648400E-37
  0.16600000E+02  0.66629506E-21  0.17629607E-37
  0.16700000E+02  0.65933659E-21  0.16395628E-37
  0.16800000E+02  0.65248116E-21  0.16794987E-37
  0.16900000E+02  0.64572688E-21  0.14263988E-37
  0.17000000E+02  0.63907187E-21  0.17395437E-37
  0.17100000E+02  0.63251432E-21  0.16966168E-37
  0.17200000E+02  0.62605243E-21  0.17880521E-37
  0.17300000E+02  0.61968447E-21  0.17368039E-37
  0.17400000E+02  0.61340870E-21  0.13611430E-37
  0.17500000E+02  0.60722348E-21  0.18525444E-37
  0.17600000E+02  0.60112714E-21  0.16924768E-37
  0.17700000E+02  0.59511809E-21  0.14905947E-37
  0.17800000E+02  0.58919476E-21  0.13875530E-37
  0.17900000E+02  0.58335560E-21  0.15462655E-37
  0.18000000E+02  0.57759911E-21  0.14814750E-37
  0.18100000E+02  0.57192381E-21  0.15016863E-37
  0.18200000E+02  0.56632827E-21  0.14247061E-37
  0.18300000E+02  0.56081105E-21  0.11292930E-37
  0.18400000E+02  0.55537079E-21  0.12920571E-37
  0.18500000E+02  0.55000611E-21  0.10385711E-37
  0.18600000E+02  0.54471570E-21  0.16619970E-37
  0.18700000E+02  0.53949825E-21  0.12341666E-37
  0.18800000E+02  0.53435249E-21  0.15437619E-37
  0.18900000E+02  0.52927717E-21  0.12574203E-37
  0.19000000E+02  0.52427106E-21  0.14905275E-37
  0.19100000E+02  0.51933297E-21  0.14261843E-37
  0.19200000E+02  0.51446172E-21  0.10289404E-37
  0.19300000E+02  0.50965617E-21  0.13304744E-37
  0.19400000E+02  0.50491518E-21  0.13723698E-37
  0.19500000E+02  0.50023766E-21  0.90079632E-38
  0.19600000E+02  0.49562252E-21  0.11790597E-37
  0.19700000E+02  0.49106870E-21  0.13687145E-37
  0.19800000E+02  0.48657518E-21  0.12060031E-37
  0.19900000E+02  0.48214091E-21  0.12703553E-37
  0.20000000E+02  0.47776492E-21  0.13515909E-37
  0.20100000E+02  0.47344623E-21  0.14747710E-37
  0.20200000E+02  0.46918387E-21  0.97707134E-38
  0.20300000E+02  0.46497690E-21  0.10552554E-37
  0.20400000E+02  0.46082442E-21  0.14424002E-37
  0.20500000E+02  0.45672551E-21  0.10628707E-37
  0.20600000E+02  0.45267929E-21  0.12544997E-37
  0.20700000E+02  0.44868490E-21  0.12148453E-37
  0.20800000E+02  0.44474148E-21  0.11520145E-37
  0.20900000E+02  0.44084820E-21  0.97505972E-38
  0.21000000E+02  0.43700425E-21  0.11182431E-37
  0.21100000E+02  0.43320882E-21  0.11074134E-37
  0.21200000E+02  0.42946113E-21  0.88468738E-38
  0.21300000E+02  0.42576041E-21  0.91708576E-38
  0.21400000E+02  0.42210590E-21  0.10451857E-37
  0.21500000E+02  0.41849686E-21  0.96351849E-38
  0.21600000E+02  0.41493257E-21  0.87174527E-38
  0.21700000E+02  0.41141231E-21  0.11580197E-37
  0.21800000E+02  0.40793538E-21  0.83189250E-38
  0.21900000E+02  0.40450110E-21  0.98317639E-38
  0.22000000E+02  0.40110879E-21  0.99369741E-38
  0.22100000E+02  0.39775780E-21  0.93192248E-38
  0.22200000E+02  0.39444748E-21  0.85497174E-38
  0.22300000E+02  0.39117718E-21  0.11704944E-37
  0.22400000E+02  0.38794629E-21  0.99959243E-38
  0.22500000E+02  0.38475420E-21  0.92076073E-38
  0.22600000E+02  0.38160031E-21  0.83354192E-38
  0.22700000E+02  0.37848402E-21  0.98161371E-38
  0.22800000E+02  0.37540476E-21  0.98406218E-38
  0.22900000E+02  0.37236196E-21  0.86848756E-38
  0.23000000E+02  0.36935506E-21  0.81788201E-38
  0.23100000E+02  0.36638351E-21  0.82644095E-38
  0.23200000E+02  0.36344679E-21  0.91976419E-38
  0.23300000E+02  0.36054436E-21  0.78874140E-38
  0.23400000E+02  0.35767570E-21  0.89726944E-38
  0.23500000E+02  0.35484032E-21  0.84299718E-38
  0.23600000E+02  0.35203770E-21  0.83299588E-38
  0.23700000E+02  0.34926735E-21  0.73646604E-38
  0.23800000E+02  0.34652881E-21  0.90102629E-38
  0.23900000E+02  0.34382159E-21  0.79368734E-38
  0.24000000E+02  0.34114523E-21  0.82842547E-38
  0.24100000E+02  0.33849928E-21  0.73720965E-38
  0.24200000E+02  0.33588329E-21  0.96669644E-38
  0.24300000E+02  0.33329682E-21  0.10665627E-37
  0.24400000E+02  0.33073944E-21  0.97889443E-38
  0.24500000E+02  0.32821072E-21  0.96181112E-38
  0.24600000E+02  0.32571025E-21  0.86135578E-38
  0.24700000E+02  0.32323761E-21  0.82346217E-38
  0.24800000E+02  0.32079242E-21  0.80134836E-38
  0.24900000E+02  0.31837426E-21  0.86940740E-38
  0.25000000E+02  0.31598276E-21  0.72559564E-38
  0.25100000E+02  0.31361754E-21  0.76074741E-38
  0.25200000E+02  0.31127821E-21  0.84175594E-38
  0.25300000E+02  0.30896441E-21  0.65042367E-38
  0.25400000E+02  0.30667578E-21  0.85741895E-38
  0.25500000E+02  0.30441196E-21  0.76509426E-38
  0.25600000E+02  0.30217261E-21  0.73151333E-38
  0.25700000E+02  0.29995737E-21  0.68285907E-38
  0.25800000E+02  0.29776592E-21  0.73179599E-38
  0.25900000E+02  0.29559792E-21  0.75635929E-38
  0.26000000E+02  0.29345304E-21  0.63280131E-38
  0.26100000E+02  0.29133096E-21  0.74256477E-38
  0.26200000E+02  0.28923138E-21  0.74428897E-38
  0.26300000E+02  0.28715397E-21  0.74255584E-38
  0.26400000E+02  0.28509843E-21  0.71708231E-38
  0.26500000E+02  0.28306447E-21  0.77845160E-38
  0.26600000E+02  0.28105179E-21  0.62989386E-38
  0.26700000E+02  0.27906009E-21  0.66843815E-38
  0.26800000E+02  0.27708910E-21  0.72728075E-38
  0.26900000E+02  0.27513854E-21  0.60645281E-38
  0.27000000E+02  0.27320812E-21  0.60820277E-38
  0.27100000E+02  0.27129758E-21  0.57031556E-38
  0.27200000E+02  0.26940664E-21  0.56950208E-38
  0.27300000E+02  0.26753506E-21  0.65787279E-38
  0.27400000E+02  0.26568257E-21  0.77510612E-38
  0.27500000E+02  0.26384891E-21  0.54915750E-38
  0.27600000E+02  0.26203384E-21  0.64674646E-38
  0.27700000E+02  0.26023711E-21  0.68985214E-38
  0.27800000E+02  0.25845848E-21  0.60246186E-38
  0.27900000E+02  0.25669771E-21  0.55774599E-38
  0.28000000E+02  0.25495456E-21  0.63162356E-38
  0.28100000E+02  0.25322882E-21  0.64190902E-38
  0.28200000E+02  0.25152024E-21  0.58751223E-38
  0.28300000E+02  0.24982861E-21  0.73574182E-38
  0.28400000E+02  0.24815371E-21  0.62851156E-38
  0.28500000E+02  0.24649532E-21  0.66910121E-38
  0.28600000E+02  0.24485323E-21  0.54020804E-38
  0.28700000E+02  0.24322723E-21  0.61237971E-38
  0.28800000E+02  0.24161711E-21  0.64947385E-38
  0.28900000E+02  0.24002268E-21  0.51835820E-38
  0.29000000E+02  0.23844372E-21  0.53079121E-38
  0.29100000E+02  0.23688006E-21  0.58204859E-38
  0.29200000E+02  0.23533148E-21  0.56031905E-38
  0.29300000E+02  0.23379781E-21  0.50673199E-38
  0.29400000E+02  0.23227885E-21  0.53267198E-38
  0.29500000E+02  0.23077442E-21  0.50193575E-38
  0.29600000E+02  0.22928433E-21  0.44975825E-38
  0.29700000E+02  0.22780842E-21  0.60025892E-38
  0.29800000E+02  0.22634650E-21  0.58940064E-38
  0.29900000E+02  0.22489840E-21  0.58753109E-38
  0.30000000E+02  0.22346394E-21  0.52438198E-38
  0.30100000E+02  0.22204297E-21  0.47975088E-38
  0.30200000E+02  0.22063531E-21  0.47961840E-38
  0.30300000E+02  0.21924080E-21  0.55696863E-38
  0.30400000E+02  0.21785928E-21  0.44233821E-38
  0.30500000E+02  0.21649059E-21  0.46671124E-38
  0.30600000E+02  0.21513458E-21  0.55490885E-38
  0.30700000E+02  0.21379109E-21  0.43420523E-38
  0.30800000E+02  0.21245997E-21  0.56389259E-38
  0.30900000E+02  0.21114107E-21  0.45391208E-38
  0.31000000E+02  0.20983425E-21  0.51870697E-38
  0.31100000E+02  0.20853935E-21  0.53741040E-38
  0.31200000E+02  0.20725624E-21  0.48241399E-38
  0.31300000E+02  0.20598478E-21  0.45647966E-38
  0.31400000E+02  0.20472483E-21  0.46380896E-38
  0.31500000E+02  0.20347624E-21  0.44595711E-38
  0.31600000E+02  0.20223890E-21  0.41715222E-38
  0.31700000E+02  0.20101265E-21  0.43958418E-38
  0.31800000E+02  0.19979738E-21  0.53652641E-38
  0.31900000E+02  0.19859296E-21  0.60786863E-38
  0.32000000E+02  0.19739925E-21  0.47529803E-38
  0.32100000E+02  0.19621614E-21  0.49728892E-38
  0.32200000E+02  0.19504349E-21  0.41009902E-38
  0.32300000E+02  0.19388120E-21  0.41801254E-38
  0.32400000E+02  0.19272913E-21  0.45682420E-38
  0.32500000E+02  0.19158717E-21  0.48583227E-38
  0.32600000E+02  0.19045521E-21  0.47371503E-38
  0.32700000E+02  0.18933312E-21  0.47347261E-38
  0.32800000E+02  0.18822080E-21  0.48575018E-38
  0.32900000E+02  0.18711813E-21  0.50476787E-38
  0.33000000E+02  0.18602501E-21  0.35671824E-38
  0.33100000E+02  0.18494133E-21  0.43644357E-38
  0.33200000E+02  0.18386697E-21  0.39550147E-38
  0.33300000E+02  0.18280183E-21  0.39323431E-38
  0.33400000E+02  0.18174582E-21  0.49117523E-38
  0.33500000E+02  0.18069882E-21  0.43581070E-38
  0.33600000E+02  0.17966074E-21  0.47659894E-38
  0.33700000E+02  0.17863148E-21  0.36706014E-38
  0.33800000E+02  0.17761093E-21  0.46909527E-38
  0.33900000E+02  0.17659900E-21  0.36986660E-38
  0.34000000E+02  0.17559560E-21  0.35745016E-38
  0.34100000E+02  0.17460063E-21  0.41601831E-38
  0.34200000E+02  0.17361399E-21  0.39446677E-38
  0.34300000E+02  0.17263561E-21  0.40352672E-38
  0.34400000E+02  0.17166537E-21  0.38378626E-38
  0.34500000E+02  0.17070321E-21  0.35107011E-38
  0.34600000E+02  0.16974902E-21  0.44557728E-38
  0.34700000E+02  0.16880272E-21  0.33570503E-38
  0.34800000E+02  0.16786423E-21  0.48700676E-38
  0.34900000E+02  0.16693345E-21  0.42703739E-38
  0.35000000E+02  0.16601032E-21  0.33426322E-38
  0.35100000E+02  0.16509474E-21  0.37233024E-38
  0.35200000E+02  0.16418663E-21  0.40188345E-38
  0.35300000E+02  0.16328592E-21  0.36100446E-38
  0.35400000E+02  0.16239252E-21  0.46989533E-38
  0.35500000E+02  0.16150635E-21  0.40074469E-38
  0.35600000E+02  0.16062735E-21  0.41096994E-38
  0.35700000E+02  0.15975542E-21  0.32283921E-38
  0.35800000E+02  0.15889051E-21  0.39204687E-38
  0.35900000E+02  0.15803252E-21  0.38920216E-38
  0.36000000E+02  0.15718140E-21  0.47175653E-38
  0.36100000E+02  0.15633707E-21  0.36575449E-38
  0.36200000E+02  0.15549945E-21  0.40182969E-38
  0.36300000E+02  0.15466848E-21  0.40668961E-38
  0.36400000E+02  0.15384409E-21  0.38670311E-38
  0.36500000E+02  0.15302620E-21  0.28034774E-38
  0.36600000E+02  0.15221476E-21  0.31821673E-38
  0.36700000E+02  0.15140969E-21  0.37440291E-38
  0.36800000E+02  0.15061093E-21  0.32115699E-38
  0.36900000E+02  0.14981841E-21  0.34590462E-38
  0.37000000E+02  0.14903207E-21  0.33806107E-38
  0.37100000E+02  0.14825185E-21  0.31892445E-38
  0.37200000E+02  0.14747768E-21  0.39576085E-38
  0.37300000E+02  0.14670950E-21  0.33506203E-38
  0.37400000E+02  0.14594725E-21  0.35630618E-38
  0.37500000E+02  0.14519087E-21  0.32527089E-38
  0.37600000E+02  0.14444030E-21  0.31846638E-38
  0.37700000E+02  0.14369549E-21  0.33878234E-38
  0.37800000E+02  0.14295636E-21  0.37208196E-38
  0.37900000E+02  0.14222287E-21  0.26186077E-38
  0.38000000E+02  0.14149497E-21  0.30577290E-38
  0.38100000E+02  0.14077258E-21  0.34908257E-38
  0.38200000E+02  0.14005566E-21  0.27463546E-38
  0.38300000E+02  0.13934416E-21  0.35721673E-38
  0.38400000E+02  0.13863802E-21  0.29713142E-38
  0.38500000E+02  0.13793718E-21  0.35395677E-38
  0.38600000E+02  0.13724160E-21  0.33986577E-38
  0.38700000E+02  0.13655122E-21  0.32978185E-38
  0.38800000E+02  0.13586599E-21  0.28369863E-38
  0.38900000E+02  0.13518586E-21  0.37508660E-38
  0.39000000E+02  0.13451079E-21  0.36323549E-38
  0.39100000E+02  0.13384071E-21  0.30022640E-38
  0.39200000E+02  0.13317558E-21  0.36302820E-38
  0.39300000E+02  0.13251536E-21  0.32336987E-38
  0.39400000E+02  0.13186000E-21  0.31209664E-38
  0.39500000E+02  0.13120944E-21  0.33313686E-38
  0.39600000E+02  0.13056364E-21  0.27966077E-38
  0.39700000E+02  0.12992257E-21  0.37086056E-38
  0.39800000E+02  0.12928616E-21  0.34939122E-38
  0.39900000E+02  0.12865438E-21  0.28293953E-38
  0.40000000E+02  0.12802718E-21  0.35505614E-38
