  0.00000000E+00 -0.59198434E-23  0.30381573E-37
  0.10000000E+00  0.36583954E-23  0.33002647E-37
  0.20000000E+00  0.11814578E-22  0.24402154E-37
  0.30000000E+00  0.19160613E-22  0.23596138E-37
  0.40000000E+00  0.26008090E-22  0.26720397E-37
  0.50000000E+00  0.32066206E-22  0.27055632E-37
  0.60000000E+00  0.37190775E-22  0.26975748E-37
  0.70000000E+00  0.41379658E-22  0.26708911E-37
  0.80000000E+00  0.44709392E-22  0.23708337E-37
  0.90000000E+00  0.47290680E-22  0.22670379E-37
  0.10000000E+01  0.49242209E-22  0.20785726E-37
  0.11000000E+01  0.50676624E-22  0.17931544E-37
  0.12000000E+01  0.51693975E-22  0.17222937E-37
  0.13000000E+01  0.52379513E-22  0.15528124E-37
  0.14000000E+01  0.52803851E-22  0.15354608E-37
  0.15000000E+01  0.53024295E-22  0.13513698E-37
  0.16000000E+01  0.53086633E-22  0.12030922E-37
  0.17000000E+01  0.53026999E-22  0.11705328E-37
  0.18000000E+01  0.52873618E-22  0.10751559E-37
  0.19000000E+01  0.52648347E-22  0.97362385E-38
  0.20000000E+01  0.52367975E-22  0.92649021E-38
  0.21000000E+01  0.52045312E-22  0.76594399E-38
  0.22000000E+01  0.51690064E-22  0.76647213E-38
  0.23000000E+01  0.51309541E-22  0.70047680E-38
  0.24000000E+01  0.50909223E-22  0.64681953E-38
  0.25000000E+01  0.50493195E-22  0.48711226E-38
  0.26000000E+01  0.50064498E-22  0.56264823E-38
  0.27000000E+01  0.49625391E-22  0.53608528E-38
  0.28000000E+01  0.49177562E-22  0.45216398E-38
  0.29000000E+01  0.48722278E-22  0.44843881E-38
  0.30000000E+01  0.48260510E-22  0.40756553E-38
  0.31000000E+01  0.47793018E-22  0.40090673E-38
  0.32000000E+01  0.47320417E-22  0.34660505E-38
  0.33000000E+01  0.46843224E-22  0.31175271E-38
  0.34000000E+01  0.46361898E-22  0.31333368E-38
  0.35000000E+01  0.45876855E-22  0.29280266E-38
  0.36000000E+01  0.45388494E-22  0.32587961E-38
  0.37000000E+01  0.44897202E-22  0.29994244E-38
  0.38000000E+01  0.44403361E-22  0.27261470E-38
  0.39000000E+01  0.43907355E-22  0.28180113E-38
  0.40000000E+01  0.43409569E-22  0.28729792E-38
  0.41000000E+01  0.42910388E-22  0.26707313E-38
  0.42000000E+01  0.42410199E-22  0.20578016E-38
  0.43000000E+01  0.41909387E-22  0.22550702E-38
  0.44000000E+01  0.41408337E-22  0.18459861E-38
  0.45000000E+01  0.40907425E-22  0.16483502E-38
  0.46000000E+01  0.40407023E-22  0.15481734E-38
  0.47000000E+01  0.39907496E-22  0.18988330E-38
  0.48000000E+01  0.39409195E-22  0.15060353E-38
  0.49000000E+01  0.38912462E-22  0.15771183E-38
  0.50000000E+01  0.38417627E-22  0.13109066E-38
  0.51000000E+01  0.37925003E-22  0.14276925E-38
  0.52000000E+01  0.37434892E-22  0.11681985E-38
  0.53000000E+01  0.36947577E-22  0.13224717E-38
  0.54000000E+01  0.36463329E-22  0.11879733E-38
  0.55000000E+01  0.35982400E-22  0.12719706E-38
  0.56000000E+01  0.35505028E-22  0.12752252E-38
  0.57000000E+01  0.35031433E-22  0.93383766E-39
  0.58000000E+01  0.34561820E-22  0.12797336E-38
  0.59000000E+01  0.34096379E-22  0.12513670E-38
  0.60000000E+01  0.33635283E-22  0.13163144E-38
  0.61000000E+01  0.33178690E-22  0.12329170E-38
  0.62000000E+01  0.32726746E-22  0.10652012E-38
  0.63000000E+01  0.32279580E-22  0.12539647E-38
  0.64000000E+01  0.31837308E-22  0.92454746E-39
  0.65000000E+01  0.31400034E-22  0.10261191E-38
  0.66000000E+01  0.30967848E-22  0.87225501E-39
  0.67000000E+01  0.30540831E-22  0.12135587E-38
  0.68000000E+01  0.30119049E-22  0.82542636E-39
  0.69000000E+01  0.29702561E-22  0.95981932E-39
  0.70000000E+01  0.29291412E-22  0.78086039E-39
  0.71000000E+01  0.28885641E-22  0.85353141E-39
  0.72000000E+01  0.28485276E-22  0.73343287E-39
  0.73000000E+01  0.28090337E-22  0.92201457E-39
  0.74000000E+01  0.27700837E-22  0.70119816E-39
  0.75000000E+01  0.27316781E-22  0.90353688E-39
  0.76000000E+01  0.26938166E-22  0.53606954E-39
  0.77000000E+01  0.26564984E-22  0.74326197E-39
  0.78000000E+01  0.26197222E-22  0.72620467E-39
  0.79000000E+01  0.25834860E-22  0.62695106E-39
  0.80000000E+01  0.25477872E-22  0.56189540E-39
  0.81000000E+01  0.25126230E-22  0.83407209E-39
  0.82000000E+01  0.24779900E-22  0.63692441E-39
  0.83000000E+01  0.24438845E-22  0.38978210E-39
  0.84000000E+01  0.24103024E-22  0.72590251E-39
  0.85000000E+01  0.23772392E-22  0.53122243E-39
  0.86000000E+01  0.23446902E-22  0.59154569E-39
  0.87000000E+01  0.23126504E-22  0.76836264E-39
  0.88000000E+01  0.22811147E-22  0.54044135E-39
  0.89000000E+01  0.22500776E-22  0.61082193E-39
  0.90000000E+01  0.22195334E-22  0.39480761E-39
  0.91000000E+01  0.21894764E-22  0.48512237E-39
  0.92000000E+01  0.21599007E-22  0.47887784E-39
  0.93000000E+01  0.21308001E-22  0.49756401E-39
  0.94000000E+01  0.21021686E-22  0.55312017E-39
  0.95000000E+01  0.20739999E-22  0.40928365E-39
  0.96000000E+01  0.20462876E-22  0.48620182E-39
  0.97000000E+01  0.20190254E-22  0.46738260E-39
  0.98000000E+01  0.19922069E-22  0.49496635E-39
  0.99000000E+01  0.19658254E-22  0.41260478E-39
  0.10000000E+02  0.19398747E-22  0.49443827E-39
  0.10100000E+02  0.19143481E-22  0.46997788E-39
  0.10200000E+02  0.18892392E-22  0.40953595E-39
  0.10300000E+02  0.18645414E-22  0.47238101E-39
  0.10400000E+02  0.18402483E-22  0.38324519E-39
  0.10500000E+02  0.18163533E-22  0.36433923E-39
  0.10600000E+02  0.17928502E-22  0.33801136E-39
  0.10700000E+02  0.17697325E-22  0.28676982E-39
  0.10800000E+02  0.17469937E-22  0.40628269E-39
  0.10900000E+02  0.17246277E-22  0.37322198E-39
  0.11000000E+02  0.17026282E-22  0.34064687E-39
  0.11100000E+02  0.16809889E-22  0.41095156E-39
  0.11200000E+02  0.16597037E-22  0.44226479E-39
  0.11300000E+02  0.16387666E-22  0.36788207E-39
  0.11400000E+02  0.16181716E-22  0.35256615E-39
  0.11500000E+02  0.15979126E-22  0.29491661E-39
  0.11600000E+02  0.15779839E-22  0.31691135E-39
  0.11700000E+02  0.15583797E-22  0.29037645E-39
  0.11800000E+02  0.15390941E-22  0.34715669E-39
  0.11900000E+02  0.15201217E-22  0.31929703E-39
  0.12000000E+02  0.15014567E-22  0.25868191E-39
  0.12100000E+02  0.14830938E-22  0.34100867E-39
  0.12200000E+02  0.14650276E-22  0.29517774E-39
  0.12300000E+02  0.14472526E-22  0.26880366E-39
  0.12400000E+02  0.14297638E-22  0.30530821E-39
  0.12500000E+02  0.14125558E-22  0.37083159E-39
  0.12600000E+02  0.13956237E-22  0.26848507E-39
  0.12700000E+02  0.13789625E-22  0.34181666E-39
  0.12800000E+02  0.13625672E-22  0.18941703E-39
  0.12900000E+02  0.13464330E-22  0.28823134E-39
  0.13000000E+02  0.13305551E-22  0.27650278E-39
  0.13100000E+02  0.13149290E-22  0.23565246E-39
  0.13200000E+02  0.12995499E-22  0.15618842E-39
  0.13300000E+02  0.12844135E-22  0.23964224E-39
  0.13400000E+02  0.12695152E-22  0.22450098E-39
  0.13500000E+02  0.12548508E-22  0.30844181E-39
  0.13600000E+02  0.12404159E-22  0.24573925E-39
  0.13700000E+02  0.12262064E-22  0.27027749E-39
  0.13800000E+02  0.12122182E-22  0.19791605E-39
  0.13900000E+02  0.11984471E-22  0.16262212E-39
  0.14000000E+02  0.11848893E-22  0.15317117E-39
  0.14100000E+02  0.11715409E-22  0.20259118E-39
  0.14200000E+02  0.11583980E-22  0.19622077E-39
  0.14300000E+02  0.11454569E-22  0.25112188E-39
  0.14400000E+02  0.11327139E-22  0.18838133E-39
  0.14500000E+02  0.11201654E-22  0.25885029E-39
  0.14600000E+02  0.11078079E-22  0.14841443E-39
  0.14700000E+02  0.10956379E-22  0.16368215E-39
  0.14800000E+02  0.10836520E-22  0.24049305E-39
  0.14900000E+02  0.10718469E-22  0.24730908E-39
  0.15000000E+02  0.10602192E-22  0.17820515E-39
  0.15100000E+02  0.10487659E-22  0.15912334E-39
  0.15200000E+02  0.10374837E-22  0.17716501E-39
  0.15300000E+02  0.10263695E-22  0.23531442E-39
  0.15400000E+02  0.10154204E-22  0.26055949E-39
  0.15500000E+02  0.10046333E-22  0.21755512E-39
  0.15600000E+02  0.99400539E-23  0.21687307E-39
  0.15700000E+02  0.98353378E-23  0.19491242E-39
  0.15800000E+02  0.97321568E-23  0.15961100E-39
  0.15900000E+02  0.96304835E-23  0.15185544E-39
  0.16000000E+02  0.95302909E-23  0.15861256E-39
  0.16100000E+02  0.94315529E-23  0.20167930E-39
  0.16200000E+02  0.93342435E-23  0.12911146E-39
  0.16300000E+02  0.92383375E-23  0.16687866E-39
  0.16400000E+02  0.91438100E-23  0.15748492E-39
  0.16500000E+02  0.90506368E-23  0.19991971E-39
  0.16600000E+02  0.89587939E-23  0.19135180E-39
  0.16700000E+02  0.88682581E-23  0.22809905E-39
  0.16800000E+02  0.87790064E-23  0.13043627E-39
  0.16900000E+02  0.86910164E-23  0.12834271E-39
  0.17000000E+02  0.86042661E-23  0.12269991E-39
  0.17100000E+02  0.85187338E-23  0.13608042E-39
  0.17200000E+02  0.84343984E-23  0.13670239E-39
  0.17300000E+02  0.83512392E-23  0.13364925E-39
  0.17400000E+02  0.82692359E-23  0.16197750E-39
  0.17500000E+02  0.81883685E-23  0.15014812E-39
  0.17600000E+02  0.81086175E-23  0.15410355E-39
  0.17700000E+02  0.80299637E-23  0.13929377E-39
  0.17800000E+02  0.79523883E-23  0.22965099E-39
  0.17900000E+02  0.78758730E-23  0.15603372E-39
  0.18000000E+02  0.78003997E-23  0.12540091E-39
  0.18100000E+02  0.77259506E-23  0.12676067E-39
  0.18200000E+02  0.76525085E-23  0.15402645E-39
  0.18300000E+02  0.75800564E-23  0.12361523E-39
  0.18400000E+02  0.75085774E-23  0.10672107E-39
  0.18500000E+02  0.74380553E-23  0.13746212E-39
  0.18600000E+02  0.73684741E-23  0.16060784E-39
  0.18700000E+02  0.72998180E-23  0.13406833E-39
  0.18800000E+02  0.72320715E-23  0.11264916E-39
  0.18900000E+02  0.71652196E-23  0.98654062E-40
  0.19000000E+02  0.70992474E-23  0.13309058E-39
  0.19100000E+02  0.70341404E-23  0.15279955E-39
  0.19200000E+02  0.69698842E-23  0.10628356E-39
  0.19300000E+02  0.69064650E-23  0.10624312E-39
  0.19400000E+02  0.68438689E-23  0.10622890E-39
  0.19500000E+02  0.67820826E-23  0.77312896E-40
  0.19600000E+02  0.67210927E-23  0.10605380E-39
  0.19700000E+02  0.66608864E-23  0.14310899E-39
  0.19800000E+02  0.66014509E-23  0.13932539E-39
  0.19900000E+02  0.65427738E-23  0.11071092E-39
  0.20000000E+02  0.64848428E-23  0.72586778E-40
  0.20100000E+02  0.64276460E-23  0.13149679E-39
  0.20200000E+02  0.63711715E-23  0.94831232E-40
  0.20300000E+02  0.63154078E-23  0.13481979E-39
  0.20400000E+02  0.62603435E-23  0.11246416E-39
  0.20500000E+02  0.62059677E-23  0.67507264E-40
  0.20600000E+02  0.61522692E-23  0.12440687E-39
  0.20700000E+02  0.60992375E-23  0.60616465E-40
  0.20800000E+02  0.60468620E-23  0.13915899E-39
  0.20900000E+02  0.59951324E-23  0.10679873E-39
  0.21000000E+02  0.59440386E-23  0.95084185E-40
  0.21100000E+02  0.58935706E-23  0.99293460E-40
  0.21200000E+02  0.58437187E-23  0.12373097E-39
  0.21300000E+02  0.57944734E-23  0.79736792E-40
  0.21400000E+02  0.57458251E-23  0.11501853E-39
  0.21500000E+02  0.56977648E-23  0.73053809E-40
  0.21600000E+02  0.56502832E-23  0.93080335E-40
  0.21700000E+02  0.56033717E-23  0.10402119E-39
  0.21800000E+02  0.55570213E-23  0.77294274E-40
  0.21900000E+02  0.55112237E-23  0.13138967E-39
  0.22000000E+02  0.54659702E-23  0.11414936E-39
  0.22100000E+02  0.54212528E-23  0.11095529E-39
  0.22200000E+02  0.53770632E-23  0.97084724E-40
  0.22300000E+02  0.53333936E-23  0.58548925E-40
  0.22400000E+02  0.52902360E-23  0.10015817E-39
  0.22500000E+02  0.52475828E-23  0.73427197E-40
  0.22600000E+02  0.52054265E-23  0.87665679E-40
  0.22700000E+02  0.51637596E-23  0.12276106E-39
  0.22800000E+02  0.51225749E-23  0.88119034E-40
  0.22900000E+02  0.50818653E-23  0.57944552E-40
  0.23000000E+02  0.50416236E-23  0.98445994E-40
  0.23100000E+02  0.50018430E-23  0.10104010E-39
  0.23200000E+02  0.49625168E-23  0.85050285E-40
  0.23300000E+02  0.49236382E-23  0.90296282E-40
  0.23400000E+02  0.48852007E-23  0.40601285E-40
  0.23500000E+02  0.48471980E-23  0.81087694E-40
  0.23600000E+02  0.48096236E-23  0.88188137E-40
  0.23700000E+02  0.47724715E-23  0.90963983E-40
  0.23800000E+02  0.47357354E-23  0.53033091E-40
  0.23900000E+02  0.46994094E-23  0.96524096E-40
  0.24000000E+02  0.46634876E-23  0.85405959E-40
  0.24100000E+02  0.46279642E-23  0.96253193E-40
  0.24200000E+02  0.45928336E-23  0.10552721E-39
  0.24300000E+02  0.45580902E-23  0.56478606E-40
  0.24400000E+02  0.45237283E-23  0.72481540E-40
  0.24500000E+02  0.44897428E-23  0.61905951E-40
  0.24600000E+02  0.44561282E-23  0.58651649E-40
  0.24700000E+02  0.44228793E-23  0.85691677E-40
  0.24800000E+02  0.43899910E-23  0.77477256E-40
  0.24900000E+02  0.43574583E-23  0.64016990E-40
  0.25000000E+02  0.43252762E-23  0.69869284E-40
  0.25100000E+02  0.42934398E-23  0.61519505E-40
  0.25200000E+02  0.42619443E-23  0.34990373E-40
  0.25300000E+02  0.42307851E-23  0.54525797E-40
  0.25400000E+02  0.41999575E-23  0.59141208E-40
  0.25500000E+02  0.41694569E-23  0.59048278E-40
  0.25600000E+02  0.41392788E-23  0.45281410E-40
  0.25700000E+02  0.41094189E-23  0.48483641E-40
  0.25800000E+02  0.40798727E-23  0.65952342E-40
  0.25900000E+02  0.40506362E-23  0.64485157E-40
  0.26000000E+02  0.40217050E-23  0.56203987E-40
  0.26100000E+02  0.39930750E-23  0.66575752E-40
  0.26200000E+02  0.39647421E-23  0.57235365E-40
  0.26300000E+02  0.39367025E-23  0.94986205E-40
  0.26400000E+02  0.39089521E-23  0.72556353E-40
  0.26500000E+02  0.38814871E-23  0.67765820E-40
  0.26600000E+02  0.38543037E-23  0.60760076E-40
  0.26700000E+02  0.38273981E-23  0.67220311E-40
  0.26800000E+02  0.38007667E-23  0.69688709E-40
  0.26900000E+02  0.37744059E-23  0.60597506E-40
  0.27000000E+02  0.37483120E-23  0.63977442E-40
  0.27100000E+02  0.37224817E-23  0.71766365E-40
  0.27200000E+02  0.36969113E-23  0.71190833E-40
  0.27300000E+02  0.36715976E-23  0.76726879E-40
  0.27400000E+02  0.36465372E-23  0.51981428E-40
  0.27500000E+02  0.36217269E-23  0.87588817E-40
  0.27600000E+02  0.35971633E-23  0.85559073E-40
  0.27700000E+02  0.35728432E-23  0.58160577E-40
  0.27800000E+02  0.35487637E-23  0.65300596E-40
  0.27900000E+02  0.35249215E-23  0.43668355E-40
  0.28000000E+02  0.35013136E-23  0.48135144E-40
  0.28100000E+02  0.34779371E-23  0.57184882E-40
  0.28200000E+02  0.34547890E-23  0.42266288E-40
  0.28300000E+02  0.34318663E-23  0.65683639E-40
  0.28400000E+02  0.34091663E-23  0.47982174E-40
  0.28500000E+02  0.33866862E-23  0.26689549E-40
  0.28600000E+02  0.33644231E-23  0.69052275E-40
  0.28700000E+02  0.33423743E-23  0.56497155E-40
  0.28800000E+02  0.33205372E-23  0.37444460E-40
  0.28900000E+02  0.32989091E-23  0.51827124E-40
  0.29000000E+02  0.32774874E-23  0.59643871E-40
  0.29100000E+02  0.32562695E-23  0.70630888E-40
  0.29200000E+02  0.32352530E-23  0.48939887E-40
  0.29300000E+02  0.32144353E-23  0.58693016E-40
  0.29400000E+02  0.31938140E-23  0.39685027E-40
  0.29500000E+02  0.31733867E-23  0.68159919E-40
  0.29600000E+02  0.31531510E-23  0.50224166E-40
  0.29700000E+02  0.31331045E-23  0.36509120E-40
  0.29800000E+02  0.31132450E-23  0.59857463E-40
  0.29900000E+02  0.30935702E-23  0.45616859E-40
  0.30000000E+02  0.30740778E-23  0.56069615E-40
  0.30100000E+02  0.30547656E-23  0.40743889E-40
  0.30200000E+02  0.30356316E-23  0.57552958E-40
  0.30300000E+02  0.30166734E-23  0.51701565E-40
  0.30400000E+02  0.29978891E-23  0.45576842E-40
  0.30500000E+02  0.29792765E-23  0.58962056E-40
  0.30600000E+02  0.29608336E-23  0.39343807E-40
  0.30700000E+02  0.29425584E-23  0.74912700E-40
  0.30800000E+02  0.29244488E-23  0.43569798E-40
  0.30900000E+02  0.29065030E-23  0.31432752E-40
  0.31000000E+02  0.28887190E-23  0.42463617E-40
  0.31100000E+02  0.28710949E-23  0.61344988E-40
  0.31200000E+02  0.28536288E-23  0.52507269E-40
  0.31300000E+02  0.28363188E-23  0.45558650E-40
  0.31400000E+02  0.28191632E-23  0.33237841E-40
  0.31500000E+02  0.28021602E-23  0.40886202E-40
  0.31600000E+02  0.27853079E-23  0.43020284E-40
  0.31700000E+02  0.27686047E-23  0.46642277E-40
  0.31800000E+02  0.27520488E-23  0.56042784E-40
  0.31900000E+02  0.27356385E-23  0.53381648E-40
  0.32000000E+02  0.27193721E-23  0.43880476E-40
  0.32100000E+02  0.27032480E-23  0.46750810E-40
  0.32200000E+02  0.26872646E-23  0.35562116E-40
  0.32300000E+02  0.26714202E-23  0.36215698E-40
  0.32400000E+02  0.26557133E-23  0.32528911E-40
  0.32500000E+02  0.26401423E-23  0.59523344E-40
  0.32600000E+02  0.26247057E-23  0.39223893E-40
  0.32700000E+02  0.26094020E-23  0.32933058E-40
  0.32800000E+02  0.25942296E-23  0.41261574E-40
  0.32900000E+02  0.25791872E-23  0.37326537E-40
  0.33000000E+02  0.25642731E-23  0.39033414E-40
  0.33100000E+02  0.25494861E-23  0.43655915E-40
  0.33200000E+02  0.25348247E-23  0.23264052E-40
  0.33300000E+02  0.25202874E-23  0.42381099E-40
  0.33400000E+02  0.25058730E-23  0.32509401E-40
  0.33500000E+02  0.24915800E-23  0.23642867E-40
  0.33600000E+02  0.24774072E-23  0.50314397E-40
  0.33700000E+02  0.24633531E-23  0.49206765E-40
  0.33800000E+02  0.24494166E-23  0.30646300E-40
  0.33900000E+02  0.24355963E-23  0.49329108E-40
  0.34000000E+02  0.24218908E-23  0.22950621E-40
  0.34100000E+02  0.24082991E-23  0.30992356E-40
  0.34200000E+02  0.23948199E-23  0.35310707E-40
  0.34300000E+02  0.23814518E-23  0.37653346E-40
  0.34400000E+02  0.23681938E-23  0.48624454E-40
  0.34500000E+02  0.23550447E-23  0.34740163E-40
  0.34600000E+02  0.23420032E-23  0.40543177E-40
  0.34700000E+02  0.23290683E-23  0.25099813E-40
  0.34800000E+02  0.23162387E-23  0.44089724E-40
  0.34900000E+02  0.23035133E-23  0.39083037E-40
  0.35000000E+02  0.22908912E-23  0.35705971E-40
  0.35100000E+02  0.22783710E-23  0.35040474E-40
  0.35200000E+02  0.22659519E-23  0.33720484E-40
  0.35300000E+02  0.22536326E-23  0.46964464E-40
  0.35400000E+02  0.22414122E-23  0.13676455E-40
  0.35500000E+02  0.22292896E-23  0.35754268E-40
  0.35600000E+02  0.22172637E-23  0.34768088E-40
  0.35700000E+02  0.22053336E-23  0.35640386E-40
  0.35800000E+02  0.21934983E-23  0.34679868E-40
  0.35900000E+02  0.21817568E-23  0.23862251E-40
  0.36000000E+02  0.21701081E-23  0.30453180E-40
  0.36100000E+02  0.21585512E-23  0.45632962E-40
  0.36200000E+02  0.21470852E-23  0.34518258E-40
  0.36300000E+02  0.21357091E-23  0.44504387E-40
  0.36400000E+02  0.21244221E-23  0.29288054E-40
  0.36500000E+02  0.21132232E-23  0.34058107E-40
  0.36600000E+02  0.21021115E-23  0.40685741E-40
  0.36700000E+02  0.20910862E-23  0.31461777E-40
  0.36800000E+02  0.20801462E-23  0.33306633E-40
  0.36900000E+02  0.20692908E-23  0.25680458E-40
  0.37000000E+02  0.20585192E-23  0.32210786E-40
  0.37100000E+02  0.20478304E-23  0.44653110E-40
  0.37200000E+02  0.20372236E-23  0.29727392E-40
  0.37300000E+02  0.20266980E-23  0.31994629E-40
  0.37400000E+02  0.20162528E-23  0.33399622E-40
  0.37500000E+02  0.20058872E-23  0.37928736E-40
  0.37600000E+02  0.19956004E-23  0.29170716E-40
  0.37700000E+02  0.19853916E-23  0.40355924E-40
  0.37800000E+02  0.19752599E-23  0.35523759E-40
  0.37900000E+02  0.19652048E-23  0.39872218E-40
  0.38000000E+02  0.19552253E-23  0.25914922E-40
  0.38100000E+02  0.19453207E-23  0.26205397E-40
  0.38200000E+02  0.19354904E-23  0.24099607E-40
  0.38300000E+02  0.19257335E-23  0.35585340E-40
  0.38400000E+02  0.19160494E-23  0.27398963E-40
  0.38500000E+02  0.19064373E-23  0.28867079E-40
  0.38600000E+02  0.18968966E-23  0.36012161E-40
  0.38700000E+02  0.18874265E-23  0.40283034E-40
  0.38800000E+02  0.18780263E-23  0.27794493E-40
  0.38900000E+02  0.18686955E-23  0.26923574E-40
  0.39000000E+02  0.18594332E-23  0.13898941E-40
  0.39100000E+02  0.18502388E-23  0.33084102E-40
  0.39200000E+02  0.18411118E-23  0.24557462E-40
  0.39300000E+02  0.18320513E-23  0.28788469E-40
  0.39400000E+02  0.18230569E-23  0.39872901E-40
  0.39500000E+02  0.18141278E-23  0.30887592E-40
  0.39600000E+02  0.18052635E-23  0.29550401E-40
  0.39700000E+02  0.17964632E-23  0.28110148E-40
  0.39800000E+02  0.17877265E-23  0.20154168E-40
  0.39900000E+02  0.17790527E-23  0.26057521E-40
  0.40000000E+02  0.17704412E-23  0.23652882E-40
