  0.00000000E+00  0.54358976E-20 -0.15093226E-34
  0.10000000E+00  0.56411839E-20 -0.12834622E-34
  0.20000000E+00  0.52219117E-20 -0.95847637E-35
  0.30000000E+00  0.46679637E-20 -0.71778316E-35
  0.40000000E+00  0.41932613E-20 -0.55432028E-35
  0.50000000E+00  0.38318818E-20 -0.44223321E-35
  0.60000000E+00  0.35685879E-20 -0.36259450E-35
  0.70000000E+00  0.33800643E-20 -0.30370101E-35
  0.80000000E+00  0.32457081E-20 -0.25849443E-35
  0.90000000E+00  0.31495979E-20 -0.22266139E-35
  0.10000000E+01  0.30800504E-20 -0.19349803E-35
  0.11000000E+01  0.30286865E-20 -0.16925765E-35
  0.12000000E+01  0.29895603E-20 -0.14877503E-35
  0.13000000E+01  0.29584745E-20 -0.13124673E-35
  0.14000000E+01  0.29324768E-20 -0.11610013E-35
  0.15000000E+01  0.29094988E-20 -0.10291382E-35
  0.16000000E+01  0.28881004E-20 -0.91368174E-36
  0.17000000E+01  0.28672891E-20 -0.81214042E-36
  0.18000000E+01  0.28463923E-20 -0.72252516E-36
  0.19000000E+01  0.28249663E-20 -0.64321520E-36
  0.20000000E+01  0.28027311E-20 -0.57286737E-36
  0.21000000E+01  0.27795239E-20 -0.51035313E-36
  0.22000000E+01  0.27552655E-20 -0.45471361E-36
  0.23000000E+01  0.27299353E-20 -0.40512695E-36
  0.24000000E+01  0.27035540E-20 -0.36088365E-36
  0.25000000E+01  0.26761702E-20 -0.32136781E-36
  0.26000000E+01  0.26478512E-20 -0.28604234E-36
  0.27000000E+01  0.26186755E-20 -0.25443717E-36
  0.28000000E+01  0.25887287E-20 -0.22613964E-36
  0.29000000E+01  0.25580987E-20 -0.20078659E-36
  0.30000000E+01  0.25268742E-20 -0.17805774E-36
  0.31000000E+01  0.24951418E-20 -0.15767012E-36
  0.32000000E+01  0.24629854E-20 -0.13937333E-36
  0.33000000E+01  0.24304854E-20 -0.12294547E-36
  0.34000000E+01  0.23977174E-20 -0.10818963E-36
  0.35000000E+01  0.23647528E-20 -0.94930904E-37
  0.36000000E+01  0.23316579E-20 -0.83013738E-37
  0.37000000E+01  0.22984943E-20 -0.72299648E-37
  0.38000000E+01  0.22653191E-20 -0.62665230E-37
  0.39000000E+01  0.22321844E-20 -0.54000416E-37
  0.40000000E+01  0.21991380E-20 -0.46206944E-37
  0.41000000E+01  0.21662237E-20 -0.39197013E-37
  0.42000000E+01  0.21334810E-20 -0.32892107E-37
  0.43000000E+01  0.21009456E-20 -0.27221956E-37
  0.44000000E+01  0.20686499E-20 -0.22123617E-37
  0.45000000E+01  0.20366227E-20 -0.17540667E-37
  0.46000000E+01  0.20048899E-20 -0.13422492E-37
  0.47000000E+01  0.19734742E-20 -0.97236523E-38
  0.48000000E+01  0.19423961E-20 -0.64033258E-38
  0.49000000E+01  0.19116732E-20 -0.34248123E-38
  0.50000000E+01  0.18813209E-20 -0.75509476E-39
  0.51000000E+01  0.18513527E-20  0.16355504E-38
  0.52000000E+01  0.18217800E-20  0.37738993E-38
  0.53000000E+01  0.17926123E-20  0.56840881E-38
  0.54000000E+01  0.17638577E-20  0.73878870E-38
  0.55000000E+01  0.17355226E-20  0.89049439E-38
  0.56000000E+01  0.17076123E-20  0.10253002E-37
  0.57000000E+01  0.16801305E-20  0.11448092E-37
  0.58000000E+01  0.16530800E-20  0.12504708E-37
  0.59000000E+01  0.16264626E-20  0.13435960E-37
  0.60000000E+01  0.16002790E-20  0.14253712E-37
  0.61000000E+01  0.15745290E-20  0.14968706E-37
  0.62000000E+01  0.15492120E-20  0.15590673E-37
  0.63000000E+01  0.15243264E-20  0.16128433E-37
  0.64000000E+01  0.14998700E-20  0.16589981E-37
  0.65000000E+01  0.14758401E-20  0.16982571E-37
  0.66000000E+01  0.14522335E-20  0.17312782E-37
  0.67000000E+01  0.14290466E-20  0.17586588E-37
  0.68000000E+01  0.14062754E-20  0.17809415E-37
  0.69000000E+01  0.13839154E-20  0.17986188E-37
  0.70000000E+01  0.13619620E-20  0.18121385E-37
  0.71000000E+01  0.13404103E-20  0.18219074E-37
  0.72000000E+01  0.13192550E-20  0.18282953E-37
  0.73000000E+01  0.12984909E-20  0.18316387E-37
  0.74000000E+01  0.12781123E-20  0.18322432E-37
  0.75000000E+01  0.12581136E-20  0.18303871E-37
  0.76000000E+01  0.12384890E-20  0.18263235E-37
  0.77000000E+01  0.12192326E-20  0.18202826E-37
  0.78000000E+01  0.12003384E-20  0.18124740E-37
  0.79000000E+01  0.11818005E-20  0.18030881E-37
  0.80000000E+01  0.11636127E-20  0.17922984E-37
  0.81000000E+01  0.11457691E-20  0.17802628E-37
  0.82000000E+01  0.11282634E-20  0.17671248E-37
  0.83000000E+01  0.11110897E-20  0.17530151E-37
  0.84000000E+01  0.10942419E-20  0.17380523E-37
  0.85000000E+01  0.10777139E-20  0.17223445E-37
  0.86000000E+01  0.10614998E-20  0.17059899E-37
  0.87000000E+01  0.10455935E-20  0.16890778E-37
  0.88000000E+01  0.10299892E-20  0.16716892E-37
  0.89000000E+01  0.10146810E-20  0.16538978E-37
  0.90000000E+01  0.99966303E-21  0.16357703E-37
  0.91000000E+01  0.98492967E-21  0.16173673E-37
  0.92000000E+01  0.97047523E-21  0.15987439E-37
  0.93000000E+01  0.95629410E-21  0.15799497E-37
  0.94000000E+01  0.94238080E-21  0.15610299E-37
  0.95000000E+01  0.92872988E-21  0.15420251E-37
  0.96000000E+01  0.91533599E-21  0.15229720E-37
  0.97000000E+01  0.90219389E-21  0.15039040E-37
  0.98000000E+01  0.88929838E-21  0.14848509E-37
  0.99000000E+01  0.87664438E-21  0.14658395E-37
  0.10000000E+02  0.86422688E-21  0.14468939E-37
  0.10100000E+02  0.85204098E-21  0.14280359E-37
  0.10200000E+02  0.84008185E-21  0.14092848E-37
  0.10300000E+02  0.82834475E-21  0.13906577E-37
  0.10400000E+02  0.81682503E-21  0.13721701E-37
  0.10500000E+02  0.80551815E-21  0.13538355E-37
  0.10600000E+02  0.79441962E-21  0.13356659E-37
  0.10700000E+02  0.78352508E-21  0.13176719E-37
  0.10800000E+02  0.77283022E-21  0.12998627E-37
  0.10900000E+02  0.76233084E-21  0.12822464E-37
  0.11000000E+02  0.75202283E-21  0.12648297E-37
  0.11100000E+02  0.74190214E-21  0.12476188E-37
  0.11200000E+02  0.73196483E-21  0.12306185E-37
  0.11300000E+02  0.72220704E-21  0.12138330E-37
  0.11400000E+02  0.71262496E-21  0.11972658E-37
  0.11500000E+02  0.70321491E-21  0.11809196E-37
  0.11600000E+02  0.69397326E-21  0.11647965E-37
  0.11700000E+02  0.68489645E-21  0.11488980E-37
  0.11800000E+02  0.67598103E-21  0.11332252E-37
  0.11900000E+02  0.66722360E-21  0.11177787E-37
  0.12000000E+02  0.65862083E-21  0.11025586E-37
  0.12100000E+02  0.65016950E-21  0.10875647E-37
  0.12200000E+02  0.64186641E-21  0.10727964E-37
  0.12300000E+02  0.63370848E-21  0.10582529E-37
  0.12400000E+02  0.62569266E-21  0.10439330E-37
  0.12500000E+02  0.61781600E-21  0.10298353E-37
  0.12600000E+02  0.61007559E-21  0.10159582E-37
  0.12700000E+02  0.60246860E-21  0.10023000E-37
  0.12800000E+02  0.59499225E-21  0.98885866E-38
  0.12900000E+02  0.58764385E-21  0.97563202E-38
  0.13000000E+02  0.58042075E-21  0.96261786E-38
  0.13100000E+02  0.57332035E-21  0.94981378E-38
  0.13200000E+02  0.56634014E-21  0.93721732E-38
  0.13300000E+02  0.55947764E-21  0.92482591E-38
  0.13400000E+02  0.55273043E-21  0.91263690E-38
  0.13500000E+02  0.54609617E-21  0.90064760E-38
  0.13600000E+02  0.53957254E-21  0.88885524E-38
  0.13700000E+02  0.53315728E-21  0.87725704E-38
  0.13800000E+02  0.52684820E-21  0.86585014E-38
  0.13900000E+02  0.52064315E-21  0.85463170E-38
  0.14000000E+02  0.51454002E-21  0.84359884E-38
  0.14100000E+02  0.50853676E-21  0.83274867E-38
  0.14200000E+02  0.50263135E-21  0.82207829E-38
  0.14300000E+02  0.49682184E-21  0.81158481E-38
  0.14400000E+02  0.49110630E-21  0.80126533E-38
  0.14500000E+02  0.48548287E-21  0.79111697E-38
  0.14600000E+02  0.47994970E-21  0.78113687E-38
  0.14700000E+02  0.47450501E-21  0.77132216E-38
  0.14800000E+02  0.46914704E-21  0.76167002E-38
  0.14900000E+02  0.46387409E-21  0.75217764E-38
  0.15000000E+02  0.45868448E-21  0.74284222E-38
  0.15100000E+02  0.45357657E-21  0.73366100E-38
  0.15200000E+02  0.44854878E-21  0.72463126E-38
  0.15300000E+02  0.44359953E-21  0.71575030E-38
  0.15400000E+02  0.43872730E-21  0.70701544E-38
  0.15500000E+02  0.43393059E-21  0.69842406E-38
  0.15600000E+02  0.42920795E-21  0.68997355E-38
  0.15700000E+02  0.42455795E-21  0.68166135E-38
  0.15800000E+02  0.41997919E-21  0.67348494E-38
  0.15900000E+02  0.41547031E-21  0.66544182E-38
  0.16000000E+02  0.41102997E-21  0.65752955E-38
  0.16100000E+02  0.40665688E-21  0.64974570E-38
  0.16200000E+02  0.40234974E-21  0.64208791E-38
  0.16300000E+02  0.39810732E-21  0.63455384E-38
  0.16400000E+02  0.39392840E-21  0.62714119E-38
  0.16500000E+02  0.38981178E-21  0.61984770E-38
  0.16600000E+02  0.38575629E-21  0.61267115E-38
  0.16700000E+02  0.38176080E-21  0.60560936E-38
  0.16800000E+02  0.37782418E-21  0.59866019E-38
  0.16900000E+02  0.37394534E-21  0.59182154E-38
  0.17000000E+02  0.37012323E-21  0.58509133E-38
  0.17100000E+02  0.36635677E-21  0.57846754E-38
  0.17200000E+02  0.36264497E-21  0.57194818E-38
  0.17300000E+02  0.35898681E-21  0.56553130E-38
  0.17400000E+02  0.35538131E-21  0.55921498E-38
  0.17500000E+02  0.35182753E-21  0.55299734E-38
  0.17600000E+02  0.34832451E-21  0.54687654E-38
  0.17700000E+02  0.34487134E-21  0.54085077E-38
  0.17800000E+02  0.34146713E-21  0.53491824E-38
  0.17900000E+02  0.33811099E-21  0.52907724E-38
  0.18000000E+02  0.33480206E-21  0.52332604E-38
  0.18100000E+02  0.33153950E-21  0.51766299E-38
  0.18200000E+02  0.32832249E-21  0.51208643E-38
  0.18300000E+02  0.32515022E-21  0.50659477E-38
  0.18400000E+02  0.32202189E-21  0.50118643E-38
  0.18500000E+02  0.31893674E-21  0.49585987E-38
  0.18600000E+02  0.31589401E-21  0.49061358E-38
  0.18700000E+02  0.31289295E-21  0.48544607E-38
  0.18800000E+02  0.30993284E-21  0.48035590E-38
  0.18900000E+02  0.30701296E-21  0.47534164E-38
  0.19000000E+02  0.30413263E-21  0.47040189E-38
  0.19100000E+02  0.30129115E-21  0.46553530E-38
  0.19200000E+02  0.29848786E-21  0.46074053E-38
  0.19300000E+02  0.29572211E-21  0.45601626E-38
  0.19400000E+02  0.29299325E-21  0.45136121E-38
  0.19500000E+02  0.29030065E-21  0.44677412E-38
  0.19600000E+02  0.28764370E-21  0.44225377E-38
  0.19700000E+02  0.28502180E-21  0.43779893E-38
  0.19800000E+02  0.28243435E-21  0.43340844E-38
  0.19900000E+02  0.27988078E-21  0.42908113E-38
  0.20000000E+02  0.27736052E-21  0.42481587E-38
  0.20100000E+02  0.27487301E-21  0.42061154E-38
  0.20200000E+02  0.27241770E-21  0.41646706E-38
  0.20300000E+02  0.26999407E-21  0.41238135E-38
  0.20400000E+02  0.26760159E-21  0.40835338E-38
  0.20500000E+02  0.26523974E-21  0.40438211E-38
  0.20600000E+02  0.26290803E-21  0.40046655E-38
  0.20700000E+02  0.26060595E-21  0.39660572E-38
  0.20800000E+02  0.25833304E-21  0.39279864E-38
  0.20900000E+02  0.25608880E-21  0.38904437E-38
  0.21000000E+02  0.25387279E-21  0.38534200E-38
  0.21100000E+02  0.25168453E-21  0.38169061E-38
  0.21200000E+02  0.24952359E-21  0.37808931E-38
  0.21300000E+02  0.24738953E-21  0.37453725E-38
  0.21400000E+02  0.24528191E-21  0.37103355E-38
  0.21500000E+02  0.24320032E-21  0.36757740E-38
  0.21600000E+02  0.24114434E-21  0.36416797E-38
  0.21700000E+02  0.23911357E-21  0.36080446E-38
  0.21800000E+02  0.23710761E-21  0.35748608E-38
  0.21900000E+02  0.23512606E-21  0.35421206E-38
  0.22000000E+02  0.23316855E-21  0.35098165E-38
  0.22100000E+02  0.23123470E-21  0.34779411E-38
  0.22200000E+02  0.22932414E-21  0.34464871E-38
  0.22300000E+02  0.22743651E-21  0.34154475E-38
  0.22400000E+02  0.22557146E-21  0.33848152E-38
  0.22500000E+02  0.22372863E-21  0.33545835E-38
  0.22600000E+02  0.22190768E-21  0.33247455E-38
  0.22700000E+02  0.22010829E-21  0.32952949E-38
  0.22800000E+02  0.21833011E-21  0.32662251E-38
  0.22900000E+02  0.21657283E-21  0.32375298E-38
  0.23000000E+02  0.21483613E-21  0.32092029E-38
  0.23100000E+02  0.21311970E-21  0.31812383E-38
  0.23200000E+02  0.21142323E-21  0.31536300E-38
  0.23300000E+02  0.20974642E-21  0.31263722E-38
  0.23400000E+02  0.20808898E-21  0.30994592E-38
  0.23500000E+02  0.20645062E-21  0.30728854E-38
  0.23600000E+02  0.20483105E-21  0.30466453E-38
  0.23700000E+02  0.20323000E-21  0.30207335E-38
  0.23800000E+02  0.20164719E-21  0.29951447E-38
  0.23900000E+02  0.20008235E-21  0.29698738E-38
  0.24000000E+02  0.19853522E-21  0.29449156E-38
  0.24100000E+02  0.19700554E-21  0.29202651E-38
  0.24200000E+02  0.19549305E-21  0.28959175E-38
  0.24300000E+02  0.19399751E-21  0.28718680E-38
  0.24400000E+02  0.19251866E-21  0.28481118E-38
  0.24500000E+02  0.19105627E-21  0.28246443E-38
  0.24600000E+02  0.18961009E-21  0.28014611E-38
  0.24700000E+02  0.18817991E-21  0.27785575E-38
  0.24800000E+02  0.18676547E-21  0.27559293E-38
  0.24900000E+02  0.18536657E-21  0.27335723E-38
  0.25000000E+02  0.18398298E-21  0.27114821E-38
  0.25100000E+02  0.18261447E-21  0.26896546E-38
  0.25200000E+02  0.18126085E-21  0.26680859E-38
  0.25300000E+02  0.17992190E-21  0.26467719E-38
  0.25400000E+02  0.17859740E-21  0.26257087E-38
  0.25500000E+02  0.17728717E-21  0.26048925E-38
  0.25600000E+02  0.17599099E-21  0.25843196E-38
  0.25700000E+02  0.17470868E-21  0.25639863E-38
  0.25800000E+02  0.17344004E-21  0.25438888E-38
  0.25900000E+02  0.17218488E-21  0.25240238E-38
  0.26000000E+02  0.17094302E-21  0.25043876E-38
  0.26100000E+02  0.16971426E-21  0.24849769E-38
  0.26200000E+02  0.16849844E-21  0.24657882E-38
  0.26300000E+02  0.16729538E-21  0.24468184E-38
  0.26400000E+02  0.16610489E-21  0.24280641E-38
  0.26500000E+02  0.16492681E-21  0.24095221E-38
  0.26600000E+02  0.16376098E-21  0.23911894E-38
  0.26700000E+02  0.16260722E-21  0.23730628E-38
  0.26800000E+02  0.16146538E-21  0.23551393E-38
  0.26900000E+02  0.16033528E-21  0.23374160E-38
  0.27000000E+02  0.15921678E-21  0.23198899E-38
  0.27100000E+02  0.15810973E-21  0.23025582E-38
  0.27200000E+02  0.15701396E-21  0.22854181E-38
  0.27300000E+02  0.15592932E-21  0.22684668E-38
  0.27400000E+02  0.15485568E-21  0.22517015E-38
  0.27500000E+02  0.15379289E-21  0.22351197E-38
  0.27600000E+02  0.15274079E-21  0.22187187E-38
  0.27700000E+02  0.15169926E-21  0.22024959E-38
  0.27800000E+02  0.15066815E-21  0.21864488E-38
  0.27900000E+02  0.14964733E-21  0.21705749E-38
  0.28000000E+02  0.14863666E-21  0.21548718E-38
  0.28100000E+02  0.14763602E-21  0.21393370E-38
  0.28200000E+02  0.14664526E-21  0.21239683E-38
  0.28300000E+02  0.14566427E-21  0.21087632E-38
  0.28400000E+02  0.14469293E-21  0.20937195E-38
  0.28500000E+02  0.14373109E-21  0.20788349E-38
  0.28600000E+02  0.14277865E-21  0.20641074E-38
  0.28700000E+02  0.14183549E-21  0.20495345E-38
  0.28800000E+02  0.14090148E-21  0.20351144E-38
  0.28900000E+02  0.13997651E-21  0.20208448E-38
  0.29000000E+02  0.13906046E-21  0.20067237E-38
  0.29100000E+02  0.13815323E-21  0.19927491E-38
  0.29200000E+02  0.13725471E-21  0.19789189E-38
  0.29300000E+02  0.13636477E-21  0.19652313E-38
  0.29400000E+02  0.13548332E-21  0.19516842E-38
  0.29500000E+02  0.13461026E-21  0.19382759E-38
  0.29600000E+02  0.13374546E-21  0.19250044E-38
  0.29700000E+02  0.13288885E-21  0.19118679E-38
  0.29800000E+02  0.13204030E-21  0.18988646E-38
  0.29900000E+02  0.13119973E-21  0.18859927E-38
  0.30000000E+02  0.13036703E-21  0.18732506E-38
  0.30100000E+02  0.12954211E-21  0.18606363E-38
  0.30200000E+02  0.12872488E-21  0.18481484E-38
  0.30300000E+02  0.12791523E-21  0.18357851E-38
  0.30400000E+02  0.12711309E-21  0.18235447E-38
  0.30500000E+02  0.12631835E-21  0.18114257E-38
  0.30600000E+02  0.12553093E-21  0.17994266E-38
  0.30700000E+02  0.12475073E-21  0.17875456E-38
  0.30800000E+02  0.12397768E-21  0.17757814E-38
  0.30900000E+02  0.12321169E-21  0.17641324E-38
  0.31000000E+02  0.12245267E-21  0.17525970E-38
  0.31100000E+02  0.12170054E-21  0.17411740E-38
  0.31200000E+02  0.12095521E-21  0.17298617E-38
  0.31300000E+02  0.12021662E-21  0.17186588E-38
  0.31400000E+02  0.11948467E-21  0.17075640E-38
  0.31500000E+02  0.11875929E-21  0.16965758E-38
  0.31600000E+02  0.11804040E-21  0.16856928E-38
  0.31700000E+02  0.11732793E-21  0.16749139E-38
  0.31800000E+02  0.11662179E-21  0.16642375E-38
  0.31900000E+02  0.11592193E-21  0.16536626E-38
  0.32000000E+02  0.11522826E-21  0.16431877E-38
  0.32100000E+02  0.11454071E-21  0.16328117E-38
  0.32200000E+02  0.11385921E-21  0.16225333E-38
  0.32300000E+02  0.11318369E-21  0.16123513E-38
  0.32400000E+02  0.11251409E-21  0.16022645E-38
  0.32500000E+02  0.11185032E-21  0.15922718E-38
  0.32600000E+02  0.11119234E-21  0.15823719E-38
  0.32700000E+02  0.11054007E-21  0.15725638E-38
  0.32800000E+02  0.10989345E-21  0.15628463E-38
  0.32900000E+02  0.10925241E-21  0.15532183E-38
  0.33000000E+02  0.10861689E-21  0.15436788E-38
  0.33100000E+02  0.10798682E-21  0.15342266E-38
  0.33200000E+02  0.10736215E-21  0.15248607E-38
  0.33300000E+02  0.10674282E-21  0.15155801E-38
  0.33400000E+02  0.10612876E-21  0.15063838E-38
  0.33500000E+02  0.10551992E-21  0.14972706E-38
  0.33600000E+02  0.10491624E-21  0.14882397E-38
  0.33700000E+02  0.10431765E-21  0.14792901E-38
  0.33800000E+02  0.10372411E-21  0.14704207E-38
  0.33900000E+02  0.10313556E-21  0.14616307E-38
  0.34000000E+02  0.10255195E-21  0.14529191E-38
  0.34100000E+02  0.10197321E-21  0.14442849E-38
  0.34200000E+02  0.10139930E-21  0.14357274E-38
  0.34300000E+02  0.10083016E-21  0.14272455E-38
  0.34400000E+02  0.10026574E-21  0.14188384E-38
  0.34500000E+02  0.99705987E-22  0.14105052E-38
  0.34600000E+02  0.99150855E-22  0.14022450E-38
  0.34700000E+02  0.98600292E-22  0.13940571E-38
  0.34800000E+02  0.98054248E-22  0.13859406E-38
  0.34900000E+02  0.97512674E-22  0.13778946E-38
  0.35000000E+02  0.96975522E-22  0.13699183E-38
  0.35100000E+02  0.96442745E-22  0.13620110E-38
  0.35200000E+02  0.95914296E-22  0.13541718E-38
  0.35300000E+02  0.95390128E-22  0.13464000E-38
  0.35400000E+02  0.94870197E-22  0.13386949E-38
  0.35500000E+02  0.94354457E-22  0.13310556E-38
  0.35600000E+02  0.93842863E-22  0.13234814E-38
  0.35700000E+02  0.93335372E-22  0.13159715E-38
  0.35800000E+02  0.92831942E-22  0.13085254E-38
  0.35900000E+02  0.92332527E-22  0.13011421E-38
  0.36000000E+02  0.91837088E-22  0.12938212E-38
  0.36100000E+02  0.91345582E-22  0.12865617E-38
  0.36200000E+02  0.90857968E-22  0.12793631E-38
  0.36300000E+02  0.90374206E-22  0.12722247E-38
  0.36400000E+02  0.89894255E-22  0.12651458E-38
  0.36500000E+02  0.89418077E-22  0.12581258E-38
  0.36600000E+02  0.88945631E-22  0.12511639E-38
  0.36700000E+02  0.88476880E-22  0.12442597E-38
  0.36800000E+02  0.88011786E-22  0.12374124E-38
  0.36900000E+02  0.87550311E-22  0.12306214E-38
  0.37000000E+02  0.87092418E-22  0.12238861E-38
  0.37100000E+02  0.86638070E-22  0.12172059E-38
  0.37200000E+02  0.86187232E-22  0.12105802E-38
  0.37300000E+02  0.85739867E-22  0.12040085E-38
  0.37400000E+02  0.85295941E-22  0.11974900E-38
  0.37500000E+02  0.84855418E-22  0.11910244E-38
  0.37600000E+02  0.84418265E-22  0.11846109E-38
  0.37700000E+02  0.83984447E-22  0.11782490E-38
  0.37800000E+02  0.83553931E-22  0.11719383E-38
  0.37900000E+02  0.83126683E-22  0.11656781E-38
  0.38000000E+02  0.82702672E-22  0.11594679E-38
  0.38100000E+02  0.82281865E-22  0.11533071E-38
  0.38200000E+02  0.81864229E-22  0.11471953E-38
  0.38300000E+02  0.81449735E-22  0.11411320E-38
  0.38400000E+02  0.81038349E-22  0.11351166E-38
  0.38500000E+02  0.80630042E-22  0.11291486E-38
  0.38600000E+02  0.80224784E-22  0.11232275E-38
  0.38700000E+02  0.79822544E-22  0.11173529E-38
  0.38800000E+02  0.79423293E-22  0.11115243E-38
  0.38900000E+02  0.79027001E-22  0.11057411E-38
  0.39000000E+02  0.78633640E-22  0.11000029E-38
  0.39100000E+02  0.78243181E-22  0.10943093E-38
  0.39200000E+02  0.77855596E-22  0.10886598E-38
  0.39300000E+02  0.77470856E-22  0.10830539E-38
  0.39400000E+02  0.77088936E-22  0.10774912E-38
  0.39500000E+02  0.76709806E-22  0.10719712E-38
  0.39600000E+02  0.76333441E-22  0.10664936E-38
  0.39700000E+02  0.75959814E-22  0.10610578E-38
  0.39800000E+02  0.75588898E-22  0.10556635E-38
  0.39900000E+02  0.75220668E-22  0.10503102E-38
  0.40000000E+02  0.74855098E-22  0.10449976E-38
