  0.00000000E+00  0.26454629E-17  0.26579233E-33
  0.10000000E+00  0.23034053E-17  0.22839172E-33
  0.20000000E+00  0.17229384E-17  0.16210158E-33
  0.30000000E+00  0.12739953E-17  0.11017954E-33
  0.40000000E+00  0.97036463E-18  0.76399736E-34
  0.50000000E+00  0.76338777E-18  0.54912195E-34
  0.60000000E+00  0.61721208E-18  0.40912215E-34
  0.70000000E+00  0.51019657E-18  0.31467985E-34
  0.80000000E+00  0.42937595E-18  0.24872144E-34
  0.90000000E+00  0.36673232E-18  0.20117897E-34
  0.10000000E+01  0.31711384E-18  0.16594135E-34
  0.11000000E+01  0.27708847E-18  0.13917767E-34
  0.12000000E+01  0.24429568E-18  0.11841044E-34
  0.13000000E+01  0.21706632E-18  0.10199065E-34
  0.14000000E+01  0.19419149E-18  0.88791695E-35
  0.15000000E+01  0.17477721E-18  0.78025538E-35
  0.16000000E+01  0.15815013E-18  0.69129077E-35
  0.17000000E+01  0.14379483E-18  0.61692124E-35
  0.18000000E+01  0.13131102E-18  0.55410612E-35
  0.19000000E+01  0.12038381E-18  0.50055527E-35
  0.20000000E+01  0.11076254E-18  0.45451868E-35
  0.21000000E+01  0.10224556E-18  0.41464121E-35
  0.22000000E+01  0.94669075E-19  0.37986071E-35
  0.23000000E+01  0.87898857E-19  0.34933529E-35
  0.24000000E+01  0.81824005E-19  0.32239080E-35
  0.25000000E+01  0.76352204E-19  0.29848222E-35
  0.26000000E+01  0.71406081E-19  0.27716508E-35
  0.27000000E+01  0.66920367E-19  0.25807393E-35
  0.28000000E+01  0.62839676E-19  0.24090603E-35
  0.29000000E+01  0.59116751E-19  0.22540881E-35
  0.30000000E+01  0.55711059E-19  0.21137018E-35
  0.31000000E+01  0.52587670E-19  0.19861094E-35
  0.32000000E+01  0.49716347E-19  0.18697883E-35
  0.33000000E+01  0.47070802E-19  0.17634378E-35
  0.34000000E+01  0.44628092E-19  0.16659410E-35
  0.35000000E+01  0.42368117E-19  0.15763344E-35
  0.36000000E+01  0.40273209E-19  0.14937832E-35
  0.37000000E+01  0.38327779E-19  0.14175610E-35
  0.38000000E+01  0.36518039E-19  0.13470332E-35
  0.39000000E+01  0.34831748E-19  0.12816435E-35
  0.40000000E+01  0.33258013E-19  0.12209023E-35
  0.41000000E+01  0.31787115E-19  0.11643773E-35
  0.42000000E+01  0.30410357E-19  0.11116856E-35
  0.43000000E+01  0.29119939E-19  0.10624873E-35
  0.44000000E+01  0.27908850E-19  0.10164792E-35
  0.45000000E+01  0.26770775E-19  0.97339070E-36
  0.46000000E+01  0.25700009E-19  0.93297944E-36
  0.47000000E+01  0.24691394E-19  0.89502772E-36
  0.48000000E+01  0.23740254E-19  0.85933967E-36
  0.49000000E+01  0.22842340E-19  0.82573859E-36
  0.50000000E+01  0.21993789E-19  0.79406476E-36
  0.51000000E+01  0.21191080E-19  0.76417350E-36
  0.52000000E+01  0.20430998E-19  0.73593349E-36
  0.53000000E+01  0.19710603E-19  0.70922532E-36
  0.54000000E+01  0.19027204E-19  0.68394020E-36
  0.55000000E+01  0.18378332E-19  0.65997887E-36
  0.56000000E+01  0.17761721E-19  0.63725056E-36
  0.57000000E+01  0.17175283E-19  0.61567218E-36
  0.58000000E+01  0.16617100E-19  0.59516753E-36
  0.59000000E+01  0.16085399E-19  0.57566663E-36
  0.60000000E+01  0.15578547E-19  0.55710510E-36
  0.61000000E+01  0.15095030E-19  0.53942365E-36
  0.62000000E+01  0.14633450E-19  0.52256760E-36
  0.63000000E+01  0.14192510E-19  0.50648646E-36
  0.64000000E+01  0.13771008E-19  0.49113353E-36
  0.65000000E+01  0.13367826E-19  0.47646558E-36
  0.66000000E+01  0.12981927E-19  0.46244253E-36
  0.67000000E+01  0.12612344E-19  0.44902722E-36
  0.68000000E+01  0.12258177E-19  0.43618510E-36
  0.69000000E+01  0.11918587E-19  0.42388403E-36
  0.70000000E+01  0.11592791E-19  0.41209413E-36
  0.71000000E+01  0.11280057E-19  0.40078752E-36
  0.72000000E+01  0.10979702E-19  0.38993819E-36
  0.73000000E+01  0.10691084E-19  0.37952189E-36
  0.74000000E+01  0.10413605E-19  0.36951592E-36
  0.75000000E+01  0.10146703E-19  0.35989906E-36
  0.76000000E+01  0.98898505E-20  0.35065144E-36
  0.77000000E+01  0.96425527E-20  0.34175445E-36
  0.78000000E+01  0.94043448E-20  0.33319062E-36
  0.79000000E+01  0.91747895E-20  0.32494357E-36
  0.80000000E+01  0.89534755E-20  0.31699790E-36
  0.81000000E+01  0.87400155E-20  0.30933914E-36
  0.82000000E+01  0.85340446E-20  0.30195367E-36
  0.83000000E+01  0.83352186E-20  0.29482869E-36
  0.84000000E+01  0.81432129E-20  0.28795210E-36
  0.85000000E+01  0.79577210E-20  0.28131253E-36
  0.86000000E+01  0.77784532E-20  0.27489924E-36
  0.87000000E+01  0.76051358E-20  0.26870208E-36
  0.88000000E+01  0.74375098E-20  0.26271147E-36
  0.89000000E+01  0.72753302E-20  0.25691836E-36
  0.90000000E+01  0.71183649E-20  0.25131418E-36
  0.91000000E+01  0.69663940E-20  0.24589082E-36
  0.92000000E+01  0.68192089E-20  0.24064061E-36
  0.93000000E+01  0.66766118E-20  0.23555627E-36
  0.94000000E+01  0.65384151E-20  0.23063091E-36
  0.95000000E+01  0.64044405E-20  0.22585797E-36
  0.96000000E+01  0.62745185E-20  0.22123126E-36
  0.97000000E+01  0.61484883E-20  0.21674486E-36
  0.98000000E+01  0.60261967E-20  0.21239318E-36
  0.99000000E+01  0.59074979E-20  0.20817089E-36
  0.10000000E+02  0.57922534E-20  0.20407292E-36
  0.10100000E+02  0.56803310E-20  0.20009445E-36
  0.10200000E+02  0.55716048E-20  0.19623089E-36
  0.10300000E+02  0.54659548E-20  0.19247786E-36
  0.10400000E+02  0.53632667E-20  0.18883120E-36
  0.10500000E+02  0.52634312E-20  0.18528694E-36
  0.10600000E+02  0.51663441E-20  0.18184128E-36
  0.10700000E+02  0.50719058E-20  0.17849060E-36
  0.10800000E+02  0.49800214E-20  0.17523147E-36
  0.10900000E+02  0.48906000E-20  0.17206057E-36
  0.11000000E+02  0.48035546E-20  0.16897476E-36
  0.11100000E+02  0.47188022E-20  0.16597103E-36
  0.11200000E+02  0.46362633E-20  0.16304649E-36
  0.11300000E+02  0.45558617E-20  0.16019840E-36
  0.11400000E+02  0.44775246E-20  0.15742412E-36
  0.11500000E+02  0.44011823E-20  0.15472113E-36
  0.11600000E+02  0.43267677E-20  0.15208700E-36
  0.11700000E+02  0.42542169E-20  0.14951942E-36
  0.11800000E+02  0.41834683E-20  0.14701618E-36
  0.11900000E+02  0.41144629E-20  0.14457514E-36
  0.12000000E+02  0.40471441E-20  0.14219427E-36
  0.12100000E+02  0.39814576E-20  0.13987161E-36
  0.12200000E+02  0.39173513E-20  0.13760527E-36
  0.12300000E+02  0.38547751E-20  0.13539347E-36
  0.12400000E+02  0.37936808E-20  0.13323445E-36
  0.12500000E+02  0.37340221E-20  0.13112657E-36
  0.12600000E+02  0.36757546E-20  0.12906822E-36
  0.12700000E+02  0.36188355E-20  0.12705787E-36
  0.12800000E+02  0.35632237E-20  0.12509402E-36
  0.12900000E+02  0.35088795E-20  0.12317528E-36
  0.13000000E+02  0.34557649E-20  0.12130026E-36
  0.13100000E+02  0.34038431E-20  0.11946765E-36
  0.13200000E+02  0.33530788E-20  0.11767618E-36
  0.13300000E+02  0.33034380E-20  0.11592464E-36
  0.13400000E+02  0.32548878E-20  0.11421184E-36
  0.13500000E+02  0.32073967E-20  0.11253666E-36
  0.13600000E+02  0.31609341E-20  0.11089800E-36
  0.13700000E+02  0.31154707E-20  0.10929481E-36
  0.13800000E+02  0.30709780E-20  0.10772608E-36
  0.13900000E+02  0.30274288E-20  0.10619082E-36
  0.14000000E+02  0.29847966E-20  0.10468809E-36
  0.14100000E+02  0.29430559E-20  0.10321699E-36
  0.14200000E+02  0.29021821E-20  0.10177663E-36
  0.14300000E+02  0.28621515E-20  0.10036616E-36
  0.14400000E+02  0.28229410E-20  0.98984758E-37
  0.14500000E+02  0.27845285E-20  0.97631638E-37
  0.14600000E+02  0.27468925E-20  0.96306033E-37
  0.14700000E+02  0.27100123E-20  0.95007201E-37
  0.14800000E+02  0.26738679E-20  0.93734428E-37
  0.14900000E+02  0.26384397E-20  0.92487023E-37
  0.15000000E+02  0.26037092E-20  0.91264316E-37
  0.15100000E+02  0.25696581E-20  0.90065661E-37
  0.15200000E+02  0.25362689E-20  0.88890432E-37
  0.15300000E+02  0.25035246E-20  0.87738023E-37
  0.15400000E+02  0.24714087E-20  0.86607847E-37
  0.15500000E+02  0.24399052E-20  0.85499339E-37
  0.15600000E+02  0.24089988E-20  0.84411947E-37
  0.15700000E+02  0.23786745E-20  0.83345139E-37
  0.15800000E+02  0.23489178E-20  0.82298400E-37
  0.15900000E+02  0.23197146E-20  0.81271231E-37
  0.16000000E+02  0.22910514E-20  0.80263147E-37
  0.16100000E+02  0.22629149E-20  0.79273678E-37
  0.16200000E+02  0.22352923E-20  0.78302370E-37
  0.16300000E+02  0.22081712E-20  0.77348782E-37
  0.16400000E+02  0.21815396E-20  0.76412486E-37
  0.16500000E+02  0.21553859E-20  0.75493066E-37
  0.16600000E+02  0.21296985E-20  0.74590120E-37
  0.16700000E+02  0.21044667E-20  0.73703257E-37
  0.16800000E+02  0.20796796E-20  0.72832098E-37
  0.16900000E+02  0.20553269E-20  0.71976275E-37
  0.17000000E+02  0.20313985E-20  0.71135430E-37
  0.17100000E+02  0.20078847E-20  0.70309216E-37
  0.17200000E+02  0.19847760E-20  0.69497296E-37
  0.17300000E+02  0.19620631E-20  0.68699343E-37
  0.17400000E+02  0.19397370E-20  0.67915038E-37
  0.17500000E+02  0.19177890E-20  0.67144073E-37
  0.17600000E+02  0.18962107E-20  0.66386146E-37
  0.17700000E+02  0.18749938E-20  0.65640966E-37
  0.17800000E+02  0.18541303E-20  0.64908248E-37
  0.17900000E+02  0.18336125E-20  0.64187718E-37
  0.18000000E+02  0.18134326E-20  0.63479106E-37
  0.18100000E+02  0.17935835E-20  0.62782150E-37
  0.18200000E+02  0.17740578E-20  0.62096598E-37
  0.18300000E+02  0.17548486E-20  0.61422202E-37
  0.18400000E+02  0.17359492E-20  0.60758721E-37
  0.18500000E+02  0.17173529E-20  0.60105921E-37
  0.18600000E+02  0.16990532E-20  0.59463575E-37
  0.18700000E+02  0.16810440E-20  0.58831461E-37
  0.18800000E+02  0.16633191E-20  0.58209362E-37
  0.18900000E+02  0.16458725E-20  0.57597069E-37
  0.19000000E+02  0.16286985E-20  0.56994376E-37
  0.19100000E+02  0.16117914E-20  0.56401085E-37
  0.19200000E+02  0.15951458E-20  0.55817000E-37
  0.19300000E+02  0.15787563E-20  0.55241933E-37
  0.19400000E+02  0.15626176E-20  0.54675699E-37
  0.19500000E+02  0.15467248E-20  0.54118118E-37
  0.19600000E+02  0.15310727E-20  0.53569015E-37
  0.19700000E+02  0.15156567E-20  0.53028219E-37
  0.19800000E+02  0.15004719E-20  0.52495564E-37
  0.19900000E+02  0.14855138E-20  0.51970887E-37
  0.20000000E+02  0.14707779E-20  0.51454029E-37
  0.20100000E+02  0.14562598E-20  0.50944836E-37
  0.20200000E+02  0.14419554E-20  0.50443158E-37
  0.20300000E+02  0.14278603E-20  0.49948848E-37
  0.20400000E+02  0.14139705E-20  0.49461761E-37
  0.20500000E+02  0.14002821E-20  0.48981759E-37
  0.20600000E+02  0.13867912E-20  0.48508704E-37
  0.20700000E+02  0.13734941E-20  0.48042463E-37
  0.20800000E+02  0.13603870E-20  0.47582906E-37
  0.20900000E+02  0.13474664E-20  0.47129907E-37
  0.21000000E+02  0.13347287E-20  0.46683340E-37
  0.21100000E+02  0.13221704E-20  0.46243084E-37
  0.21200000E+02  0.13097884E-20  0.45809023E-37
  0.21300000E+02  0.12975792E-20  0.45381039E-37
  0.21400000E+02  0.12855396E-20  0.44959020E-37
  0.21500000E+02  0.12736667E-20  0.44542856E-37
  0.21600000E+02  0.12619572E-20  0.44132440E-37
  0.21700000E+02  0.12504082E-20  0.43727665E-37
  0.21800000E+02  0.12390169E-20  0.43328429E-37
  0.21900000E+02  0.12277802E-20  0.42934631E-37
  0.22000000E+02  0.12166956E-20  0.42546174E-37
  0.22100000E+02  0.12057601E-20  0.42162961E-37
  0.22200000E+02  0.11949713E-20  0.41784898E-37
  0.22300000E+02  0.11843264E-20  0.41411894E-37
  0.22400000E+02  0.11738229E-20  0.41043858E-37
  0.22500000E+02  0.11634583E-20  0.40680703E-37
  0.22600000E+02  0.11532303E-20  0.40322343E-37
  0.22700000E+02  0.11431363E-20  0.39968694E-37
  0.22800000E+02  0.11331741E-20  0.39619674E-37
  0.22900000E+02  0.11233414E-20  0.39275203E-37
  0.23000000E+02  0.11136360E-20  0.38935201E-37
  0.23100000E+02  0.11040557E-20  0.38599592E-37
  0.23200000E+02  0.10945983E-20  0.38268301E-37
  0.23300000E+02  0.10852617E-20  0.37941253E-37
  0.23400000E+02  0.10760440E-20  0.37618378E-37
  0.23500000E+02  0.10669430E-20  0.37299603E-37
  0.23600000E+02  0.10579569E-20  0.36984861E-37
  0.23700000E+02  0.10490837E-20  0.36674083E-37
  0.23800000E+02  0.10403216E-20  0.36367203E-37
  0.23900000E+02  0.10316686E-20  0.36064156E-37
  0.24000000E+02  0.10231230E-20  0.35764879E-37
  0.24100000E+02  0.10146830E-20  0.35469310E-37
  0.24200000E+02  0.10063469E-20  0.35177387E-37
  0.24300000E+02  0.99811302E-21  0.34889051E-37
  0.24400000E+02  0.98997965E-21  0.34604243E-37
  0.24500000E+02  0.98194517E-21  0.34322906E-37
  0.24600000E+02  0.97400800E-21  0.34044984E-37
  0.24700000E+02  0.96616656E-21  0.33770422E-37
  0.24800000E+02  0.95841934E-21  0.33499166E-37
  0.24900000E+02  0.95076482E-21  0.33231163E-37
  0.25000000E+02  0.94320154E-21  0.32966362E-37
  0.25100000E+02  0.93572805E-21  0.32704711E-37
  0.25200000E+02  0.92834295E-21  0.32446161E-37
  0.25300000E+02  0.92104483E-21  0.32190663E-37
  0.25400000E+02  0.91383234E-21  0.31938169E-37
  0.25500000E+02  0.90670416E-21  0.31688632E-37
  0.25600000E+02  0.89965896E-21  0.31442007E-37
  0.25700000E+02  0.89269548E-21  0.31198249E-37
  0.25800000E+02  0.88581245E-21  0.30957312E-37
  0.25900000E+02  0.87900863E-21  0.30719154E-37
  0.26000000E+02  0.87228283E-21  0.30483732E-37
  0.26100000E+02  0.86563385E-21  0.30251005E-37
  0.26200000E+02  0.85906052E-21  0.30020931E-37
  0.26300000E+02  0.85256172E-21  0.29793471E-37
  0.26400000E+02  0.84613630E-21  0.29568584E-37
  0.26500000E+02  0.83978318E-21  0.29346233E-37
  0.26600000E+02  0.83350128E-21  0.29126379E-37
  0.26700000E+02  0.82728953E-21  0.28908985E-37
  0.26800000E+02  0.82114690E-21  0.28694014E-37
  0.26900000E+02  0.81507236E-21  0.28481432E-37
  0.27000000E+02  0.80906491E-21  0.28271201E-37
  0.27100000E+02  0.80312358E-21  0.28063289E-37
  0.27200000E+02  0.79724739E-21  0.27857660E-37
  0.27300000E+02  0.79143539E-21  0.27654282E-37
  0.27400000E+02  0.78568666E-21  0.27453122E-37
  0.27500000E+02  0.78000028E-21  0.27254148E-37
  0.27600000E+02  0.77437536E-21  0.27057328E-37
  0.27700000E+02  0.76881101E-21  0.26862632E-37
  0.27800000E+02  0.76330636E-21  0.26670028E-37
  0.27900000E+02  0.75786057E-21  0.26479487E-37
  0.28000000E+02  0.75247279E-21  0.26290980E-37
  0.28100000E+02  0.74714222E-21  0.26104478E-37
  0.28200000E+02  0.74186804E-21  0.25919952E-37
  0.28300000E+02  0.73664947E-21  0.25737375E-37
  0.28400000E+02  0.73148571E-21  0.25556719E-37
  0.28500000E+02  0.72637602E-21  0.25377958E-37
  0.28600000E+02  0.72131963E-21  0.25201065E-37
  0.28700000E+02  0.71631581E-21  0.25026014E-37
  0.28800000E+02  0.71136384E-21  0.24852780E-37
  0.28900000E+02  0.70646299E-21  0.24681338E-37
  0.29000000E+02  0.70161258E-21  0.24511663E-37
  0.29100000E+02  0.69681190E-21  0.24343730E-37
  0.29200000E+02  0.69206029E-21  0.24177517E-37
  0.29300000E+02  0.68735707E-21  0.24012999E-37
  0.29400000E+02  0.68270160E-21  0.23850154E-37
  0.29500000E+02  0.67809323E-21  0.23688960E-37
  0.29600000E+02  0.67353132E-21  0.23529393E-37
  0.29700000E+02  0.66901526E-21  0.23371432E-37
  0.29800000E+02  0.66454443E-21  0.23215056E-37
  0.29900000E+02  0.66011823E-21  0.23060244E-37
  0.30000000E+02  0.65573608E-21  0.22906974E-37
  0.30100000E+02  0.65139737E-21  0.22755227E-37
  0.30200000E+02  0.64710156E-21  0.22604982E-37
  0.30300000E+02  0.64284807E-21  0.22456219E-37
  0.30400000E+02  0.63863634E-21  0.22308919E-37
  0.30500000E+02  0.63446584E-21  0.22163064E-37
  0.30600000E+02  0.63033603E-21  0.22018633E-37
  0.30700000E+02  0.62624638E-21  0.21875609E-37
  0.30800000E+02  0.62219637E-21  0.21733974E-37
  0.30900000E+02  0.61818549E-21  0.21593709E-37
  0.31000000E+02  0.61421324E-21  0.21454797E-37
  0.31100000E+02  0.61027913E-21  0.21317221E-37
  0.31200000E+02  0.60638267E-21  0.21180963E-37
  0.31300000E+02  0.60252338E-21  0.21046007E-37
  0.31400000E+02  0.59870078E-21  0.20912336E-37
  0.31500000E+02  0.59491443E-21  0.20779934E-37
  0.31600000E+02  0.59116385E-21  0.20648785E-37
  0.31700000E+02  0.58744861E-21  0.20518873E-37
  0.31800000E+02  0.58376825E-21  0.20390183E-37
  0.31900000E+02  0.58012235E-21  0.20262699E-37
  0.32000000E+02  0.57651047E-21  0.20136407E-37
  0.32100000E+02  0.57293220E-21  0.20011291E-37
  0.32200000E+02  0.56938712E-21  0.19887337E-37
  0.32300000E+02  0.56587481E-21  0.19764531E-37
  0.32400000E+02  0.56239488E-21  0.19642859E-37
  0.32500000E+02  0.55894693E-21  0.19522306E-37
  0.32600000E+02  0.55553057E-21  0.19402860E-37
  0.32700000E+02  0.55214542E-21  0.19284505E-37
  0.32800000E+02  0.54879109E-21  0.19167230E-37
  0.32900000E+02  0.54546722E-21  0.19051021E-37
  0.33000000E+02  0.54217344E-21  0.18935866E-37
  0.33100000E+02  0.53890937E-21  0.18821751E-37
  0.33200000E+02  0.53567468E-21  0.18708664E-37
  0.33300000E+02  0.53246900E-21  0.18596592E-37
  0.33400000E+02  0.52929200E-21  0.18485525E-37
  0.33500000E+02  0.52614333E-21  0.18375449E-37
  0.33600000E+02  0.52302265E-21  0.18266353E-37
  0.33700000E+02  0.51992963E-21  0.18158226E-37
  0.33800000E+02  0.51686396E-21  0.18051055E-37
  0.33900000E+02  0.51382530E-21  0.17944830E-37
  0.34000000E+02  0.51081334E-21  0.17839540E-37
  0.34100000E+02  0.50782777E-21  0.17735173E-37
  0.34200000E+02  0.50486829E-21  0.17631719E-37
  0.34300000E+02  0.50193458E-21  0.17529167E-37
  0.34400000E+02  0.49902636E-21  0.17427508E-37
  0.34500000E+02  0.49614332E-21  0.17326729E-37
  0.34600000E+02  0.49328518E-21  0.17226822E-37
  0.34700000E+02  0.49045165E-21  0.17127777E-37
  0.34800000E+02  0.48764245E-21  0.17029583E-37
  0.34900000E+02  0.48485731E-21  0.16932230E-37
  0.35000000E+02  0.48209594E-21  0.16835710E-37
  0.35100000E+02  0.47935808E-21  0.16740012E-37
  0.35200000E+02  0.47664347E-21  0.16645128E-37
  0.35300000E+02  0.47395183E-21  0.16551048E-37
  0.35400000E+02  0.47128292E-21  0.16457763E-37
  0.35500000E+02  0.46863647E-21  0.16365265E-37
  0.35600000E+02  0.46601225E-21  0.16273543E-37
  0.35700000E+02  0.46340998E-21  0.16182591E-37
  0.35800000E+02  0.46082945E-21  0.16092398E-37
  0.35900000E+02  0.45827039E-21  0.16002957E-37
  0.36000000E+02  0.45573258E-21  0.15914260E-37
  0.36100000E+02  0.45321579E-21  0.15826298E-37
  0.36200000E+02  0.45071977E-21  0.15739062E-37
  0.36300000E+02  0.44824430E-21  0.15652546E-37
  0.36400000E+02  0.44578916E-21  0.15566741E-37
  0.36500000E+02  0.44335413E-21  0.15481640E-37
  0.36600000E+02  0.44093898E-21  0.15397234E-37
  0.36700000E+02  0.43854350E-21  0.15313516E-37
  0.36800000E+02  0.43616748E-21  0.15230479E-37
  0.36900000E+02  0.43381070E-21  0.15148116E-37
  0.37000000E+02  0.43147297E-21  0.15066419E-37
  0.37100000E+02  0.42915407E-21  0.14985380E-37
  0.37200000E+02  0.42685380E-21  0.14904994E-37
  0.37300000E+02  0.42457197E-21  0.14825252E-37
  0.37400000E+02  0.42230838E-21  0.14746148E-37
  0.37500000E+02  0.42006284E-21  0.14667676E-37
  0.37600000E+02  0.41783514E-21  0.14589828E-37
  0.37700000E+02  0.41562511E-21  0.14512598E-37
  0.37800000E+02  0.41343257E-21  0.14435980E-37
  0.37900000E+02  0.41125731E-21  0.14359966E-37
  0.38000000E+02  0.40909917E-21  0.14284551E-37
  0.38100000E+02  0.40695796E-21  0.14209729E-37
  0.38200000E+02  0.40483352E-21  0.14135493E-37
  0.38300000E+02  0.40272565E-21  0.14061836E-37
  0.38400000E+02  0.40063420E-21  0.13988754E-37
  0.38500000E+02  0.39855899E-21  0.13916240E-37
  0.38600000E+02  0.39649985E-21  0.13844288E-37
  0.38700000E+02  0.39445663E-21  0.13772893E-37
  0.38800000E+02  0.39242914E-21  0.13702048E-37
  0.38900000E+02  0.39041725E-21  0.13631749E-37
  0.39000000E+02  0.38842077E-21  0.13561989E-37
  0.39100000E+02  0.38643957E-21  0.13492763E-37
  0.39200000E+02  0.38447347E-21  0.13424065E-37
  0.39300000E+02  0.38252234E-21  0.13355891E-37
  0.39400000E+02  0.38058601E-21  0.13288234E-37
  0.39500000E+02  0.37866434E-21  0.13221090E-37
  0.39600000E+02  0.37675718E-21  0.13154454E-37
  0.39700000E+02  0.37486439E-21  0.13088320E-37
  0.39800000E+02  0.37298582E-21  0.13022683E-37
  0.39900000E+02  0.37112133E-21  0.12957539E-37
  0.40000000E+02  0.36927078E-21  0.12892882E-37
