  0.00000000E+00 -0.32256518E-21  0.92882790E-35
  0.10000000E+00 -0.24500149E-21  0.66400849E-35
  0.20000000E+00 -0.15414726E-21  0.36052810E-35
  0.30000000E+00 -0.99563603E-22  0.19304676E-35
  0.40000000E+00 -0.68108324E-22  0.10649731E-35
  0.50000000E+00 -0.48974725E-22  0.62690204E-36
  0.60000000E+00 -0.36615518E-22  0.38674500E-36
  0.70000000E+00 -0.28225477E-22  0.24357722E-36
  0.80000000E+00 -0.22301332E-22  0.15988810E-36
  0.90000000E+00 -0.17984334E-22  0.10936717E-36
  0.10000000E+01 -0.14755982E-22  0.71569053E-37
  0.11000000E+01 -0.12288639E-22  0.49923039E-37
  0.12000000E+01 -0.10367407E-22  0.34911576E-37
  0.13000000E+01 -0.88469065E-23  0.22787696E-37
  0.14000000E+01 -0.76261809E-23  0.15199050E-37
  0.15000000E+01 -0.66335299E-23  0.99576258E-38
  0.16000000E+01 -0.58170245E-23  0.49873135E-38
  0.17000000E+01 -0.51383986E-23  0.25877671E-38
  0.18000000E+01 -0.45690169E-23  0.74254623E-39
  0.19000000E+01 -0.40871514E-23 -0.12146327E-38
  0.20000000E+01 -0.36761073E-23 -0.20666042E-38
  0.21000000E+01 -0.33229086E-23 -0.27784779E-38
  0.22000000E+01 -0.30173638E-23 -0.30735504E-38
  0.23000000E+01 -0.27513899E-23 -0.36269523E-38
  0.24000000E+01 -0.25185190E-23 -0.34541585E-38
  0.25000000E+01 -0.23135316E-23 -0.36556734E-38
  0.26000000E+01 -0.21321831E-23 -0.39266402E-38
  0.27000000E+01 -0.19709966E-23 -0.45639838E-38
  0.28000000E+01 -0.18271042E-23 -0.43218499E-38
  0.29000000E+01 -0.16981252E-23 -0.39518536E-38
  0.30000000E+01 -0.15820714E-23 -0.36621868E-38
  0.31000000E+01 -0.14772729E-23 -0.37610172E-38
  0.32000000E+01 -0.13823194E-23 -0.35347517E-38
  0.33000000E+01 -0.12960137E-23 -0.34809368E-38
  0.34000000E+01 -0.12173347E-23 -0.33956835E-38
  0.35000000E+01 -0.11454072E-23 -0.32916575E-38
  0.36000000E+01 -0.10794782E-23 -0.31148738E-38
  0.37000000E+01 -0.10188965E-23 -0.28139431E-38
  0.38000000E+01 -0.96309723E-24 -0.29272469E-38
  0.39000000E+01 -0.91158833E-24 -0.28683300E-38
  0.40000000E+01 -0.86393955E-24 -0.25151118E-38
  0.41000000E+01 -0.81977347E-24 -0.24614676E-38
  0.42000000E+01 -0.77875788E-24 -0.22998662E-38
  0.43000000E+01 -0.74059945E-24 -0.21818404E-38
  0.44000000E+01 -0.70503839E-24 -0.23031808E-38
  0.45000000E+01 -0.67184397E-24 -0.20072495E-38
  0.46000000E+01 -0.64081066E-24 -0.18488986E-38
  0.47000000E+01 -0.61175492E-24 -0.19238903E-38
  0.48000000E+01 -0.58451243E-24 -0.15460036E-38
  0.49000000E+01 -0.55893569E-24 -0.14956488E-38
  0.50000000E+01 -0.53489203E-24 -0.15309729E-38
  0.51000000E+01 -0.51226182E-24 -0.12948574E-38
  0.52000000E+01 -0.49093694E-24 -0.12050702E-38
  0.53000000E+01 -0.47081953E-24 -0.11643281E-38
  0.54000000E+01 -0.45182076E-24 -0.11221195E-38
  0.55000000E+01 -0.43385991E-24 -0.10352242E-38
  0.56000000E+01 -0.41686345E-24 -0.98133802E-39
  0.57000000E+01 -0.40076430E-24 -0.86600075E-39
  0.58000000E+01 -0.38550115E-24 -0.76821468E-39
  0.59000000E+01 -0.37101786E-24 -0.77679042E-39
  0.60000000E+01 -0.35726299E-24 -0.64036020E-39
  0.61000000E+01 -0.34418927E-24 -0.65821110E-39
  0.62000000E+01 -0.33175322E-24 -0.55961125E-39
  0.63000000E+01 -0.31991483E-24 -0.52312388E-39
  0.64000000E+01 -0.30863715E-24 -0.45377396E-39
  0.65000000E+01 -0.29788610E-24 -0.38476532E-39
  0.66000000E+01 -0.28763012E-24 -0.31994991E-39
  0.67000000E+01 -0.27784002E-24 -0.25664335E-39
  0.68000000E+01 -0.26848871E-24 -0.22113942E-39
  0.69000000E+01 -0.25955109E-24 -0.26124608E-39
  0.70000000E+01 -0.25100378E-24 -0.23407023E-39
  0.71000000E+01 -0.24282507E-24 -0.13900707E-39
  0.72000000E+01 -0.23499472E-24 -0.94749775E-40
  0.73000000E+01 -0.22749387E-24 -0.10927639E-39
  0.74000000E+01 -0.22030492E-24 -0.64891668E-40
  0.75000000E+01 -0.21341144E-24 -0.50980107E-40
  0.76000000E+01 -0.20679803E-24  0.48050145E-40
  0.77000000E+01 -0.20045031E-24  0.72274249E-40
  0.78000000E+01 -0.19435481E-24  0.61868837E-40
  0.79000000E+01 -0.18849889E-24  0.72733414E-40
  0.80000000E+01 -0.18287067E-24  0.13139643E-39
  0.81000000E+01 -0.17745904E-24  0.15838005E-39
  0.82000000E+01 -0.17225350E-24  0.15949279E-39
  0.83000000E+01 -0.16724423E-24  0.17748556E-39
  0.84000000E+01 -0.16242194E-24  0.17972175E-39
  0.85000000E+01 -0.15777790E-24  0.23552304E-39
  0.86000000E+01 -0.15330388E-24  0.24910412E-39
  0.87000000E+01 -0.14899210E-24  0.25995532E-39
  0.88000000E+01 -0.14483524E-24  0.29862113E-39
  0.89000000E+01 -0.14082635E-24  0.30636631E-39
  0.90000000E+01 -0.13695889E-24  0.31344353E-39
  0.91000000E+01 -0.13322666E-24  0.32519363E-39
  0.92000000E+01 -0.12962380E-24  0.39265768E-39
  0.93000000E+01 -0.12614474E-24  0.35248241E-39
  0.94000000E+01 -0.12278422E-24  0.37151531E-39
  0.95000000E+01 -0.11953725E-24  0.40717194E-39
  0.96000000E+01 -0.11639909E-24  0.39898570E-39
  0.97000000E+01 -0.11336524E-24  0.41804881E-39
  0.98000000E+01 -0.11043142E-24  0.42597867E-39
  0.99000000E+01 -0.10759358E-24  0.45771669E-39
  0.10000000E+02 -0.10484786E-24  0.44754227E-39
  0.10100000E+02 -0.10219058E-24  0.47659462E-39
  0.10200000E+02 -0.99618245E-25  0.45252684E-39
  0.10300000E+02 -0.97127529E-25  0.49749338E-39
  0.10400000E+02 -0.94715260E-25  0.47546715E-39
  0.10500000E+02 -0.92378414E-25  0.47949984E-39
  0.10600000E+02 -0.90114109E-25  0.52326400E-39
  0.10700000E+02 -0.87919594E-25  0.48045353E-39
  0.10800000E+02 -0.85792246E-25  0.52105432E-39
  0.10900000E+02 -0.83729557E-25  0.50035939E-39
  0.11000000E+02 -0.81729135E-25  0.49622045E-39
  0.11100000E+02 -0.79788693E-25  0.53444505E-39
  0.11200000E+02 -0.77906042E-25  0.52664949E-39
  0.11300000E+02 -0.76079094E-25  0.53824534E-39
  0.11400000E+02 -0.74305845E-25  0.53264425E-39
  0.11500000E+02 -0.72584383E-25  0.53338716E-39
  0.11600000E+02 -0.70912873E-25  0.55421431E-39
  0.11700000E+02 -0.69289561E-25  0.55716686E-39
  0.11800000E+02 -0.67712764E-25  0.55877666E-39
  0.11900000E+02 -0.66180871E-25  0.53252448E-39
  0.12000000E+02 -0.64692334E-25  0.55277077E-39
  0.12100000E+02 -0.63245674E-25  0.58402050E-39
  0.12200000E+02 -0.61839466E-25  0.56825729E-39
  0.12300000E+02 -0.60472348E-25  0.57101368E-39
  0.12400000E+02 -0.59143008E-25  0.58162595E-39
  0.12500000E+02 -0.57850190E-25  0.56923735E-39
  0.12600000E+02 -0.56592685E-25  0.58977404E-39
  0.12700000E+02 -0.55369332E-25  0.57829670E-39
  0.12800000E+02 -0.54179015E-25  0.57552722E-39
  0.12900000E+02 -0.53020662E-25  0.56502818E-39
  0.13000000E+02 -0.51893242E-25  0.57648333E-39
  0.13100000E+02 -0.50795762E-25  0.57756914E-39
  0.13200000E+02 -0.49727269E-25  0.58363657E-39
  0.13300000E+02 -0.48686843E-25  0.59080448E-39
  0.13400000E+02 -0.47673600E-25  0.59368138E-39
  0.13500000E+02 -0.46686690E-25  0.58202324E-39
  0.13600000E+02 -0.45725291E-25  0.57976480E-39
  0.13700000E+02 -0.44788614E-25  0.58507424E-39
  0.13800000E+02 -0.43875898E-25  0.58950479E-39
  0.13900000E+02 -0.42986409E-25  0.58532007E-39
  0.14000000E+02 -0.42119440E-25  0.60123928E-39
  0.14100000E+02 -0.41274309E-25  0.58811573E-39
  0.14200000E+02 -0.40450358E-25  0.57948388E-39
  0.14300000E+02 -0.39646954E-25  0.57213754E-39
  0.14400000E+02 -0.38863482E-25  0.57791647E-39
  0.14500000E+02 -0.38099354E-25  0.57471889E-39
  0.14600000E+02 -0.37353998E-25  0.56585176E-39
  0.14700000E+02 -0.36626864E-25  0.57986163E-39
  0.14800000E+02 -0.35917420E-25  0.57837482E-39
  0.14900000E+02 -0.35225153E-25  0.57805398E-39
  0.15000000E+02 -0.34549566E-25  0.58681787E-39
  0.15100000E+02 -0.33890180E-25  0.57484173E-39
  0.15200000E+02 -0.33246532E-25  0.57701579E-39
  0.15300000E+02 -0.32618174E-25  0.56763175E-39
  0.15400000E+02 -0.32004673E-25  0.57308360E-39
  0.15500000E+02 -0.31405610E-25  0.56952309E-39
  0.15600000E+02 -0.30820580E-25  0.56668421E-39
  0.15700000E+02 -0.30249192E-25  0.56072663E-39
  0.15800000E+02 -0.29691067E-25  0.55795396E-39
  0.15900000E+02 -0.29145837E-25  0.56347621E-39
  0.16000000E+02 -0.28613149E-25  0.55767958E-39
  0.16100000E+02 -0.28092658E-25  0.54790474E-39
  0.16200000E+02 -0.27584033E-25  0.56534519E-39
  0.16300000E+02 -0.27086950E-25  0.55820656E-39
  0.16400000E+02 -0.26601099E-25  0.56191532E-39
  0.16500000E+02 -0.26126177E-25  0.54670167E-39
  0.16600000E+02 -0.25661891E-25  0.53836734E-39
  0.16700000E+02 -0.25207958E-25  0.54314005E-39
  0.16800000E+02 -0.24764104E-25  0.53959273E-39
  0.16900000E+02 -0.24330061E-25  0.53542992E-39
  0.17000000E+02 -0.23905572E-25  0.53603445E-39
  0.17100000E+02 -0.23490387E-25  0.54556267E-39
  0.17200000E+02 -0.23084263E-25  0.54072709E-39
  0.17300000E+02 -0.22686964E-25  0.51855653E-39
  0.17400000E+02 -0.22298263E-25  0.51528848E-39
  0.17500000E+02 -0.21917938E-25  0.52683354E-39
  0.17600000E+02 -0.21545774E-25  0.52980331E-39
  0.17700000E+02 -0.21181563E-25  0.51295290E-39
  0.17800000E+02 -0.20825103E-25  0.52617910E-39
  0.17900000E+02 -0.20476197E-25  0.51682564E-39
  0.18000000E+02 -0.20134656E-25  0.50861796E-39
  0.18100000E+02 -0.19800293E-25  0.51807448E-39
  0.18200000E+02 -0.19472930E-25  0.50998962E-39
  0.18300000E+02 -0.19152392E-25  0.50870238E-39
  0.18400000E+02 -0.18838510E-25  0.50007083E-39
  0.18500000E+02 -0.18531119E-25  0.50099914E-39
  0.18600000E+02 -0.18230060E-25  0.50659048E-39
  0.18700000E+02 -0.17935177E-25  0.49835099E-39
  0.18800000E+02 -0.17646320E-25  0.49266072E-39
  0.18900000E+02 -0.17363341E-25  0.49551416E-39
  0.19000000E+02 -0.17086099E-25  0.50197115E-39
  0.19100000E+02 -0.16814455E-25  0.48471851E-39
  0.19200000E+02 -0.16548275E-25  0.49206763E-39
  0.19300000E+02 -0.16287427E-25  0.48877859E-39
  0.19400000E+02 -0.16031785E-25  0.48221649E-39
  0.19500000E+02 -0.15781224E-25  0.48768382E-39
  0.19600000E+02 -0.15535625E-25  0.48498002E-39
  0.19700000E+02 -0.15294870E-25  0.48007882E-39
  0.19800000E+02 -0.15058846E-25  0.47200250E-39
  0.19900000E+02 -0.14827442E-25  0.46868886E-39
  0.20000000E+02 -0.14600550E-25  0.46821670E-39
  0.20100000E+02 -0.14378065E-25  0.46679449E-39
  0.20200000E+02 -0.14159885E-25  0.46634962E-39
  0.20300000E+02 -0.13945911E-25  0.45906415E-39
  0.20400000E+02 -0.13736047E-25  0.46950044E-39
  0.20500000E+02 -0.13530197E-25  0.46088943E-39
  0.20600000E+02 -0.13328272E-25  0.45561136E-39
  0.20700000E+02 -0.13130180E-25  0.44951113E-39
  0.20800000E+02 -0.12935837E-25  0.45534553E-39
  0.20900000E+02 -0.12745156E-25  0.44877733E-39
  0.21000000E+02 -0.12558056E-25  0.45162548E-39
  0.21100000E+02 -0.12374457E-25  0.43798296E-39
  0.21200000E+02 -0.12194280E-25  0.44045153E-39
  0.21300000E+02 -0.12017449E-25  0.44056235E-39
  0.21400000E+02 -0.11843890E-25  0.43724252E-39
  0.21500000E+02 -0.11673530E-25  0.42790509E-39
  0.21600000E+02 -0.11506300E-25  0.44065860E-39
  0.21700000E+02 -0.11342131E-25  0.43002393E-39
  0.21800000E+02 -0.11180956E-25  0.41904951E-39
  0.21900000E+02 -0.11022708E-25  0.42974412E-39
  0.22000000E+02 -0.10867326E-25  0.42160996E-39
  0.22100000E+02 -0.10714747E-25  0.42089897E-39
  0.22200000E+02 -0.10564911E-25  0.41472653E-39
  0.22300000E+02 -0.10417758E-25  0.42365060E-39
  0.22400000E+02 -0.10273231E-25  0.41155059E-39
  0.22500000E+02 -0.10131274E-25  0.41746010E-39
  0.22600000E+02 -0.99918333E-26  0.41045322E-39
  0.22700000E+02 -0.98548543E-26  0.41257629E-39
  0.22800000E+02 -0.97202855E-26  0.40711310E-39
  0.22900000E+02 -0.95880761E-26  0.40537669E-39
  0.23000000E+02 -0.94581766E-26  0.40633788E-39
  0.23100000E+02 -0.93305387E-26  0.40239241E-39
  0.23200000E+02 -0.92051153E-26  0.40595033E-39
  0.23300000E+02 -0.90818604E-26  0.39881927E-39
  0.23400000E+02 -0.89607290E-26  0.39311672E-39
  0.23500000E+02 -0.88416774E-26  0.38997742E-39
  0.23600000E+02 -0.87246628E-26  0.38476290E-39
  0.23700000E+02 -0.86096434E-26  0.39011947E-39
  0.23800000E+02 -0.84965784E-26  0.39066163E-39
  0.23900000E+02 -0.83854280E-26  0.38214921E-39
  0.24000000E+02 -0.82761534E-26  0.37728633E-39
  0.24100000E+02 -0.81687167E-26  0.37744261E-39
  0.24200000E+02 -0.80630806E-26  0.37552768E-39
  0.24300000E+02 -0.79592091E-26  0.37489092E-39
  0.24400000E+02 -0.78570668E-26  0.37485749E-39
  0.24500000E+02 -0.77566191E-26  0.36989032E-39
  0.24600000E+02 -0.76578323E-26  0.37193010E-39
  0.24700000E+02 -0.75606734E-26  0.37039705E-39
  0.24800000E+02 -0.74651103E-26  0.36769339E-39
  0.24900000E+02 -0.73711113E-26  0.36387614E-39
  0.25000000E+02 -0.72786459E-26  0.36421242E-39
  0.25100000E+02 -0.71876838E-26  0.35570191E-39
  0.25200000E+02 -0.70981959E-26  0.35946800E-39
  0.25300000E+02 -0.70101532E-26  0.35568793E-39
  0.25400000E+02 -0.69235279E-26  0.35353922E-39
  0.25500000E+02 -0.68382924E-26  0.35134164E-39
  0.25600000E+02 -0.67544199E-26  0.35444645E-39
  0.25700000E+02 -0.66718842E-26  0.35026599E-39
  0.25800000E+02 -0.65906598E-26  0.34639527E-39
  0.25900000E+02 -0.65107214E-26  0.35059784E-39
  0.26000000E+02 -0.64320447E-26  0.34537850E-39
  0.26100000E+02 -0.63546056E-26  0.34286366E-39
  0.26200000E+02 -0.62783807E-26  0.34219488E-39
  0.26300000E+02 -0.62033471E-26  0.33884844E-39
  0.26400000E+02 -0.61294823E-26  0.33031355E-39
  0.26500000E+02 -0.60567644E-26  0.33149174E-39
  0.26600000E+02 -0.59851720E-26  0.33211032E-39
  0.26700000E+02 -0.59146841E-26  0.33394642E-39
  0.26800000E+02 -0.58452800E-26  0.33007446E-39
  0.26900000E+02 -0.57769398E-26  0.33149730E-39
  0.27000000E+02 -0.57096437E-26  0.32620435E-39
  0.27100000E+02 -0.56433726E-26  0.32183040E-39
  0.27200000E+02 -0.55781075E-26  0.32179639E-39
  0.27300000E+02 -0.55138301E-26  0.32276565E-39
  0.27400000E+02 -0.54505223E-26  0.32001013E-39
  0.27500000E+02 -0.53881665E-26  0.31180395E-39
  0.27600000E+02 -0.53267453E-26  0.31486317E-39
  0.27700000E+02 -0.52662418E-26  0.31593916E-39
  0.27800000E+02 -0.52066396E-26  0.31507551E-39
  0.27900000E+02 -0.51479223E-26  0.31006296E-39
  0.28000000E+02 -0.50900741E-26  0.31301012E-39
  0.28100000E+02 -0.50330794E-26  0.30623492E-39
  0.28200000E+02 -0.49769231E-26  0.30553088E-39
  0.28300000E+02 -0.49215901E-26  0.30582687E-39
  0.28400000E+02 -0.48670659E-26  0.30529835E-39
  0.28500000E+02 -0.48133362E-26  0.30253028E-39
  0.28600000E+02 -0.47603871E-26  0.29914184E-39
  0.28700000E+02 -0.47082046E-26  0.29953410E-39
  0.28800000E+02 -0.46567755E-26  0.30231106E-39
  0.28900000E+02 -0.46060866E-26  0.29828312E-39
  0.29000000E+02 -0.45561249E-26  0.29507811E-39
  0.29100000E+02 -0.45068778E-26  0.29429340E-39
  0.29200000E+02 -0.44583330E-26  0.29490590E-39
  0.29300000E+02 -0.44104782E-26  0.29074581E-39
  0.29400000E+02 -0.43633017E-26  0.28799103E-39
  0.29500000E+02 -0.43167917E-26  0.28757320E-39
  0.29600000E+02 -0.42709369E-26  0.28662625E-39
  0.29700000E+02 -0.42257260E-26  0.28297470E-39
  0.29800000E+02 -0.41811481E-26  0.28182845E-39
  0.29900000E+02 -0.41371924E-26  0.28364570E-39
  0.30000000E+02 -0.40938483E-26  0.28148347E-39
  0.30100000E+02 -0.40511057E-26  0.28058193E-39
  0.30200000E+02 -0.40089542E-26  0.27677794E-39
  0.30300000E+02 -0.39673840E-26  0.27703818E-39
  0.30400000E+02 -0.39263854E-26  0.27524646E-39
  0.30500000E+02 -0.38859488E-26  0.27217146E-39
  0.30600000E+02 -0.38460648E-26  0.27122135E-39
  0.30700000E+02 -0.38067243E-26  0.26783647E-39
  0.30800000E+02 -0.37679183E-26  0.26902897E-39
  0.30900000E+02 -0.37296379E-26  0.26934358E-39
  0.31000000E+02 -0.36918744E-26  0.26745675E-39
  0.31100000E+02 -0.36546194E-26  0.26384068E-39
  0.31200000E+02 -0.36178646E-26  0.26354985E-39
  0.31300000E+02 -0.35816018E-26  0.26325749E-39
  0.31400000E+02 -0.35458229E-26  0.26036674E-39
  0.31500000E+02 -0.35105202E-26  0.26254905E-39
  0.31600000E+02 -0.34756858E-26  0.25611586E-39
  0.31700000E+02 -0.34413122E-26  0.25970588E-39
  0.31800000E+02 -0.34073920E-26  0.25435135E-39
  0.31900000E+02 -0.33739180E-26  0.25456204E-39
  0.32000000E+02 -0.33408828E-26  0.25493255E-39
  0.32100000E+02 -0.33082796E-26  0.25270991E-39
  0.32200000E+02 -0.32761015E-26  0.25189035E-39
  0.32300000E+02 -0.32443417E-26  0.25001289E-39
  0.32400000E+02 -0.32129935E-26  0.25189373E-39
  0.32500000E+02 -0.31820504E-26  0.24852442E-39
  0.32600000E+02 -0.31515062E-26  0.24724969E-39
  0.32700000E+02 -0.31213544E-26  0.24309607E-39
  0.32800000E+02 -0.30915889E-26  0.24257385E-39
  0.32900000E+02 -0.30622037E-26  0.24157514E-39
  0.33000000E+02 -0.30331929E-26  0.23932548E-39
  0.33100000E+02 -0.30045506E-26  0.23949239E-39
  0.33200000E+02 -0.29762711E-26  0.23631713E-39
  0.33300000E+02 -0.29483488E-26  0.23875648E-39
  0.33400000E+02 -0.29207782E-26  0.23775534E-39
  0.33500000E+02 -0.28935538E-26  0.23617466E-39
  0.33600000E+02 -0.28666704E-26  0.23784125E-39
  0.33700000E+02 -0.28401227E-26  0.23569194E-39
  0.33800000E+02 -0.28139056E-26  0.23275437E-39
  0.33900000E+02 -0.27880140E-26  0.23139328E-39
  0.34000000E+02 -0.27624431E-26  0.22889942E-39
  0.34100000E+02 -0.27371879E-26  0.22944971E-39
  0.34200000E+02 -0.27122437E-26  0.22825819E-39
  0.34300000E+02 -0.26876057E-26  0.22750463E-39
  0.34400000E+02 -0.26632694E-26  0.22701747E-39
  0.34500000E+02 -0.26392303E-26  0.22538521E-39
  0.34600000E+02 -0.26154839E-26  0.22303493E-39
  0.34700000E+02 -0.25920258E-26  0.22382990E-39
  0.34800000E+02 -0.25688518E-26  0.22128612E-39
  0.34900000E+02 -0.25459575E-26  0.22039809E-39
  0.35000000E+02 -0.25233390E-26  0.21944791E-39
  0.35100000E+02 -0.25009921E-26  0.22014337E-39
  0.35200000E+02 -0.24789128E-26  0.21766574E-39
  0.35300000E+02 -0.24570971E-26  0.21421530E-39
  0.35400000E+02 -0.24355413E-26  0.21491428E-39
  0.35500000E+02 -0.24142415E-26  0.21519640E-39
  0.35600000E+02 -0.23931939E-26  0.21366367E-39
  0.35700000E+02 -0.23723950E-26  0.21429080E-39
  0.35800000E+02 -0.23518411E-26  0.21217060E-39
  0.35900000E+02 -0.23315286E-26  0.21041325E-39
  0.36000000E+02 -0.23114541E-26  0.20964865E-39
  0.36100000E+02 -0.22916141E-26  0.20750178E-39
  0.36200000E+02 -0.22720053E-26  0.20830468E-39
  0.36300000E+02 -0.22526244E-26  0.20921499E-39
  0.36400000E+02 -0.22334681E-26  0.20752904E-39
  0.36500000E+02 -0.22145331E-26  0.20456071E-39
  0.36600000E+02 -0.21958164E-26  0.20174560E-39
  0.36700000E+02 -0.21773149E-26  0.20501606E-39
  0.36800000E+02 -0.21590255E-26  0.20302470E-39
  0.36900000E+02 -0.21409452E-26  0.20277517E-39
  0.37000000E+02 -0.21230711E-26  0.20112383E-39
  0.37100000E+02 -0.21054002E-26  0.19781040E-39
  0.37200000E+02 -0.20879298E-26  0.19864252E-39
  0.37300000E+02 -0.20706570E-26  0.19750600E-39
  0.37400000E+02 -0.20535791E-26  0.19800625E-39
  0.37500000E+02 -0.20366933E-26  0.19787137E-39
  0.37600000E+02 -0.20199970E-26  0.19599861E-39
  0.37700000E+02 -0.20034876E-26  0.19460027E-39
  0.37800000E+02 -0.19871625E-26  0.19441199E-39
  0.37900000E+02 -0.19710192E-26  0.19364522E-39
  0.38000000E+02 -0.19550551E-26  0.19091722E-39
  0.38100000E+02 -0.19392678E-26  0.19096875E-39
  0.38200000E+02 -0.19236549E-26  0.18942710E-39
  0.38300000E+02 -0.19082140E-26  0.18977606E-39
  0.38400000E+02 -0.18929427E-26  0.19032182E-39
  0.38500000E+02 -0.18778388E-26  0.18582303E-39
  0.38600000E+02 -0.18629000E-26  0.18852891E-39
  0.38700000E+02 -0.18481241E-26  0.18506710E-39
  0.38800000E+02 -0.18335089E-26  0.18399383E-39
  0.38900000E+02 -0.18190521E-26  0.18471695E-39
  0.39000000E+02 -0.18047518E-26  0.18429127E-39
  0.39100000E+02 -0.17906057E-26  0.18313501E-39
  0.39200000E+02 -0.17766118E-26  0.18090208E-39
  0.39300000E+02 -0.17627682E-26  0.18206289E-39
  0.39400000E+02 -0.17490728E-26  0.17791705E-39
  0.39500000E+02 -0.17355236E-26  0.18144682E-39
  0.39600000E+02 -0.17221188E-26  0.18101115E-39
  0.39700000E+02 -0.17088563E-26  0.17917985E-39
  0.39800000E+02 -0.16957344E-26  0.17817165E-39
  0.39900000E+02 -0.16827512E-26  0.17450354E-39
  0.40000000E+02 -0.16699048E-26  0.17643337E-39
