  0.00000000E+00 -0.24818603E-23  0.16405627E-36
  0.10000000E+00 -0.14456259E-23  0.11726262E-36
  0.20000000E+00 -0.77257491E-24  0.78992340E-37
  0.30000000E+00 -0.52536871E-24  0.56146971E-37
  0.40000000E+00 -0.41569416E-24  0.41758823E-37
  0.50000000E+00 -0.35632455E-24  0.32210907E-37
  0.60000000E+00 -0.31920773E-24  0.25852227E-37
  0.70000000E+00 -0.29352171E-24  0.21226909E-37
  0.80000000E+00 -0.27437151E-24  0.17855762E-37
  0.90000000E+00 -0.25925980E-24  0.15261091E-37
  0.10000000E+01 -0.24679481E-24  0.13259657E-37
  0.11000000E+01 -0.23614835E-24  0.11616317E-37
  0.12000000E+01 -0.22680221E-24  0.10287711E-37
  0.13000000E+01 -0.21841901E-24  0.91576699E-38
  0.14000000E+01 -0.21077183E-24  0.82382527E-38
  0.15000000E+01 -0.20370375E-24  0.74781808E-38
  0.16000000E+01 -0.19710368E-24  0.67859096E-38
  0.17000000E+01 -0.19089130E-24  0.62130524E-38
  0.18000000E+01 -0.18500741E-24  0.57078294E-38
  0.19000000E+01 -0.17940760E-24  0.52357215E-38
  0.20000000E+01 -0.17405801E-24  0.48206782E-38
  0.21000000E+01 -0.16893242E-24  0.44471910E-38
  0.22000000E+01 -0.16401017E-24  0.41339837E-38
  0.23000000E+01 -0.15927471E-24  0.38436366E-38
  0.24000000E+01 -0.15471261E-24  0.35831136E-38
  0.25000000E+01 -0.15031274E-24  0.33444560E-38
  0.26000000E+01 -0.14606577E-24  0.31258045E-38
  0.27000000E+01 -0.14196367E-24  0.28910836E-38
  0.28000000E+01 -0.13799951E-24  0.27265732E-38
  0.29000000E+01 -0.13416714E-24  0.25771156E-38
  0.30000000E+01 -0.13046105E-24  0.24152713E-38
  0.31000000E+01 -0.12687623E-24  0.22871028E-38
  0.32000000E+01 -0.12340808E-24  0.21484565E-38
  0.33000000E+01 -0.12005231E-24  0.20197984E-38
  0.34000000E+01 -0.11680491E-24  0.19044623E-38
  0.35000000E+01 -0.11366209E-24  0.18097413E-38
  0.36000000E+01 -0.11062022E-24  0.17144770E-38
  0.37000000E+01 -0.10767587E-24  0.16255428E-38
  0.38000000E+01 -0.10482573E-24  0.15310300E-38
  0.39000000E+01 -0.10206662E-24  0.14646662E-38
  0.40000000E+01 -0.99395455E-25  0.13905122E-38
  0.41000000E+01 -0.96809287E-25  0.13173510E-38
  0.42000000E+01 -0.94305245E-25  0.12499236E-38
  0.43000000E+01 -0.91880557E-25  0.11842727E-38
  0.44000000E+01 -0.89532537E-25  0.11236402E-38
  0.45000000E+01 -0.87258587E-25  0.10703030E-38
  0.46000000E+01 -0.85056188E-25  0.10336869E-38
  0.47000000E+01 -0.82922902E-25  0.96495131E-39
  0.48000000E+01 -0.80856370E-25  0.93254487E-39
  0.49000000E+01 -0.78854305E-25  0.88657528E-39
  0.50000000E+01 -0.76914497E-25  0.84767177E-39
  0.51000000E+01 -0.75034807E-25  0.80879014E-39
  0.52000000E+01 -0.73213167E-25  0.77201972E-39
  0.53000000E+01 -0.71447577E-25  0.74564597E-39
  0.54000000E+01 -0.69736105E-25  0.70777026E-39
  0.55000000E+01 -0.68076884E-25  0.67256114E-39
  0.56000000E+01 -0.66468112E-25  0.65100981E-39
  0.57000000E+01 -0.64908047E-25  0.62473526E-39
  0.58000000E+01 -0.63395011E-25  0.59605308E-39
  0.59000000E+01 -0.61927383E-25  0.56513629E-39
  0.60000000E+01 -0.60503598E-25  0.54630852E-39
  0.61000000E+01 -0.59122150E-25  0.52714727E-39
  0.62000000E+01 -0.57781583E-25  0.49526359E-39
  0.63000000E+01 -0.56480497E-25  0.48232405E-39
  0.64000000E+01 -0.55217541E-25  0.46612211E-39
  0.65000000E+01 -0.53991411E-25  0.44606485E-39
  0.66000000E+01 -0.52800855E-25  0.42853414E-39
  0.67000000E+01 -0.51644661E-25  0.40651951E-39
  0.68000000E+01 -0.50521667E-25  0.38520422E-39
  0.69000000E+01 -0.49430750E-25  0.37092997E-39
  0.70000000E+01 -0.48370828E-25  0.35596985E-39
  0.71000000E+01 -0.47340861E-25  0.34417204E-39
  0.72000000E+01 -0.46339847E-25  0.33094735E-39
  0.73000000E+01 -0.45366818E-25  0.31758347E-39
  0.74000000E+01 -0.44420845E-25  0.30561738E-39
  0.75000000E+01 -0.43501031E-25  0.29274311E-39
  0.76000000E+01 -0.42606513E-25  0.27900297E-39
  0.77000000E+01 -0.41736460E-25  0.26957525E-39
  0.78000000E+01 -0.40890070E-25  0.25978204E-39
  0.79000000E+01 -0.40066572E-25  0.24900624E-39
  0.80000000E+01 -0.39265222E-25  0.24045143E-39
  0.81000000E+01 -0.38485305E-25  0.22915148E-39
  0.82000000E+01 -0.37726129E-25  0.21912885E-39
  0.83000000E+01 -0.36987031E-25  0.21519422E-39
  0.84000000E+01 -0.36267368E-25  0.20587387E-39
  0.85000000E+01 -0.35566523E-25  0.19493547E-39
  0.86000000E+01 -0.34883902E-25  0.18942599E-39
  0.87000000E+01 -0.34218929E-25  0.18110120E-39
  0.88000000E+01 -0.33571052E-25  0.17316297E-39
  0.89000000E+01 -0.32939737E-25  0.16964698E-39
  0.90000000E+01 -0.32324469E-25  0.16251348E-39
  0.91000000E+01 -0.31724753E-25  0.15699375E-39
  0.92000000E+01 -0.31140110E-25  0.14841871E-39
  0.93000000E+01 -0.30570077E-25  0.14466565E-39
  0.94000000E+01 -0.30014211E-25  0.13833595E-39
  0.95000000E+01 -0.29472080E-25  0.13091435E-39
  0.96000000E+01 -0.28943271E-25  0.12255417E-39
  0.97000000E+01 -0.28427382E-25  0.12314207E-39
  0.98000000E+01 -0.27924028E-25  0.11746969E-39
  0.99000000E+01 -0.27432836E-25  0.11326200E-39
  0.10000000E+02 -0.26953444E-25  0.10902892E-39
  0.10100000E+02 -0.26485507E-25  0.10631704E-39
  0.10200000E+02 -0.26028686E-25  0.98467184E-40
  0.10300000E+02 -0.25582659E-25  0.92239622E-40
  0.10400000E+02 -0.25147111E-25  0.92846117E-40
  0.10500000E+02 -0.24721739E-25  0.88370625E-40
  0.10600000E+02 -0.24306251E-25  0.84784466E-40
  0.10700000E+02 -0.23900364E-25  0.78828826E-40
  0.10800000E+02 -0.23503805E-25  0.75903680E-40
  0.10900000E+02 -0.23116308E-25  0.72401037E-40
  0.11000000E+02 -0.22737618E-25  0.68065146E-40
  0.11100000E+02 -0.22367488E-25  0.65782691E-40
  0.11200000E+02 -0.22005679E-25  0.62802694E-40
  0.11300000E+02 -0.21651959E-25  0.61278169E-40
  0.11400000E+02 -0.21306105E-25  0.59130906E-40
  0.11500000E+02 -0.20967900E-25  0.55844650E-40
  0.11600000E+02 -0.20637134E-25  0.54753857E-40
  0.11700000E+02 -0.20313605E-25  0.51555160E-40
  0.11800000E+02 -0.19997115E-25  0.46690991E-40
  0.11900000E+02 -0.19687476E-25  0.46018000E-40
  0.12000000E+02 -0.19384502E-25  0.43096825E-40
  0.12100000E+02 -0.19088016E-25  0.42705072E-40
  0.12200000E+02 -0.18797844E-25  0.41022942E-40
  0.12300000E+02 -0.18513820E-25  0.37195961E-40
  0.12400000E+02 -0.18235781E-25  0.34579753E-40
  0.12500000E+02 -0.17963570E-25  0.34083789E-40
  0.12600000E+02 -0.17697035E-25  0.30756051E-40
  0.12700000E+02 -0.17436028E-25  0.28083086E-40
  0.12800000E+02 -0.17180407E-25  0.25478237E-40
  0.12900000E+02 -0.16930033E-25  0.27349408E-40
  0.13000000E+02 -0.16684770E-25  0.22541301E-40
  0.13100000E+02 -0.16444490E-25  0.22945280E-40
  0.13200000E+02 -0.16209064E-25  0.21399823E-40
  0.13300000E+02 -0.15978371E-25  0.20511062E-40
  0.13400000E+02 -0.15752292E-25  0.18981724E-40
  0.13500000E+02 -0.15530710E-25  0.17823285E-40
  0.13600000E+02 -0.15313515E-25  0.15160327E-40
  0.13700000E+02 -0.15100596E-25  0.16060464E-40
  0.13800000E+02 -0.14891849E-25  0.14875819E-40
  0.13900000E+02 -0.14687171E-25  0.13792812E-40
  0.14000000E+02 -0.14486462E-25  0.12498507E-40
  0.14100000E+02 -0.14289625E-25  0.12611948E-40
  0.14200000E+02 -0.14096568E-25  0.95152571E-41
  0.14300000E+02 -0.13907198E-25  0.71232236E-41
  0.14400000E+02 -0.13721427E-25  0.65191377E-41
  0.14500000E+02 -0.13539170E-25  0.57091328E-41
  0.14600000E+02 -0.13360341E-25  0.46523360E-41
  0.14700000E+02 -0.13184861E-25  0.50524919E-41
  0.14800000E+02 -0.13012649E-25  0.37329769E-41
  0.14900000E+02 -0.12843630E-25  0.30885885E-41
  0.15000000E+02 -0.12677729E-25  0.35509896E-41
  0.15100000E+02 -0.12514873E-25  0.15302980E-41
  0.15200000E+02 -0.12354991E-25  0.48083327E-42
  0.15300000E+02 -0.12198015E-25 -0.19567774E-42
  0.15400000E+02 -0.12043879E-25 -0.10849425E-41
  0.15500000E+02 -0.11892516E-25 -0.11343189E-41
  0.15600000E+02 -0.11743865E-25 -0.24046333E-41
  0.15700000E+02 -0.11597864E-25 -0.22972444E-41
  0.15800000E+02 -0.11454452E-25 -0.35881151E-41
  0.15900000E+02 -0.11313573E-25 -0.38001010E-41
  0.16000000E+02 -0.11175168E-25 -0.36086882E-41
  0.16100000E+02 -0.11039183E-25 -0.58234588E-41
  0.16200000E+02 -0.10905565E-25 -0.51294945E-41
  0.16300000E+02 -0.10774261E-25 -0.59247178E-41
  0.16400000E+02 -0.10645220E-25 -0.75455327E-41
  0.16500000E+02 -0.10518392E-25 -0.81785617E-41
  0.16600000E+02 -0.10393730E-25 -0.70495921E-41
  0.16700000E+02 -0.10271187E-25 -0.88545455E-41
  0.16800000E+02 -0.10150716E-25 -0.94557732E-41
  0.16900000E+02 -0.10032274E-25 -0.86818219E-41
  0.17000000E+02 -0.99158162E-26 -0.10190876E-40
  0.17100000E+02 -0.98013008E-26 -0.92156092E-41
  0.17200000E+02 -0.96886865E-26 -0.99499604E-41
  0.17300000E+02 -0.95779331E-26 -0.11330470E-40
  0.17400000E+02 -0.94690014E-26 -0.11679998E-40
  0.17500000E+02 -0.93618533E-26 -0.10942386E-40
  0.17600000E+02 -0.92564514E-26 -0.11493824E-40
  0.17700000E+02 -0.91527595E-26 -0.12093407E-40
  0.17800000E+02 -0.90507421E-26 -0.12133091E-40
  0.17900000E+02 -0.89503648E-26 -0.12634865E-40
  0.18000000E+02 -0.88515939E-26 -0.11952695E-40
  0.18100000E+02 -0.87543964E-26 -0.13315273E-40
  0.18200000E+02 -0.86587404E-26 -0.13217533E-40
  0.18300000E+02 -0.85645946E-26 -0.12994599E-40
  0.18400000E+02 -0.84719285E-26 -0.13890380E-40
  0.18500000E+02 -0.83807123E-26 -0.13467031E-40
  0.18600000E+02 -0.82909170E-26 -0.14578616E-40
  0.18700000E+02 -0.82025142E-26 -0.14367851E-40
  0.18800000E+02 -0.81154763E-26 -0.14568706E-40
  0.18900000E+02 -0.80297763E-26 -0.15368682E-40
  0.19000000E+02 -0.79453877E-26 -0.14592089E-40
  0.19100000E+02 -0.78622850E-26 -0.14655625E-40
  0.19200000E+02 -0.77804428E-26 -0.15093780E-40
  0.19300000E+02 -0.76998368E-26 -0.14521815E-40
  0.19400000E+02 -0.76204428E-26 -0.15400686E-40
  0.19500000E+02 -0.75422375E-26 -0.15770861E-40
  0.19600000E+02 -0.74651981E-26 -0.15387463E-40
  0.19700000E+02 -0.73893022E-26 -0.15718362E-40
  0.19800000E+02 -0.73145279E-26 -0.16852216E-40
  0.19900000E+02 -0.72408540E-26 -0.15691034E-40
  0.20000000E+02 -0.71682597E-26 -0.16387124E-40
  0.20100000E+02 -0.70967245E-26 -0.16692430E-40
  0.20200000E+02 -0.70262285E-26 -0.16446591E-40
  0.20300000E+02 -0.69567524E-26 -0.17015937E-40
  0.20400000E+02 -0.68882771E-26 -0.16481830E-40
  0.20500000E+02 -0.68207841E-26 -0.17462052E-40
  0.20600000E+02 -0.67542552E-26 -0.16816276E-40
  0.20700000E+02 -0.66886726E-26 -0.17304711E-40
  0.20800000E+02 -0.66240189E-26 -0.17226100E-40
  0.20900000E+02 -0.65602772E-26 -0.17147484E-40
  0.21000000E+02 -0.64974309E-26 -0.17459809E-40
  0.21100000E+02 -0.64354638E-26 -0.17686920E-40
  0.21200000E+02 -0.63743599E-26 -0.17385970E-40
  0.21300000E+02 -0.63141038E-26 -0.17583157E-40
  0.21400000E+02 -0.62546802E-26 -0.18225451E-40
  0.21500000E+02 -0.61960743E-26 -0.18777435E-40
  0.21600000E+02 -0.61382714E-26 -0.17936613E-40
  0.21700000E+02 -0.60812575E-26 -0.17224173E-40
  0.21800000E+02 -0.60250185E-26 -0.18039425E-40
  0.21900000E+02 -0.59695409E-26 -0.17955912E-40
  0.22000000E+02 -0.59148112E-26 -0.17671350E-40
  0.22100000E+02 -0.58608164E-26 -0.18287074E-40
  0.22200000E+02 -0.58075438E-26 -0.17909541E-40
  0.22300000E+02 -0.57549809E-26 -0.18546402E-40
  0.22400000E+02 -0.57031153E-26 -0.18134695E-40
  0.22500000E+02 -0.56519351E-26 -0.18693865E-40
  0.22600000E+02 -0.56014286E-26 -0.17565154E-40
  0.22700000E+02 -0.55515842E-26 -0.18219249E-40
  0.22800000E+02 -0.55023907E-26 -0.18019459E-40
  0.22900000E+02 -0.54538371E-26 -0.18105751E-40
  0.23000000E+02 -0.54059125E-26 -0.18442712E-40
  0.23100000E+02 -0.53586064E-26 -0.18482504E-40
  0.23200000E+02 -0.53119084E-26 -0.17659799E-40
  0.23300000E+02 -0.52658084E-26 -0.17892848E-40
  0.23400000E+02 -0.52202964E-26 -0.17829887E-40
  0.23500000E+02 -0.51753626E-26 -0.18554675E-40
  0.23600000E+02 -0.51309976E-26 -0.18171437E-40
  0.23700000E+02 -0.50871919E-26 -0.18659276E-40
  0.23800000E+02 -0.50439365E-26 -0.18566819E-40
  0.23900000E+02 -0.50012222E-26 -0.18004204E-40
  0.24000000E+02 -0.49590403E-26 -0.18648149E-40
  0.24100000E+02 -0.49173821E-26 -0.18334417E-40
  0.24200000E+02 -0.48762393E-26 -0.17440135E-40
  0.24300000E+02 -0.48356034E-26 -0.17836600E-40
  0.24400000E+02 -0.47954664E-26 -0.18503106E-40
  0.24500000E+02 -0.47558203E-26 -0.18376583E-40
  0.24600000E+02 -0.47166572E-26 -0.18493659E-40
  0.24700000E+02 -0.46779695E-26 -0.17857483E-40
  0.24800000E+02 -0.46397496E-26 -0.18566637E-40
  0.24900000E+02 -0.46019903E-26 -0.17745355E-40
  0.25000000E+02 -0.45646842E-26 -0.18128462E-40
  0.25100000E+02 -0.45278243E-26 -0.18287031E-40
  0.25200000E+02 -0.44914035E-26 -0.18295915E-40
  0.25300000E+02 -0.44554152E-26 -0.17983234E-40
  0.25400000E+02 -0.44198524E-26 -0.18439747E-40
  0.25500000E+02 -0.43847088E-26 -0.18032663E-40
  0.25600000E+02 -0.43499779E-26 -0.18111008E-40
  0.25700000E+02 -0.43156532E-26 -0.18282991E-40
  0.25800000E+02 -0.42817287E-26 -0.18145015E-40
  0.25900000E+02 -0.42481982E-26 -0.17425000E-40
  0.26000000E+02 -0.42150557E-26 -0.17432140E-40
  0.26100000E+02 -0.41822954E-26 -0.17291444E-40
  0.26200000E+02 -0.41499115E-26 -0.17891488E-40
  0.26300000E+02 -0.41178984E-26 -0.17393061E-40
  0.26400000E+02 -0.40862505E-26 -0.17652301E-40
  0.26500000E+02 -0.40549623E-26 -0.17558235E-40
  0.26600000E+02 -0.40240285E-26 -0.17563527E-40
  0.26700000E+02 -0.39934439E-26 -0.17707039E-40
  0.26800000E+02 -0.39632033E-26 -0.18146050E-40
  0.26900000E+02 -0.39333016E-26 -0.17090441E-40
  0.27000000E+02 -0.39037339E-26 -0.17471000E-40
  0.27100000E+02 -0.38744952E-26 -0.17189572E-40
  0.27200000E+02 -0.38455809E-26 -0.16982555E-40
  0.27300000E+02 -0.38169861E-26 -0.17477582E-40
  0.27400000E+02 -0.37887062E-26 -0.17322488E-40
  0.27500000E+02 -0.37607368E-26 -0.16859459E-40
  0.27600000E+02 -0.37330732E-26 -0.16994188E-40
  0.27700000E+02 -0.37057113E-26 -0.17013226E-40
  0.27800000E+02 -0.36786465E-26 -0.17240724E-40
  0.27900000E+02 -0.36518748E-26 -0.16920090E-40
  0.28000000E+02 -0.36253919E-26 -0.16877247E-40
  0.28100000E+02 -0.35991938E-26 -0.16867801E-40
  0.28200000E+02 -0.35732764E-26 -0.16992051E-40
  0.28300000E+02 -0.35476358E-26 -0.16673486E-40
  0.28400000E+02 -0.35222681E-26 -0.16632866E-40
  0.28500000E+02 -0.34971695E-26 -0.16513978E-40
  0.28600000E+02 -0.34723363E-26 -0.16676464E-40
  0.28700000E+02 -0.34477648E-26 -0.16637814E-40
  0.28800000E+02 -0.34234513E-26 -0.16384498E-40
  0.28900000E+02 -0.33993923E-26 -0.16586009E-40
  0.29000000E+02 -0.33755843E-26 -0.16606721E-40
  0.29100000E+02 -0.33520239E-26 -0.16292094E-40
  0.29200000E+02 -0.33287076E-26 -0.16596649E-40
  0.29300000E+02 -0.33056322E-26 -0.16476834E-40
  0.29400000E+02 -0.32827944E-26 -0.16252737E-40
  0.29500000E+02 -0.32601909E-26 -0.16205097E-40
  0.29600000E+02 -0.32378187E-26 -0.16454538E-40
  0.29700000E+02 -0.32156745E-26 -0.15845233E-40
  0.29800000E+02 -0.31937554E-26 -0.16521566E-40
  0.29900000E+02 -0.31720583E-26 -0.16091524E-40
  0.30000000E+02 -0.31505803E-26 -0.15759155E-40
  0.30100000E+02 -0.31293185E-26 -0.16008071E-40
  0.30200000E+02 -0.31082699E-26 -0.15640596E-40
  0.30300000E+02 -0.30874319E-26 -0.15938742E-40
  0.30400000E+02 -0.30668015E-26 -0.15872954E-40
  0.30500000E+02 -0.30463762E-26 -0.15330666E-40
  0.30600000E+02 -0.30261532E-26 -0.16044241E-40
  0.30700000E+02 -0.30061298E-26 -0.15564974E-40
  0.30800000E+02 -0.29863035E-26 -0.15846087E-40
  0.30900000E+02 -0.29666718E-26 -0.15612802E-40
  0.31000000E+02 -0.29472320E-26 -0.15380502E-40
  0.31100000E+02 -0.29279818E-26 -0.15168026E-40
  0.31200000E+02 -0.29089187E-26 -0.15419401E-40
  0.31300000E+02 -0.28900403E-26 -0.15378948E-40
  0.31400000E+02 -0.28713443E-26 -0.15458615E-40
  0.31500000E+02 -0.28528283E-26 -0.15276184E-40
  0.31600000E+02 -0.28344900E-26 -0.15132326E-40
  0.31700000E+02 -0.28163273E-26 -0.15051994E-40
  0.31800000E+02 -0.27983378E-26 -0.14980137E-40
  0.31900000E+02 -0.27805194E-26 -0.15101586E-40
  0.32000000E+02 -0.27628700E-26 -0.14997965E-40
  0.32100000E+02 -0.27453874E-26 -0.14907298E-40
  0.32200000E+02 -0.27280696E-26 -0.14987579E-40
  0.32300000E+02 -0.27109146E-26 -0.14628281E-40
  0.32400000E+02 -0.26939202E-26 -0.14730847E-40
  0.32500000E+02 -0.26770845E-26 -0.14650667E-40
  0.32600000E+02 -0.26604056E-26 -0.14700275E-40
  0.32700000E+02 -0.26438816E-26 -0.14419146E-40
  0.32800000E+02 -0.26275104E-26 -0.14853750E-40
  0.32900000E+02 -0.26112904E-26 -0.14628545E-40
  0.33000000E+02 -0.25952196E-26 -0.14426070E-40
  0.33100000E+02 -0.25792962E-26 -0.14454444E-40
  0.33200000E+02 -0.25635184E-26 -0.14467028E-40
  0.33300000E+02 -0.25478845E-26 -0.14297229E-40
  0.33400000E+02 -0.25323928E-26 -0.13954101E-40
  0.33500000E+02 -0.25170415E-26 -0.14664116E-40
  0.33600000E+02 -0.25018289E-26 -0.14408515E-40
  0.33700000E+02 -0.24867535E-26 -0.14442200E-40
  0.33800000E+02 -0.24718135E-26 -0.14046874E-40
  0.33900000E+02 -0.24570074E-26 -0.14227313E-40
  0.34000000E+02 -0.24423336E-26 -0.13960449E-40
  0.34100000E+02 -0.24277905E-26 -0.13830695E-40
  0.34200000E+02 -0.24133765E-26 -0.13665977E-40
  0.34300000E+02 -0.23990903E-26 -0.14069445E-40
  0.34400000E+02 -0.23849302E-26 -0.13508941E-40
  0.34500000E+02 -0.23708947E-26 -0.13648307E-40
  0.34600000E+02 -0.23569826E-26 -0.13570520E-40
  0.34700000E+02 -0.23431922E-26 -0.13319062E-40
  0.34800000E+02 -0.23295223E-26 -0.13337338E-40
  0.34900000E+02 -0.23159713E-26 -0.13263073E-40
  0.35000000E+02 -0.23025381E-26 -0.13477396E-40
  0.35100000E+02 -0.22892211E-26 -0.13490562E-40
  0.35200000E+02 -0.22760190E-26 -0.12994183E-40
  0.35300000E+02 -0.22629306E-26 -0.13259823E-40
  0.35400000E+02 -0.22499546E-26 -0.13387840E-40
  0.35500000E+02 -0.22370897E-26 -0.13250189E-40
  0.35600000E+02 -0.22243346E-26 -0.13044363E-40
  0.35700000E+02 -0.22116880E-26 -0.12957875E-40
  0.35800000E+02 -0.21991489E-26 -0.13177719E-40
  0.35900000E+02 -0.21867158E-26 -0.12943180E-40
  0.36000000E+02 -0.21743878E-26 -0.12901272E-40
  0.36100000E+02 -0.21621635E-26 -0.12703436E-40
  0.36200000E+02 -0.21500419E-26 -0.12806779E-40
  0.36300000E+02 -0.21380218E-26 -0.12809248E-40
  0.36400000E+02 -0.21261020E-26 -0.12750860E-40
  0.36500000E+02 -0.21142815E-26 -0.12699758E-40
  0.36600000E+02 -0.21025592E-26 -0.12595707E-40
  0.36700000E+02 -0.20909340E-26 -0.12782686E-40
  0.36800000E+02 -0.20794048E-26 -0.12678812E-40
  0.36900000E+02 -0.20679706E-26 -0.12304930E-40
  0.37000000E+02 -0.20566303E-26 -0.12226715E-40
  0.37100000E+02 -0.20453829E-26 -0.12445133E-40
  0.37200000E+02 -0.20342274E-26 -0.12027793E-40
  0.37300000E+02 -0.20231629E-26 -0.12251383E-40
  0.37400000E+02 -0.20121883E-26 -0.12327555E-40
  0.37500000E+02 -0.20013026E-26 -0.12201572E-40
  0.37600000E+02 -0.19905050E-26 -0.12244774E-40
  0.37700000E+02 -0.19797944E-26 -0.12197986E-40
  0.37800000E+02 -0.19691700E-26 -0.11838118E-40
  0.37900000E+02 -0.19586308E-26 -0.11942229E-40
  0.38000000E+02 -0.19481759E-26 -0.11931659E-40
  0.38100000E+02 -0.19378044E-26 -0.12268532E-40
  0.38200000E+02 -0.19275155E-26 -0.12000301E-40
  0.38300000E+02 -0.19173082E-26 -0.12018694E-40
  0.38400000E+02 -0.19071817E-26 -0.11923790E-40
  0.38500000E+02 -0.18971352E-26 -0.11877797E-40
  0.38600000E+02 -0.18871679E-26 -0.11506259E-40
  0.38700000E+02 -0.18772788E-26 -0.11755606E-40
  0.38800000E+02 -0.18674672E-26 -0.11568330E-40
  0.38900000E+02 -0.18577323E-26 -0.11598702E-40
  0.39000000E+02 -0.18480733E-26 -0.11752879E-40
  0.39100000E+02 -0.18384893E-26 -0.11459757E-40
  0.39200000E+02 -0.18289797E-26 -0.11472352E-40
  0.39300000E+02 -0.18195437E-26 -0.11479932E-40
  0.39400000E+02 -0.18101805E-26 -0.11407999E-40
  0.39500000E+02 -0.18008893E-26 -0.11371621E-40
  0.39600000E+02 -0.17916695E-26 -0.11276037E-40
  0.39700000E+02 -0.17825203E-26 -0.11244757E-40
  0.39800000E+02 -0.17734409E-26 -0.11561862E-40
  0.39900000E+02 -0.17644307E-26 -0.11375975E-40
  0.40000000E+02 -0.17554890E-26 -0.10965753E-40
