  0.00000000E+00  0.26246320E-17  0.54432098E-33
  0.10000000E+00  0.22870693E-17  0.44956749E-33
  0.20000000E+00  0.17131010E-17  0.29767130E-33
  0.30000000E+00  0.12681443E-17  0.19180801E-33
  0.40000000E+00  0.96665654E-18  0.12848139E-33
  0.50000000E+00  0.76087051E-18  0.90292997E-34
  0.60000000E+00  0.61540042E-18  0.66243921E-34
  0.70000000E+00  0.50883004E-18  0.50382142E-34
  0.80000000E+00  0.42830596E-18  0.39475867E-34
  0.90000000E+00  0.36586916E-18  0.31702898E-34
  0.10000000E+01  0.31640061E-18  0.25990473E-34
  0.11000000E+01  0.27648752E-18  0.21680624E-34
  0.12000000E+01  0.24378115E-18  0.18354629E-34
  0.13000000E+01  0.21661987E-18  0.15737151E-34
  0.14000000E+01  0.19379977E-18  0.13641812E-34
  0.15000000E+01  0.17443024E-18  0.11939172E-34
  0.16000000E+01  0.15784030E-18  0.10537251E-34
  0.17000000E+01  0.14351622E-18  0.93693398E-35
  0.18000000E+01  0.13105897E-18  0.83861633E-35
  0.19000000E+01  0.12015455E-18  0.75507155E-35
  0.20000000E+01  0.11055303E-18  0.68347881E-35
  0.21000000E+01  0.10205329E-18  0.62165849E-35
  0.22000000E+01  0.94491953E-19  0.56790552E-35
  0.23000000E+01  0.87735135E-19  0.52087095E-35
  0.24000000E+01  0.81672200E-19  0.47947647E-35
  0.25000000E+01  0.76211051E-19  0.44285188E-35
  0.26000000E+01  0.71274491E-19  0.41028874E-35
  0.27000000E+01  0.66797399E-19  0.38120565E-35
  0.28000000E+01  0.62724511E-19  0.35512180E-35
  0.29000000E+01  0.59008671E-19  0.33163685E-35
  0.30000000E+01  0.55609434E-19  0.31041525E-35
  0.31000000E+01  0.52491944E-19  0.29117405E-35
  0.32000000E+01  0.49626025E-19  0.27367330E-35
  0.33000000E+01  0.46985445E-19  0.25770845E-35
  0.34000000E+01  0.44547306E-19  0.24310420E-35
  0.35000000E+01  0.42291550E-19  0.22970966E-35
  0.36000000E+01  0.40200543E-19  0.21739437E-35
  0.37000000E+01  0.38258730E-19  0.20604503E-35
  0.38000000E+01  0.36452346E-19  0.19556289E-35
  0.39000000E+01  0.34769177E-19  0.18586154E-35
  0.40000000E+01  0.33198351E-19  0.17686510E-35
  0.41000000E+01  0.31730167E-19  0.16850672E-35
  0.42000000E+01  0.30355945E-19  0.16072732E-35
  0.43000000E+01  0.29067900E-19  0.15347452E-35
  0.44000000E+01  0.27859036E-19  0.14670174E-35
  0.45000000E+01  0.26723048E-19  0.14036746E-35
  0.46000000E+01  0.25654244E-19  0.13443457E-35
  0.47000000E+01  0.24647474E-19  0.12886980E-35
  0.48000000E+01  0.23698071E-19  0.12364329E-35
  0.49000000E+01  0.22801796E-19  0.11872812E-35
  0.50000000E+01  0.21954792E-19  0.11410004E-35
  0.51000000E+01  0.21153544E-19  0.10973708E-35
  0.52000000E+01  0.20394844E-19  0.10561937E-35
  0.53000000E+01  0.19675758E-19  0.10172886E-35
  0.54000000E+01  0.18993599E-19  0.98049114E-36
  0.55000000E+01  0.18345903E-19  0.94565186E-36
  0.56000000E+01  0.17730408E-19  0.91263418E-36
  0.57000000E+01  0.17145031E-19  0.88131328E-36
  0.58000000E+01  0.16587856E-19  0.85157486E-36
  0.59000000E+01  0.16057116E-19  0.82331410E-36
  0.60000000E+01  0.15551177E-19  0.79643470E-36
  0.61000000E+01  0.15068531E-19  0.77084812E-36
  0.62000000E+01  0.14607782E-19  0.74647279E-36
  0.63000000E+01  0.14167635E-19  0.72323348E-36
  0.64000000E+01  0.13746890E-19  0.70106071E-36
  0.65000000E+01  0.13344432E-19  0.67989024E-36
  0.66000000E+01  0.12959225E-19  0.65966260E-36
  0.67000000E+01  0.12590304E-19  0.64032265E-36
  0.68000000E+01  0.12236772E-19  0.62181925E-36
  0.69000000E+01  0.11897789E-19  0.60410488E-36
  0.70000000E+01  0.11572575E-19  0.58713533E-36
  0.71000000E+01  0.11260400E-19  0.57086947E-36
  0.72000000E+01  0.10960580E-19  0.55526896E-36
  0.73000000E+01  0.10672477E-19  0.54029803E-36
  0.74000000E+01  0.10395493E-19  0.52592329E-36
  0.75000000E+01  0.10129065E-19  0.51211354E-36
  0.76000000E+01  0.98726698E-20  0.49883957E-36
  0.77000000E+01  0.96258115E-20  0.48607405E-36
  0.78000000E+01  0.93880266E-20  0.47379138E-36
  0.79000000E+01  0.91588786E-20  0.46196753E-36
  0.80000000E+01  0.89379571E-20  0.45057996E-36
  0.81000000E+01  0.87248753E-20  0.43960749E-36
  0.82000000E+01  0.85192691E-20  0.42903021E-36
  0.83000000E+01  0.83207949E-20  0.41882939E-36
  0.84000000E+01  0.81291287E-20  0.40898740E-36
  0.85000000E+01  0.79439645E-20  0.39948762E-36
  0.86000000E+01  0.77650132E-20  0.39031439E-36
  0.87000000E+01  0.75920017E-20  0.38145293E-36
  0.88000000E+01  0.74246713E-20  0.37288929E-36
  0.89000000E+01  0.72627775E-20  0.36461029E-36
  0.90000000E+01  0.71060886E-20  0.35660347E-36
  0.91000000E+01  0.69543852E-20  0.34885703E-36
  0.92000000E+01  0.68074589E-20  0.34135984E-36
  0.93000000E+01  0.66651125E-20  0.33410131E-36
  0.94000000E+01  0.65271586E-20  0.32707145E-36
  0.95000000E+01  0.63934192E-20  0.32026075E-36
  0.96000000E+01  0.62637253E-20  0.31366021E-36
  0.97000000E+01  0.61379161E-20  0.30726129E-36
  0.98000000E+01  0.60158388E-20  0.30105586E-36
  0.99000000E+01  0.58973480E-20  0.29503622E-36
  0.10000000E+02  0.57823052E-20  0.28919503E-36
  0.10100000E+02  0.56705786E-20  0.28352531E-36
  0.10200000E+02  0.55620425E-20  0.27802043E-36
  0.10300000E+02  0.54565773E-20  0.27267406E-36
  0.10400000E+02  0.53540685E-20  0.26748019E-36
  0.10500000E+02  0.52544073E-20  0.26243307E-36
  0.10600000E+02  0.51574897E-20  0.25752725E-36
  0.10700000E+02  0.50632162E-20  0.25275749E-36
  0.10800000E+02  0.49714920E-20  0.24811882E-36
  0.10900000E+02  0.48822264E-20  0.24360648E-36
  0.11000000E+02  0.47953326E-20  0.23921594E-36
  0.11100000E+02  0.47107278E-20  0.23494286E-36
  0.11200000E+02  0.46283325E-20  0.23078308E-36
  0.11300000E+02  0.45480708E-20  0.22673265E-36
  0.11400000E+02  0.44698699E-20  0.22278776E-36
  0.11500000E+02  0.43936602E-20  0.21894479E-36
  0.11600000E+02  0.43193750E-20  0.21520026E-36
  0.11700000E+02  0.42469501E-20  0.21155084E-36
  0.11800000E+02  0.41763243E-20  0.20799334E-36
  0.11900000E+02  0.41074386E-20  0.20452470E-36
  0.12000000E+02  0.40402366E-20  0.20114200E-36
  0.12100000E+02  0.39746640E-20  0.19784241E-36
  0.12200000E+02  0.39106688E-20  0.19462325E-36
  0.12300000E+02  0.38482009E-20  0.19148191E-36
  0.12400000E+02  0.37872124E-20  0.18841592E-36
  0.12500000E+02  0.37276570E-20  0.18542289E-36
  0.12600000E+02  0.36694903E-20  0.18250052E-36
  0.12700000E+02  0.36126697E-20  0.17964661E-36
  0.12800000E+02  0.35571540E-20  0.17685905E-36
  0.12900000E+02  0.35029037E-20  0.17413578E-36
  0.13000000E+02  0.34498808E-20  0.17147485E-36
  0.13100000E+02  0.33980487E-20  0.16887438E-36
  0.13200000E+02  0.33473721E-20  0.16633255E-36
  0.13300000E+02  0.32978169E-20  0.16384761E-36
  0.13400000E+02  0.32493505E-20  0.16141788E-36
  0.13500000E+02  0.32019413E-20  0.15904173E-36
  0.13600000E+02  0.31555588E-20  0.15671761E-36
  0.13700000E+02  0.31101738E-20  0.15444401E-36
  0.13800000E+02  0.30657578E-20  0.15221947E-36
  0.13900000E+02  0.30222836E-20  0.15004259E-36
  0.14000000E+02  0.29797248E-20  0.14791203E-36
  0.14100000E+02  0.29380560E-20  0.14582648E-36
  0.14200000E+02  0.28972525E-20  0.14378469E-36
  0.14300000E+02  0.28572907E-20  0.14178543E-36
  0.14400000E+02  0.28181477E-20  0.13982754E-36
  0.14500000E+02  0.27798012E-20  0.13790988E-36
  0.14600000E+02  0.27422299E-20  0.13603137E-36
  0.14700000E+02  0.27054131E-20  0.13419094E-36
  0.14800000E+02  0.26693308E-20  0.13238757E-36
  0.14900000E+02  0.26339635E-20  0.13062027E-36
  0.15000000E+02  0.25992926E-20  0.12888810E-36
  0.15100000E+02  0.25653000E-20  0.12719012E-36
  0.15200000E+02  0.25319681E-20  0.12552544E-36
  0.15300000E+02  0.24992799E-20  0.12389321E-36
  0.15400000E+02  0.24672191E-20  0.12229257E-36
  0.15500000E+02  0.24357697E-20  0.12072272E-36
  0.15600000E+02  0.24049163E-20  0.11918289E-36
  0.15700000E+02  0.23746439E-20  0.11767230E-36
  0.15800000E+02  0.23449382E-20  0.11619022E-36
  0.15900000E+02  0.23157850E-20  0.11473595E-36
  0.16000000E+02  0.22871709E-20  0.11330878E-36
  0.16100000E+02  0.22590825E-20  0.11190806E-36
  0.16200000E+02  0.22315072E-20  0.11053312E-36
  0.16300000E+02  0.22044326E-20  0.10918335E-36
  0.16400000E+02  0.21778466E-20  0.10785814E-36
  0.16500000E+02  0.21517376E-20  0.10655689E-36
  0.16600000E+02  0.21260942E-20  0.10527902E-36
  0.16700000E+02  0.21009055E-20  0.10402399E-36
  0.16800000E+02  0.20761608E-20  0.10279125E-36
  0.16900000E+02  0.20518497E-20  0.10158027E-36
  0.17000000E+02  0.20279622E-20  0.10039056E-36
  0.17100000E+02  0.20044886E-20  0.99221602E-37
  0.17200000E+02  0.19814193E-20  0.98072933E-37
  0.17300000E+02  0.19587452E-20  0.96944081E-37
  0.17400000E+02  0.19364572E-20  0.95834594E-37
  0.17500000E+02  0.19145468E-20  0.94744030E-37
  0.17600000E+02  0.18930053E-20  0.93671964E-37
  0.17700000E+02  0.18718246E-20  0.92617979E-37
  0.17800000E+02  0.18509967E-20  0.91581671E-37
  0.17900000E+02  0.18305139E-20  0.90562647E-37
  0.18000000E+02  0.18103685E-20  0.89560525E-37
  0.18100000E+02  0.17905532E-20  0.88574935E-37
  0.18200000E+02  0.17710608E-20  0.87605513E-37
  0.18300000E+02  0.17518844E-20  0.86651910E-37
  0.18400000E+02  0.17330171E-20  0.85713782E-37
  0.18500000E+02  0.17144525E-20  0.84790798E-37
  0.18600000E+02  0.16961840E-20  0.83882633E-37
  0.18700000E+02  0.16782055E-20  0.82988971E-37
  0.18800000E+02  0.16605107E-20  0.82109506E-37
  0.18900000E+02  0.16430939E-20  0.81243939E-37
  0.19000000E+02  0.16259491E-20  0.80391979E-37
  0.19100000E+02  0.16090709E-20  0.79553341E-37
  0.19200000E+02  0.15924536E-20  0.78727751E-37
  0.19300000E+02  0.15760920E-20  0.77914939E-37
  0.19400000E+02  0.15599808E-20  0.77114642E-37
  0.19500000E+02  0.15441149E-20  0.76326606E-37
  0.19600000E+02  0.15284895E-20  0.75550581E-37
  0.19700000E+02  0.15130997E-20  0.74786324E-37
  0.19800000E+02  0.14979407E-20  0.74033599E-37
  0.19900000E+02  0.14830081E-20  0.73292176E-37
  0.20000000E+02  0.14682972E-20  0.72561829E-37
  0.20100000E+02  0.14538039E-20  0.71842338E-37
  0.20200000E+02  0.14395237E-20  0.71133490E-37
  0.20300000E+02  0.14254526E-20  0.70435077E-37
  0.20400000E+02  0.14115864E-20  0.69746893E-37
  0.20500000E+02  0.13979213E-20  0.69068742E-37
  0.20600000E+02  0.13844533E-20  0.68400428E-37
  0.20700000E+02  0.13711788E-20  0.67741762E-37
  0.20800000E+02  0.13580939E-20  0.67092561E-37
  0.20900000E+02  0.13451952E-20  0.66452642E-37
  0.21000000E+02  0.13324791E-20  0.65821831E-37
  0.21100000E+02  0.13199423E-20  0.65199955E-37
  0.21200000E+02  0.13075812E-20  0.64586847E-37
  0.21300000E+02  0.12953927E-20  0.63982343E-37
  0.21400000E+02  0.12833736E-20  0.63386282E-37
  0.21500000E+02  0.12715208E-20  0.62798507E-37
  0.21600000E+02  0.12598312E-20  0.62218867E-37
  0.21700000E+02  0.12483018E-20  0.61647212E-37
  0.21800000E+02  0.12369298E-20  0.61083396E-37
  0.21900000E+02  0.12257122E-20  0.60527276E-37
  0.22000000E+02  0.12146464E-20  0.59978713E-37
  0.22100000E+02  0.12037295E-20  0.59437570E-37
  0.22200000E+02  0.11929589E-20  0.58903715E-37
  0.22300000E+02  0.11823320E-20  0.58377018E-37
  0.22400000E+02  0.11718464E-20  0.57857350E-37
  0.22500000E+02  0.11614994E-20  0.57344588E-37
  0.22600000E+02  0.11512886E-20  0.56838610E-37
  0.22700000E+02  0.11412118E-20  0.56339296E-37
  0.22800000E+02  0.11312665E-20  0.55846530E-37
  0.22900000E+02  0.11214505E-20  0.55360199E-37
  0.23000000E+02  0.11117615E-20  0.54880190E-37
  0.23100000E+02  0.11021974E-20  0.54406395E-37
  0.23200000E+02  0.10927560E-20  0.53938707E-37
  0.23300000E+02  0.10834353E-20  0.53477022E-37
  0.23400000E+02  0.10742331E-20  0.53021236E-37
  0.23500000E+02  0.10651476E-20  0.52571251E-37
  0.23600000E+02  0.10561767E-20  0.52126968E-37
  0.23700000E+02  0.10473185E-20  0.51688291E-37
  0.23800000E+02  0.10385712E-20  0.51255127E-37
  0.23900000E+02  0.10299329E-20  0.50827383E-37
  0.24000000E+02  0.10214017E-20  0.50404969E-37
  0.24100000E+02  0.10129760E-20  0.49987798E-37
  0.24200000E+02  0.10046541E-20  0.49575782E-37
  0.24300000E+02  0.99643409E-21  0.49168838E-37
  0.24400000E+02  0.98831448E-21  0.48766883E-37
  0.24500000E+02  0.98029359E-21  0.48369835E-37
  0.24600000E+02  0.97236985E-21  0.47977614E-37
  0.24700000E+02  0.96454168E-21  0.47590144E-37
  0.24800000E+02  0.95680756E-21  0.47207346E-37
  0.24900000E+02  0.94916599E-21  0.46829148E-37
  0.25000000E+02  0.94161550E-21  0.46455475E-37
  0.25100000E+02  0.93415465E-21  0.46086255E-37
  0.25200000E+02  0.92678202E-21  0.45721418E-37
  0.25300000E+02  0.91949624E-21  0.45360895E-37
  0.25400000E+02  0.91229595E-21  0.45004619E-37
  0.25500000E+02  0.90517982E-21  0.44652522E-37
  0.25600000E+02  0.89814653E-21  0.44304539E-37
  0.25700000E+02  0.89119482E-21  0.43960608E-37
  0.25800000E+02  0.88432342E-21  0.43620665E-37
  0.25900000E+02  0.87753110E-21  0.43284648E-37
  0.26000000E+02  0.87081666E-21  0.42952498E-37
  0.26100000E+02  0.86417892E-21  0.42624156E-37
  0.26200000E+02  0.85761670E-21  0.42299563E-37
  0.26300000E+02  0.85112887E-21  0.41978663E-37
  0.26400000E+02  0.84471431E-21  0.41661400E-37
  0.26500000E+02  0.83837192E-21  0.41347719E-37
  0.26600000E+02  0.83210063E-21  0.41037567E-37
  0.26700000E+02  0.82589937E-21  0.40730890E-37
  0.26800000E+02  0.81976711E-21  0.40427637E-37
  0.26900000E+02  0.81370283E-21  0.40127758E-37
  0.27000000E+02  0.80770553E-21  0.39831202E-37
  0.27100000E+02  0.80177423E-21  0.39537920E-37
  0.27200000E+02  0.79590796E-21  0.39247865E-37
  0.27300000E+02  0.79010577E-21  0.38960990E-37
  0.27400000E+02  0.78436675E-21  0.38677247E-37
  0.27500000E+02  0.77868997E-21  0.38396592E-37
  0.27600000E+02  0.77307454E-21  0.38118980E-37
  0.27700000E+02  0.76751957E-21  0.37844368E-37
  0.27800000E+02  0.76202422E-21  0.37572711E-37
  0.27900000E+02  0.75658762E-21  0.37303968E-37
  0.28000000E+02  0.75120894E-21  0.37038098E-37
  0.28100000E+02  0.74588736E-21  0.36775059E-37
  0.28200000E+02  0.74062208E-21  0.36514812E-37
  0.28300000E+02  0.73541231E-21  0.36257317E-37
  0.28400000E+02  0.73025726E-21  0.36002536E-37
  0.28500000E+02  0.72515619E-21  0.35750430E-37
  0.28600000E+02  0.72010833E-21  0.35500962E-37
  0.28700000E+02  0.71511295E-21  0.35254096E-37
  0.28800000E+02  0.71016933E-21  0.35009795E-37
  0.28900000E+02  0.70527675E-21  0.34768025E-37
  0.29000000E+02  0.70043451E-21  0.34528749E-37
  0.29100000E+02  0.69564193E-21  0.34291935E-37
  0.29200000E+02  0.69089833E-21  0.34057548E-37
  0.29300000E+02  0.68620305E-21  0.33825556E-37
  0.29400000E+02  0.68155543E-21  0.33595926E-37
  0.29500000E+02  0.67695483E-21  0.33368625E-37
  0.29600000E+02  0.67240061E-21  0.33143623E-37
  0.29700000E+02  0.66789216E-21  0.32920889E-37
  0.29800000E+02  0.66342887E-21  0.32700392E-37
  0.29900000E+02  0.65901013E-21  0.32482102E-37
  0.30000000E+02  0.65463536E-21  0.32265991E-37
  0.30100000E+02  0.65030397E-21  0.32052028E-37
  0.30200000E+02  0.64601540E-21  0.31840187E-37
  0.30300000E+02  0.64176907E-21  0.31630438E-37
  0.30400000E+02  0.63756445E-21  0.31422755E-37
  0.30500000E+02  0.63340097E-21  0.31217110E-37
  0.30600000E+02  0.62927812E-21  0.31013477E-37
  0.30700000E+02  0.62519536E-21  0.30811830E-37
  0.30800000E+02  0.62115217E-21  0.30612142E-37
  0.30900000E+02  0.61714806E-21  0.30414389E-37
  0.31000000E+02  0.61318250E-21  0.30218546E-37
  0.31100000E+02  0.60925502E-21  0.30024588E-37
  0.31200000E+02  0.60536512E-21  0.29832491E-37
  0.31300000E+02  0.60151233E-21  0.29642232E-37
  0.31400000E+02  0.59769617E-21  0.29453786E-37
  0.31500000E+02  0.59391620E-21  0.29267132E-37
  0.31600000E+02  0.59017194E-21  0.29082246E-37
  0.31700000E+02  0.58646295E-21  0.28899106E-37
  0.31800000E+02  0.58278879E-21  0.28717690E-37
  0.31900000E+02  0.57914903E-21  0.28537977E-37
  0.32000000E+02  0.57554324E-21  0.28359945E-37
  0.32100000E+02  0.57197099E-21  0.28183574E-37
  0.32200000E+02  0.56843187E-21  0.28008843E-37
  0.32300000E+02  0.56492548E-21  0.27835731E-37
  0.32400000E+02  0.56145141E-21  0.27664219E-37
  0.32500000E+02  0.55800927E-21  0.27494288E-37
  0.32600000E+02  0.55459866E-21  0.27325916E-37
  0.32700000E+02  0.55121920E-21  0.27159087E-37
  0.32800000E+02  0.54787052E-21  0.26993781E-37
  0.32900000E+02  0.54455225E-21  0.26829978E-37
  0.33000000E+02  0.54126401E-21  0.26667663E-37
  0.33100000E+02  0.53800544E-21  0.26506815E-37
  0.33200000E+02  0.53477619E-21  0.26347418E-37
  0.33300000E+02  0.53157591E-21  0.26189454E-37
  0.33400000E+02  0.52840425E-21  0.26032907E-37
  0.33500000E+02  0.52526088E-21  0.25877759E-37
  0.33600000E+02  0.52214545E-21  0.25723993E-37
  0.33700000E+02  0.51905764E-21  0.25571594E-37
  0.33800000E+02  0.51599712E-21  0.25420545E-37
  0.33900000E+02  0.51296358E-21  0.25270830E-37
  0.34000000E+02  0.50995669E-21  0.25122433E-37
  0.34100000E+02  0.50697614E-21  0.24975340E-37
  0.34200000E+02  0.50402164E-21  0.24829535E-37
  0.34300000E+02  0.50109287E-21  0.24685002E-37
  0.34400000E+02  0.49818954E-21  0.24541728E-37
  0.34500000E+02  0.49531135E-21  0.24399697E-37
  0.34600000E+02  0.49245802E-21  0.24258896E-37
  0.34700000E+02  0.48962926E-21  0.24119309E-37
  0.34800000E+02  0.48682478E-21  0.23980924E-37
  0.34900000E+02  0.48404432E-21  0.23843726E-37
  0.35000000E+02  0.48128760E-21  0.23707703E-37
  0.35100000E+02  0.47855435E-21  0.23572839E-37
  0.35200000E+02  0.47584430E-21  0.23439123E-37
  0.35300000E+02  0.47315719E-21  0.23306542E-37
  0.35400000E+02  0.47049276E-21  0.23175082E-37
  0.35500000E+02  0.46785077E-21  0.23044731E-37
  0.35600000E+02  0.46523095E-21  0.22915476E-37
  0.35700000E+02  0.46263307E-21  0.22787306E-37
  0.35800000E+02  0.46005687E-21  0.22660208E-37
  0.35900000E+02  0.45750212E-21  0.22534170E-37
  0.36000000E+02  0.45496858E-21  0.22409181E-37
  0.36100000E+02  0.45245601E-21  0.22285229E-37
  0.36200000E+02  0.44996419E-21  0.22162302E-37
  0.36300000E+02  0.44749289E-21  0.22040390E-37
  0.36400000E+02  0.44504187E-21  0.21919480E-37
  0.36500000E+02  0.44261093E-21  0.21799563E-37
  0.36600000E+02  0.44019984E-21  0.21680626E-37
  0.36700000E+02  0.43780839E-21  0.21562661E-37
  0.36800000E+02  0.43543636E-21  0.21445655E-37
  0.36900000E+02  0.43308355E-21  0.21329600E-37
  0.37000000E+02  0.43074975E-21  0.21214483E-37
  0.37100000E+02  0.42843474E-21  0.21100296E-37
  0.37200000E+02  0.42613835E-21  0.20987028E-37
  0.37300000E+02  0.42386035E-21  0.20874670E-37
  0.37400000E+02  0.42160057E-21  0.20763212E-37
  0.37500000E+02  0.41935879E-21  0.20652644E-37
  0.37600000E+02  0.41713484E-21  0.20542956E-37
  0.37700000E+02  0.41492853E-21  0.20434140E-37
  0.37800000E+02  0.41273967E-21  0.20326186E-37
  0.37900000E+02  0.41056807E-21  0.20219086E-37
  0.38000000E+02  0.40841355E-21  0.20112829E-37
  0.38100000E+02  0.40627595E-21  0.20007408E-37
  0.38200000E+02  0.40415507E-21  0.19902814E-37
  0.38300000E+02  0.40205075E-21  0.19799037E-37
  0.38400000E+02  0.39996281E-21  0.19696070E-37
  0.38500000E+02  0.39789108E-21  0.19593904E-37
  0.38600000E+02  0.39583541E-21  0.19492531E-37
  0.38700000E+02  0.39379561E-21  0.19391942E-37
  0.38800000E+02  0.39177154E-21  0.19292130E-37
  0.38900000E+02  0.38976302E-21  0.19193087E-37
  0.39000000E+02  0.38776990E-21  0.19094804E-37
  0.39100000E+02  0.38579202E-21  0.18997274E-37
  0.39200000E+02  0.38382923E-21  0.18900489E-37
  0.39300000E+02  0.38188137E-21  0.18804442E-37
  0.39400000E+02  0.37994830E-21  0.18709126E-37
  0.39500000E+02  0.37802986E-21  0.18614532E-37
  0.39600000E+02  0.37612591E-21  0.18520653E-37
  0.39700000E+02  0.37423629E-21  0.18427483E-37
  0.39800000E+02  0.37236088E-21  0.18335014E-37
  0.39900000E+02  0.37049952E-21  0.18243240E-37
  0.40000000E+02  0.36865207E-21  0.18152152E-37
