  0.00000000E+00  0.60343003E-18 -0.48234725E-35
  0.10000000E+00  0.43552498E-18 -0.89620340E-35
  0.20000000E+00  0.29085415E-18 -0.44540740E-35
  0.30000000E+00  0.20897735E-18 -0.15582595E-35
  0.40000000E+00  0.15790802E-18 -0.37525935E-36
  0.50000000E+00  0.12366805E-18  0.35883988E-36
  0.60000000E+00  0.99486422E-19  0.70566883E-36
  0.70000000E+00  0.81710992E-19  0.63846685E-36
  0.80000000E+00  0.68222032E-19  0.68258096E-36
  0.90000000E+00  0.57718659E-19  0.66988257E-36
  0.10000000E+01  0.49365415E-19  0.64158452E-36
  0.11000000E+01  0.42604830E-19  0.59897298E-36
  0.12000000E+01  0.37052520E-19  0.55841843E-36
  0.13000000E+01  0.32435812E-19  0.55802489E-36
  0.14000000E+01  0.28556411E-19  0.52703990E-36
  0.15000000E+01  0.25266941E-19  0.48205575E-36
  0.16000000E+01  0.22455741E-19  0.46409945E-36
  0.17000000E+01  0.20036766E-19  0.47127185E-36
  0.18000000E+01  0.17942704E-19  0.43350354E-36
  0.19000000E+01  0.16120184E-19  0.41474076E-36
  0.20000000E+01  0.14526390E-19  0.41310803E-36
  0.21000000E+01  0.13126598E-19  0.39993229E-36
  0.22000000E+01  0.11892384E-19  0.38765025E-36
  0.23000000E+01  0.10800278E-19  0.36326707E-36
  0.24000000E+01  0.98307511E-20  0.33994741E-36
  0.25000000E+01  0.89674435E-20  0.33971009E-36
  0.26000000E+01  0.81965618E-20  0.33013136E-36
  0.27000000E+01  0.75064105E-20  0.30710003E-36
  0.28000000E+01  0.68870220E-20  0.30006297E-36
  0.29000000E+01  0.63298603E-20  0.29089006E-36
  0.30000000E+01  0.58275838E-20  0.28313528E-36
  0.31000000E+01  0.53738532E-20  0.27735945E-36
  0.32000000E+01  0.49631739E-20  0.26420249E-36
  0.33000000E+01  0.45907673E-20  0.25410106E-36
  0.34000000E+01  0.42524645E-20  0.24785827E-36
  0.35000000E+01  0.39446172E-20  0.23544784E-36
  0.36000000E+01  0.36640242E-20  0.22775943E-36
  0.37000000E+01  0.34078690E-20  0.22488919E-36
  0.38000000E+01  0.31736678E-20  0.21524087E-36
  0.39000000E+01  0.29592246E-20  0.20833135E-36
  0.40000000E+01  0.27625941E-20  0.20243610E-36
  0.41000000E+01  0.25820489E-20  0.19658264E-36
  0.42000000E+01  0.24160525E-20  0.19038212E-36
  0.43000000E+01  0.22632356E-20  0.18351638E-36
  0.44000000E+01  0.21223752E-20  0.17833250E-36
  0.45000000E+01  0.19923775E-20  0.17431676E-36
  0.46000000E+01  0.18722627E-20  0.16934551E-36
  0.47000000E+01  0.17611512E-20  0.16456380E-36
  0.48000000E+01  0.16582526E-20  0.15878451E-36
  0.49000000E+01  0.15628552E-20  0.15361936E-36
  0.50000000E+01  0.14743178E-20  0.14989717E-36
  0.51000000E+01  0.13920611E-20  0.14606287E-36
  0.52000000E+01  0.13155617E-20  0.14032946E-36
  0.53000000E+01  0.12443459E-20  0.13557365E-36
  0.54000000E+01  0.11779843E-20  0.13229166E-36
  0.55000000E+01  0.11160871E-20  0.12981200E-36
  0.56000000E+01  0.10583003E-20  0.12515839E-36
  0.57000000E+01  0.10043018E-20  0.12371198E-36
  0.58000000E+01  0.95379843E-21  0.12099893E-36
  0.59000000E+01  0.90652272E-21  0.11576879E-36
  0.60000000E+01  0.86223065E-21  0.11346119E-36
  0.61000000E+01  0.82069923E-21  0.11087325E-36
  0.62000000E+01  0.78172451E-21  0.10797401E-36
  0.63000000E+01  0.74511975E-21  0.10471732E-36
  0.64000000E+01  0.71071384E-21  0.10185214E-36
  0.65000000E+01  0.67834975E-21  0.10018130E-36
  0.66000000E+01  0.64788331E-21  0.97334711E-37
  0.67000000E+01  0.61918203E-21  0.93448328E-37
  0.68000000E+01  0.59212397E-21  0.92587807E-37
  0.69000000E+01  0.56659689E-21  0.90043142E-37
  0.70000000E+01  0.54249733E-21  0.87816362E-37
  0.71000000E+01  0.51972984E-21  0.86717674E-37
  0.72000000E+01  0.49820631E-21  0.84424560E-37
  0.73000000E+01  0.47784535E-21  0.82719336E-37
  0.74000000E+01  0.45857165E-21  0.80058922E-37
  0.75000000E+01  0.44031554E-21  0.78627133E-37
  0.76000000E+01  0.42301248E-21  0.76732713E-37
  0.77000000E+01  0.40660266E-21  0.74942184E-37
  0.78000000E+01  0.39103056E-21  0.73562040E-37
  0.79000000E+01  0.37624468E-21  0.71343495E-37
  0.80000000E+01  0.36219714E-21  0.70294044E-37
  0.81000000E+01  0.34884346E-21  0.69031150E-37
  0.82000000E+01  0.33614221E-21  0.67051592E-37
  0.83000000E+01  0.32405487E-21  0.65545744E-37
  0.84000000E+01  0.31254551E-21  0.64316007E-37
  0.85000000E+01  0.30158064E-21  0.62377793E-37
  0.86000000E+01  0.29112905E-21  0.62257475E-37
  0.87000000E+01  0.28116156E-21  0.60425220E-37
  0.88000000E+01  0.27165093E-21  0.58540871E-37
  0.89000000E+01  0.26257171E-21  0.58490438E-37
  0.90000000E+01  0.25390007E-21  0.56703368E-37
  0.91000000E+01  0.24561373E-21  0.55592887E-37
  0.92000000E+01  0.23769181E-21  0.55245368E-37
  0.93000000E+01  0.23011475E-21  0.53620902E-37
  0.94000000E+01  0.22286423E-21  0.52613654E-37
  0.95000000E+01  0.21592303E-21  0.52134815E-37
  0.96000000E+01  0.20927500E-21  0.50520987E-37
  0.97000000E+01  0.20290499E-21  0.49453844E-37
  0.98000000E+01  0.19679874E-21  0.48896044E-37
  0.99000000E+01  0.19094285E-21  0.48416235E-37
  0.10000000E+02  0.18532472E-21  0.47270784E-37
  0.10100000E+02  0.17993249E-21  0.45911375E-37
  0.10200000E+02  0.17475497E-21  0.45154662E-37
  0.10300000E+02  0.16978165E-21  0.44706835E-37
  0.10400000E+02  0.16500261E-21  0.43532596E-37
  0.10500000E+02  0.16040848E-21  0.43105616E-37
  0.10600000E+02  0.15599043E-21  0.42137141E-37
  0.10700000E+02  0.15174013E-21  0.41497400E-37
  0.10800000E+02  0.14764971E-21  0.40856890E-37
  0.10900000E+02  0.14371171E-21  0.40056633E-37
  0.11000000E+02  0.13991912E-21  0.39016480E-37
  0.11100000E+02  0.13626527E-21  0.38814226E-37
  0.11200000E+02  0.13274388E-21  0.38069329E-37
  0.11300000E+02  0.12934897E-21  0.37641047E-37
  0.11400000E+02  0.12607491E-21  0.36977496E-37
  0.11500000E+02  0.12291634E-21  0.36395877E-37
  0.11600000E+02  0.11986821E-21  0.36127926E-37
  0.11700000E+02  0.11692569E-21  0.35292214E-37
  0.11800000E+02  0.11408423E-21  0.34278847E-37
  0.11900000E+02  0.11133950E-21  0.34371549E-37
  0.12000000E+02  0.10868739E-21  0.33267975E-37
  0.12100000E+02  0.10612400E-21  0.33034712E-37
  0.12200000E+02  0.10364561E-21  0.33144334E-37
  0.12300000E+02  0.10124870E-21  0.31777568E-37
  0.12400000E+02  0.98929919E-22  0.31738933E-37
  0.12500000E+02  0.96686071E-22  0.30933834E-37
  0.12600000E+02  0.94514121E-22  0.30598261E-37
  0.12700000E+02  0.92411179E-22  0.30098836E-37
  0.12800000E+02  0.90374491E-22  0.29670356E-37
  0.12900000E+02  0.88401434E-22  0.29490664E-37
  0.13000000E+02  0.86489509E-22  0.28854560E-37
  0.13100000E+02  0.84636332E-22  0.28394334E-37
  0.13200000E+02  0.82839629E-22  0.27995987E-37
  0.13300000E+02  0.81097232E-22  0.27631191E-37
  0.13400000E+02  0.79407070E-22  0.27300993E-37
  0.13500000E+02  0.77767168E-22  0.27031486E-37
  0.13600000E+02  0.76175638E-22  0.26600845E-37
  0.13700000E+02  0.74630677E-22  0.26168114E-37
  0.13800000E+02  0.73130561E-22  0.25871784E-37
  0.13900000E+02  0.71673644E-22  0.25537491E-37
  0.14000000E+02  0.70258349E-22  0.25168537E-37
  0.14100000E+02  0.68883171E-22  0.24870960E-37
  0.14200000E+02  0.67546668E-22  0.24286520E-37
  0.14300000E+02  0.66247459E-22  0.24179382E-37
  0.14400000E+02  0.64984223E-22  0.23576609E-37
  0.14500000E+02  0.63755695E-22  0.23616995E-37
  0.14600000E+02  0.62560662E-22  0.23241407E-37
  0.14700000E+02  0.61397963E-22  0.22764673E-37
  0.14800000E+02  0.60266483E-22  0.22754077E-37
  0.14900000E+02  0.59165156E-22  0.22329848E-37
  0.15000000E+02  0.58092958E-22  0.22038105E-37
  0.15100000E+02  0.57048905E-22  0.21609531E-37
  0.15200000E+02  0.56032055E-22  0.21583340E-37
  0.15300000E+02  0.55041503E-22  0.21276217E-37
  0.15400000E+02  0.54076381E-22  0.20980802E-37
  0.15500000E+02  0.53135852E-22  0.20708377E-37
  0.15600000E+02  0.52219117E-22  0.20407802E-37
  0.15700000E+02  0.51325404E-22  0.20272220E-37
  0.15800000E+02  0.50453974E-22  0.19822665E-37
  0.15900000E+02  0.49604114E-22  0.19739010E-37
  0.16000000E+02  0.48775139E-22  0.19474353E-37
  0.16100000E+02  0.47966392E-22  0.19295869E-37
  0.16200000E+02  0.47177239E-22  0.18886529E-37
  0.16300000E+02  0.46407070E-22  0.18820885E-37
  0.16400000E+02  0.45655298E-22  0.18581309E-37
  0.16500000E+02  0.44921359E-22  0.18407986E-37
  0.16600000E+02  0.44204708E-22  0.18213050E-37
  0.16700000E+02  0.43504822E-22  0.17989434E-37
  0.16800000E+02  0.42821194E-22  0.17772135E-37
  0.16900000E+02  0.42153339E-22  0.17733992E-37
  0.17000000E+02  0.41500788E-22  0.17316741E-37
  0.17100000E+02  0.40863088E-22  0.17052465E-37
  0.17200000E+02  0.40239803E-22  0.17142329E-37
  0.17300000E+02  0.39630513E-22  0.16773904E-37
  0.17400000E+02  0.39034811E-22  0.16569861E-37
  0.17500000E+02  0.38452306E-22  0.16520707E-37
  0.17600000E+02  0.37882619E-22  0.16244430E-37
  0.17700000E+02  0.37325387E-22  0.16269936E-37
  0.17800000E+02  0.36780257E-22  0.15860714E-37
  0.17900000E+02  0.36246888E-22  0.15737932E-37
  0.18000000E+02  0.35724951E-22  0.15505555E-37
  0.18100000E+02  0.35214130E-22  0.15177112E-37
  0.18200000E+02  0.34714116E-22  0.15290429E-37
  0.18300000E+02  0.34224614E-22  0.15044770E-37
  0.18400000E+02  0.33745337E-22  0.14689040E-37
  0.18500000E+02  0.33276007E-22  0.14740221E-37
  0.18600000E+02  0.32816356E-22  0.14568709E-37
  0.18700000E+02  0.32366125E-22  0.14221482E-37
  0.18800000E+02  0.31925063E-22  0.14331904E-37
  0.18900000E+02  0.31492926E-22  0.14028210E-37
  0.19000000E+02  0.31069481E-22  0.13988249E-37
  0.19100000E+02  0.30654499E-22  0.13875803E-37
  0.19200000E+02  0.30247759E-22  0.13677309E-37
  0.19300000E+02  0.29849050E-22  0.13551721E-37
  0.19400000E+02  0.29458163E-22  0.13451535E-37
  0.19500000E+02  0.29074900E-22  0.13379794E-37
  0.19600000E+02  0.28699065E-22  0.13097511E-37
  0.19700000E+02  0.28330472E-22  0.13006106E-37
  0.19800000E+02  0.27968937E-22  0.12853141E-37
  0.19900000E+02  0.27614285E-22  0.12623106E-37
  0.20000000E+02  0.27266344E-22  0.12711252E-37
  0.20100000E+02  0.26924948E-22  0.12424592E-37
  0.20200000E+02  0.26589936E-22  0.12203318E-37
  0.20300000E+02  0.26261153E-22  0.12413403E-37
  0.20400000E+02  0.25938446E-22  0.12210805E-37
  0.20500000E+02  0.25621668E-22  0.12038734E-37
  0.20600000E+02  0.25310678E-22  0.11870720E-37
  0.20700000E+02  0.25005336E-22  0.11795658E-37
  0.20800000E+02  0.24705507E-22  0.11597734E-37
  0.20900000E+02  0.24411063E-22  0.11531180E-37
  0.21000000E+02  0.24121874E-22  0.11503611E-37
  0.21100000E+02  0.23837820E-22  0.11421287E-37
  0.21200000E+02  0.23558779E-22  0.11319522E-37
  0.21300000E+02  0.23284637E-22  0.11268712E-37
  0.21400000E+02  0.23015279E-22  0.11183448E-37
  0.21500000E+02  0.22750596E-22  0.10955704E-37
  0.21600000E+02  0.22490482E-22  0.11002965E-37
  0.21700000E+02  0.22234833E-22  0.10797562E-37
  0.21800000E+02  0.21983548E-22  0.10750149E-37
  0.21900000E+02  0.21736530E-22  0.10529256E-37
  0.22000000E+02  0.21493682E-22  0.10575474E-37
  0.22100000E+02  0.21254913E-22  0.10382393E-37
  0.22200000E+02  0.21020131E-22  0.10298477E-37
  0.22300000E+02  0.20789251E-22  0.10274828E-37
  0.22400000E+02  0.20562185E-22  0.10095930E-37
  0.22500000E+02  0.20338851E-22  0.99628703E-38
  0.22600000E+02  0.20119168E-22  0.99780164E-38
  0.22700000E+02  0.19903057E-22  0.98655181E-38
  0.22800000E+02  0.19690443E-22  0.98433751E-38
  0.22900000E+02  0.19481249E-22  0.97673423E-38
  0.23000000E+02  0.19275405E-22  0.96290486E-38
  0.23100000E+02  0.19072838E-22  0.96147628E-38
  0.23200000E+02  0.18873480E-22  0.94856148E-38
  0.23300000E+02  0.18677264E-22  0.93968536E-38
  0.23400000E+02  0.18484124E-22  0.92652531E-38
  0.23500000E+02  0.18293997E-22  0.93410518E-38
  0.23600000E+02  0.18106821E-22  0.91230968E-38
  0.23700000E+02  0.17922534E-22  0.90957255E-38
  0.23800000E+02  0.17741079E-22  0.90658209E-38
  0.23900000E+02  0.17562397E-22  0.89344660E-38
  0.24000000E+02  0.17386433E-22  0.88807531E-38
  0.24100000E+02  0.17213131E-22  0.87168082E-38
  0.24200000E+02  0.17042439E-22  0.86950416E-38
  0.24300000E+02  0.16874304E-22  0.86487300E-38
  0.24400000E+02  0.16708676E-22  0.86269490E-38
  0.24500000E+02  0.16545506E-22  0.85688863E-38
  0.24600000E+02  0.16384744E-22  0.84733556E-38
  0.24700000E+02  0.16226344E-22  0.83472599E-38
  0.24800000E+02  0.16070259E-22  0.82438990E-38
  0.24900000E+02  0.15916446E-22  0.82050440E-38
  0.25000000E+02  0.15764860E-22  0.82163983E-38
  0.25100000E+02  0.15615458E-22  0.81805921E-38
  0.25200000E+02  0.15468198E-22  0.79961574E-38
  0.25300000E+02  0.15323041E-22  0.79939457E-38
  0.25400000E+02  0.15179945E-22  0.78775191E-38
  0.25500000E+02  0.15038873E-22  0.78225509E-38
  0.25600000E+02  0.14899786E-22  0.77460117E-38
  0.25700000E+02  0.14762647E-22  0.77288633E-38
  0.25800000E+02  0.14627419E-22  0.76541968E-38
  0.25900000E+02  0.14494068E-22  0.75261603E-38
  0.26000000E+02  0.14362559E-22  0.75565266E-38
  0.26100000E+02  0.14232858E-22  0.75108934E-38
  0.26200000E+02  0.14104932E-22  0.74205997E-38
  0.26300000E+02  0.13978749E-22  0.73996147E-38
  0.26400000E+02  0.13854277E-22  0.73312837E-38
  0.26500000E+02  0.13731485E-22  0.72367788E-38
  0.26600000E+02  0.13610343E-22  0.71967568E-38
  0.26700000E+02  0.13490822E-22  0.71471700E-38
  0.26800000E+02  0.13372893E-22  0.71073898E-38
  0.26900000E+02  0.13256527E-22  0.71130567E-38
  0.27000000E+02  0.13141697E-22  0.69278936E-38
  0.27100000E+02  0.13028376E-22  0.69975199E-38
  0.27200000E+02  0.12916538E-22  0.68712596E-38
  0.27300000E+02  0.12806156E-22  0.68708251E-38
  0.27400000E+02  0.12697206E-22  0.68574974E-38
  0.27500000E+02  0.12589663E-22  0.67998089E-38
  0.27600000E+02  0.12483502E-22  0.66977932E-38
  0.27700000E+02  0.12378700E-22  0.66235221E-38
  0.27800000E+02  0.12275234E-22  0.66309237E-38
  0.27900000E+02  0.12173080E-22  0.66428101E-38
  0.28000000E+02  0.12072218E-22  0.65137287E-38
  0.28100000E+02  0.11972624E-22  0.65018773E-38
  0.28200000E+02  0.11874279E-22  0.64456031E-38
  0.28300000E+02  0.11777160E-22  0.63563041E-38
  0.28400000E+02  0.11681248E-22  0.63818773E-38
  0.28500000E+02  0.11586522E-22  0.62887544E-38
  0.28600000E+02  0.11492963E-22  0.62396782E-38
  0.28700000E+02  0.11400552E-22  0.62176140E-38
  0.28800000E+02  0.11309269E-22  0.61718691E-38
  0.28900000E+02  0.11219098E-22  0.61283379E-38
  0.29000000E+02  0.11130018E-22  0.60918136E-38
  0.29100000E+02  0.11042014E-22  0.60551987E-38
  0.29200000E+02  0.10955067E-22  0.60375278E-38
  0.29300000E+02  0.10869161E-22  0.59759691E-38
  0.29400000E+02  0.10784278E-22  0.59868051E-38
  0.29500000E+02  0.10700403E-22  0.59240672E-38
  0.29600000E+02  0.10617520E-22  0.58614730E-38
  0.29700000E+02  0.10535613E-22  0.57663633E-38
  0.29800000E+02  0.10454666E-22  0.58625571E-38
  0.29900000E+02  0.10374665E-22  0.57254232E-38
  0.30000000E+02  0.10295595E-22  0.56656935E-38
  0.30100000E+02  0.10217441E-22  0.56945537E-38
  0.30200000E+02  0.10140189E-22  0.55765596E-38
  0.30300000E+02  0.10063825E-22  0.55644572E-38
  0.30400000E+02  0.99883362E-23  0.55744032E-38
  0.30500000E+02  0.99137083E-23  0.54706489E-38
  0.30600000E+02  0.98399283E-23  0.54405385E-38
  0.30700000E+02  0.97669835E-23  0.54784300E-38
  0.30800000E+02  0.96948612E-23  0.54523296E-38
  0.30900000E+02  0.96235489E-23  0.54266594E-38
  0.31000000E+02  0.95530345E-23  0.53623527E-38
  0.31100000E+02  0.94833061E-23  0.52492123E-38
  0.31200000E+02  0.94143520E-23  0.52235910E-38
  0.31300000E+02  0.93461605E-23  0.52819264E-38
  0.31400000E+02  0.92787205E-23  0.52182326E-38
  0.31500000E+02  0.92120209E-23  0.51202402E-38
  0.31600000E+02  0.91460507E-23  0.51648187E-38
  0.31700000E+02  0.90807994E-23  0.51318050E-38
  0.31800000E+02  0.90162563E-23  0.51179993E-38
  0.31900000E+02  0.89524113E-23  0.50778668E-38
  0.32000000E+02  0.88892541E-23  0.50970143E-38
  0.32100000E+02  0.88267750E-23  0.49954137E-38
  0.32200000E+02  0.87649641E-23  0.49641196E-38
  0.32300000E+02  0.87038118E-23  0.48932274E-38
  0.32400000E+02  0.86433088E-23  0.49318723E-38
  0.32500000E+02  0.85834458E-23  0.49261648E-38
  0.32600000E+02  0.85242138E-23  0.48546479E-38
  0.32700000E+02  0.84656038E-23  0.48187240E-38
  0.32800000E+02  0.84076072E-23  0.47385583E-38
  0.32900000E+02  0.83502152E-23  0.47357419E-38
  0.33000000E+02  0.82934194E-23  0.47788891E-38
  0.33100000E+02  0.82372116E-23  0.47096342E-38
  0.33200000E+02  0.81815836E-23  0.46836164E-38
  0.33300000E+02  0.81265274E-23  0.46430556E-38
  0.33400000E+02  0.80720350E-23  0.45959268E-38
  0.33500000E+02  0.80180988E-23  0.46018153E-38
  0.33600000E+02  0.79647111E-23  0.45610467E-38
  0.33700000E+02  0.79118645E-23  0.45407958E-38
  0.33800000E+02  0.78595516E-23  0.45013023E-38
  0.33900000E+02  0.78077652E-23  0.45267692E-38
  0.34000000E+02  0.77564981E-23  0.44710214E-38
  0.34100000E+02  0.77057434E-23  0.44482115E-38
  0.34200000E+02  0.76554943E-23  0.44222502E-38
  0.34300000E+02  0.76057439E-23  0.43612433E-38
  0.34400000E+02  0.75564857E-23  0.43308634E-38
  0.34500000E+02  0.75077130E-23  0.43121076E-38
  0.34600000E+02  0.74594195E-23  0.43076155E-38
  0.34700000E+02  0.74115989E-23  0.42664382E-38
  0.34800000E+02  0.73642450E-23  0.42322724E-38
  0.34900000E+02  0.73173515E-23  0.42243492E-38
  0.35000000E+02  0.72709126E-23  0.42280481E-38
  0.35100000E+02  0.72249223E-23  0.41998916E-38
  0.35200000E+02  0.71793749E-23  0.41743796E-38
  0.35300000E+02  0.71342645E-23  0.41207151E-38
  0.35400000E+02  0.70895855E-23  0.41293631E-38
  0.35500000E+02  0.70453325E-23  0.41029431E-38
  0.35600000E+02  0.70014999E-23  0.40816675E-38
  0.35700000E+02  0.69580824E-23  0.40524241E-38
  0.35800000E+02  0.69150748E-23  0.40101187E-38
  0.35900000E+02  0.68724718E-23  0.39826773E-38
  0.36000000E+02  0.68302683E-23  0.39477565E-38
  0.36100000E+02  0.67884593E-23  0.39769674E-38
  0.36200000E+02  0.67470399E-23  0.39653594E-38
  0.36300000E+02  0.67060051E-23  0.39296063E-38
  0.36400000E+02  0.66653502E-23  0.38991977E-38
  0.36500000E+02  0.66250704E-23  0.38330475E-38
  0.36600000E+02  0.65851612E-23  0.38382882E-38
  0.36700000E+02  0.65456179E-23  0.38188126E-38
  0.36800000E+02  0.65064360E-23  0.38131801E-38
  0.36900000E+02  0.64676111E-23  0.38151857E-38
  0.37000000E+02  0.64291388E-23  0.37387242E-38
  0.37100000E+02  0.63910148E-23  0.37158442E-38
  0.37200000E+02  0.63532349E-23  0.36909191E-38
  0.37300000E+02  0.63157950E-23  0.36867340E-38
  0.37400000E+02  0.62786908E-23  0.36835714E-38
  0.37500000E+02  0.62419184E-23  0.36815389E-38
  0.37600000E+02  0.62054737E-23  0.36847411E-38
  0.37700000E+02  0.61693529E-23  0.36254077E-38
  0.37800000E+02  0.61335521E-23  0.35854726E-38
  0.37900000E+02  0.60980675E-23  0.35654338E-38
  0.38000000E+02  0.60628953E-23  0.36028152E-38
  0.38100000E+02  0.60280319E-23  0.35169815E-38
  0.38200000E+02  0.59934735E-23  0.35397794E-38
  0.38300000E+02  0.59592166E-23  0.35032108E-38
  0.38400000E+02  0.59252577E-23  0.34495820E-38
  0.38500000E+02  0.58915933E-23  0.34889889E-38
  0.38600000E+02  0.58582199E-23  0.34718571E-38
  0.38700000E+02  0.58251342E-23  0.34201655E-38
  0.38800000E+02  0.57923329E-23  0.34243391E-38
  0.38900000E+02  0.57598126E-23  0.34010834E-38
  0.39000000E+02  0.57275701E-23  0.33842703E-38
  0.39100000E+02  0.56956023E-23  0.33857597E-38
  0.39200000E+02  0.56639060E-23  0.34011984E-38
  0.39300000E+02  0.56324780E-23  0.33507281E-38
  0.39400000E+02  0.56013154E-23  0.33392840E-38
  0.39500000E+02  0.55704152E-23  0.32910869E-38
  0.39600000E+02  0.55397743E-23  0.33026166E-38
  0.39700000E+02  0.55093898E-23  0.32819896E-38
  0.39800000E+02  0.54792588E-23  0.32479699E-38
  0.39900000E+02  0.54493786E-23  0.32544844E-38
  0.40000000E+02  0.54197463E-23  0.32134391E-38
