  0.00000000E+00 -0.18024462E-20  0.15179976E-34
  0.10000000E+00 -0.14733865E-20  0.12276903E-34
  0.20000000E+00 -0.94569293E-21  0.77320014E-35
  0.30000000E+00 -0.59590712E-21  0.46922231E-35
  0.40000000E+00 -0.39629385E-21  0.29418087E-35
  0.50000000E+00 -0.27960722E-21  0.19229721E-35
  0.60000000E+00 -0.20730958E-21  0.13051859E-35
  0.70000000E+00 -0.15987120E-21  0.91478875E-36
  0.80000000E+00 -0.12718050E-21  0.65895520E-36
  0.90000000E+00 -0.10372391E-21  0.48596995E-36
  0.10000000E+01 -0.86326195E-22  0.36578953E-36
  0.11000000E+01 -0.73064930E-22  0.28029436E-36
  0.12000000E+01 -0.62723840E-22  0.21819249E-36
  0.13000000E+01 -0.54503537E-22  0.17224172E-36
  0.14000000E+01 -0.47861036E-22  0.13767746E-36
  0.15000000E+01 -0.42416846E-22  0.11129289E-36
  0.16000000E+01 -0.37899099E-22  0.90884776E-37
  0.17000000E+01 -0.34108778E-22  0.74910855E-37
  0.18000000E+01 -0.30897425E-22  0.62273004E-37
  0.19000000E+01 -0.28152436E-22  0.52177040E-37
  0.20000000E+01 -0.25787149E-22  0.44040322E-37
  0.21000000E+01 -0.23733987E-22  0.37429759E-37
  0.22000000E+01 -0.21939646E-22  0.32019508E-37
  0.23000000E+01 -0.20361635E-22  0.27561675E-37
  0.24000000E+01 -0.18965766E-22  0.23865728E-37
  0.25000000E+01 -0.17724292E-22  0.20783827E-37
  0.26000000E+01 -0.16614522E-22  0.18200249E-37
  0.27000000E+01 -0.15617761E-22  0.16023679E-37
  0.28000000E+01 -0.14718509E-22  0.14181513E-37
  0.29000000E+01 -0.13903831E-22  0.12615619E-37
  0.30000000E+01 -0.13162873E-22  0.11279153E-37
  0.31000000E+01 -0.12486477E-22  0.10134131E-37
  0.32000000E+01 -0.11866875E-22  0.91495809E-38
  0.33000000E+01 -0.11297451E-22  0.83001132E-38
  0.34000000E+01 -0.10772536E-22  0.75648089E-38
  0.35000000E+01 -0.10287260E-22  0.69263518E-38
  0.36000000E+01 -0.98374144E-23  0.63703439E-38
  0.37000000E+01 -0.94193520E-23  0.58847633E-38
  0.38000000E+01 -0.90298979E-23  0.54595323E-38
  0.39000000E+01 -0.86662782E-23  0.50861709E-38
  0.40000000E+01 -0.83260612E-23  0.47575180E-38
  0.41000000E+01 -0.80071069E-23  0.44675057E-38
  0.42000000E+01 -0.77075262E-23  0.42109758E-38
  0.43000000E+01 -0.74256458E-23  0.39835298E-38
  0.44000000E+01 -0.71599791E-23  0.37814060E-38
  0.45000000E+01 -0.69092010E-23  0.36013782E-38
  0.46000000E+01 -0.66721271E-23  0.34406719E-38
  0.47000000E+01 -0.64476958E-23  0.32968954E-38
  0.48000000E+01 -0.62349525E-23  0.31679811E-38
  0.49000000E+01 -0.60330372E-23  0.30521383E-38
  0.50000000E+01 -0.58411725E-23  0.29478117E-38
  0.51000000E+01 -0.56586544E-23  0.28536482E-38
  0.52000000E+01 -0.54848434E-23  0.27684679E-38
  0.53000000E+01 -0.53191576E-23  0.26912397E-38
  0.54000000E+01 -0.51610661E-23  0.26210612E-38
  0.55000000E+01 -0.50100838E-23  0.25571409E-38
  0.56000000E+01 -0.48657660E-23  0.24987833E-38
  0.57000000E+01 -0.47277047E-23  0.24453767E-38
  0.58000000E+01 -0.45955248E-23  0.23963815E-38
  0.59000000E+01 -0.44688804E-23  0.23513216E-38
  0.60000000E+01 -0.43474526E-23  0.23097759E-38
  0.61000000E+01 -0.42309462E-23  0.22713717E-38
  0.62000000E+01 -0.41190882E-23  0.22357786E-38
  0.63000000E+01 -0.40116251E-23  0.22027031E-38
  0.64000000E+01 -0.39083215E-23  0.21718845E-38
  0.65000000E+01 -0.38089585E-23  0.21430908E-38
  0.66000000E+01 -0.37133321E-23  0.21161151E-38
  0.67000000E+01 -0.36212519E-23  0.20907733E-38
  0.68000000E+01 -0.35325403E-23  0.20669007E-38
  0.69000000E+01 -0.34470310E-23  0.20443503E-38
  0.70000000E+01 -0.33645685E-23  0.20229906E-38
  0.71000000E+01 -0.32850068E-23  0.20027038E-38
  0.72000000E+01 -0.32082090E-23  0.19833846E-38
  0.73000000E+01 -0.31340466E-23  0.19649384E-38
  0.74000000E+01 -0.30623986E-23  0.19472804E-38
  0.75000000E+01 -0.29931513E-23  0.19303345E-38
  0.76000000E+01 -0.29261973E-23  0.19140325E-38
  0.77000000E+01 -0.28614356E-23  0.18983128E-38
  0.78000000E+01 -0.27987707E-23  0.18831203E-38
  0.79000000E+01 -0.27381124E-23  0.18684054E-38
  0.80000000E+01 -0.26793755E-23  0.18541233E-38
  0.81000000E+01 -0.26224793E-23  0.18402339E-38
  0.82000000E+01 -0.25673476E-23  0.18267010E-38
  0.83000000E+01 -0.25139079E-23  0.18134922E-38
  0.84000000E+01 -0.24620916E-23  0.18005779E-38
  0.85000000E+01 -0.24118336E-23  0.17879320E-38
  0.86000000E+01 -0.23630721E-23  0.17755305E-38
  0.87000000E+01 -0.23157484E-23  0.17633522E-38
  0.88000000E+01 -0.22698066E-23  0.17513778E-38
  0.89000000E+01 -0.22251937E-23  0.17395900E-38
  0.90000000E+01 -0.21818590E-23  0.17279731E-38
  0.91000000E+01 -0.21397544E-23  0.17165133E-38
  0.92000000E+01 -0.20988341E-23  0.17051979E-38
  0.93000000E+01 -0.20590543E-23  0.16940155E-38
  0.94000000E+01 -0.20203732E-23  0.16829562E-38
  0.95000000E+01 -0.19827512E-23  0.16720107E-38
  0.96000000E+01 -0.19461500E-23  0.16611709E-38
  0.97000000E+01 -0.19105335E-23  0.16504296E-38
  0.98000000E+01 -0.18758670E-23  0.16397801E-38
  0.99000000E+01 -0.18421171E-23  0.16292167E-38
  0.10000000E+02 -0.18092522E-23  0.16187343E-38
  0.10100000E+02 -0.17772420E-23  0.16083281E-38
  0.10200000E+02 -0.17460572E-23  0.15979941E-38
  0.10300000E+02 -0.17156702E-23  0.15877286E-38
  0.10400000E+02 -0.16860541E-23  0.15775284E-38
  0.10500000E+02 -0.16571833E-23  0.15673908E-38
  0.10600000E+02 -0.16290335E-23  0.15573131E-38
  0.10700000E+02 -0.16015809E-23  0.15472933E-38
  0.10800000E+02 -0.15748031E-23  0.15373294E-38
  0.10900000E+02 -0.15486783E-23  0.15274198E-38
  0.11000000E+02 -0.15231858E-23  0.15175631E-38
  0.11100000E+02 -0.14983055E-23  0.15077579E-38
  0.11200000E+02 -0.14740182E-23  0.14980034E-38
  0.11300000E+02 -0.14503056E-23  0.14882986E-38
  0.11400000E+02 -0.14271497E-23  0.14786427E-38
  0.11500000E+02 -0.14045335E-23  0.14690352E-38
  0.11600000E+02 -0.13824406E-23  0.14594756E-38
  0.11700000E+02 -0.13608552E-23  0.14499635E-38
  0.11800000E+02 -0.13397621E-23  0.14404986E-38
  0.11900000E+02 -0.13191465E-23  0.14310807E-38
  0.12000000E+02 -0.12989944E-23  0.14217097E-38
  0.12100000E+02 -0.12792921E-23  0.14123854E-38
  0.12200000E+02 -0.12600265E-23  0.14031079E-38
  0.12300000E+02 -0.12411851E-23  0.13938771E-38
  0.12400000E+02 -0.12227555E-23  0.13846932E-38
  0.12500000E+02 -0.12047260E-23  0.13755562E-38
  0.12600000E+02 -0.11870853E-23  0.13664662E-38
  0.12700000E+02 -0.11698225E-23  0.13574234E-38
  0.12800000E+02 -0.11529269E-23  0.13484280E-38
  0.12900000E+02 -0.11363883E-23  0.13394801E-38
  0.13000000E+02 -0.11201969E-23  0.13305800E-38
  0.13100000E+02 -0.11043432E-23  0.13217279E-38
  0.13200000E+02 -0.10888180E-23  0.13129239E-38
  0.13300000E+02 -0.10736123E-23  0.13041683E-38
  0.13400000E+02 -0.10587176E-23  0.12954612E-38
  0.13500000E+02 -0.10441255E-23  0.12868030E-38
  0.13600000E+02 -0.10298281E-23  0.12781939E-38
  0.13700000E+02 -0.10158175E-23  0.12696340E-38
  0.13800000E+02 -0.10020863E-23  0.12611235E-38
  0.13900000E+02 -0.98862705E-24  0.12526627E-38
  0.14000000E+02 -0.97543283E-24  0.12442518E-38
  0.14100000E+02 -0.96249678E-24  0.12358908E-38
  0.14200000E+02 -0.94981229E-24  0.12275801E-38
  0.14300000E+02 -0.93737298E-24  0.12193198E-38
  0.14400000E+02 -0.92517264E-24  0.12111100E-38
  0.14500000E+02 -0.91320526E-24  0.12029508E-38
  0.14600000E+02 -0.90146504E-24  0.11948425E-38
  0.14700000E+02 -0.88994632E-24  0.11867851E-38
  0.14800000E+02 -0.87864364E-24  0.11787787E-38
  0.14900000E+02 -0.86755169E-24  0.11708235E-38
  0.15000000E+02 -0.85666534E-24  0.11629194E-38
  0.15100000E+02 -0.84597961E-24  0.11550667E-38
  0.15200000E+02 -0.83548964E-24  0.11472653E-38
  0.15300000E+02 -0.82519074E-24  0.11395153E-38
  0.15400000E+02 -0.81507836E-24  0.11318167E-38
  0.15500000E+02 -0.80514809E-24  0.11241696E-38
  0.15600000E+02 -0.79539561E-24  0.11165739E-38
  0.15700000E+02 -0.78581677E-24  0.11090297E-38
  0.15800000E+02 -0.77640751E-24  0.11015369E-38
  0.15900000E+02 -0.76716390E-24  0.10940956E-38
  0.16000000E+02 -0.75808213E-24  0.10867056E-38
  0.16100000E+02 -0.74915848E-24  0.10793669E-38
  0.16200000E+02 -0.74038935E-24  0.10720796E-38
  0.16300000E+02 -0.73177122E-24  0.10648434E-38
  0.16400000E+02 -0.72330070E-24  0.10576583E-38
  0.16500000E+02 -0.71497446E-24  0.10505243E-38
  0.16600000E+02 -0.70678929E-24  0.10434412E-38
  0.16700000E+02 -0.69874206E-24  0.10364089E-38
  0.16800000E+02 -0.69082971E-24  0.10294273E-38
  0.16900000E+02 -0.68304929E-24  0.10224963E-38
  0.17000000E+02 -0.67539790E-24  0.10156157E-38
  0.17100000E+02 -0.66787275E-24  0.10087853E-38
  0.17200000E+02 -0.66047110E-24  0.10020052E-38
  0.17300000E+02 -0.65319030E-24  0.99527492E-39
  0.17400000E+02 -0.64602774E-24  0.98859448E-39
  0.17500000E+02 -0.63898093E-24  0.98196365E-39
  0.17600000E+02 -0.63204739E-24  0.97538224E-39
  0.17700000E+02 -0.62522475E-24  0.96885007E-39
  0.17800000E+02 -0.61851068E-24  0.96236693E-39
  0.17900000E+02 -0.61190290E-24  0.95593262E-39
  0.18000000E+02 -0.60539922E-24  0.94954692E-39
  0.18100000E+02 -0.59899747E-24  0.94320962E-39
  0.18200000E+02 -0.59269556E-24  0.93692050E-39
  0.18300000E+02 -0.58649145E-24  0.93067932E-39
  0.18400000E+02 -0.58038314E-24  0.92448586E-39
  0.18500000E+02 -0.57436869E-24  0.91833986E-39
  0.18600000E+02 -0.56844621E-24  0.91224110E-39
  0.18700000E+02 -0.56261385E-24  0.90618933E-39
  0.18800000E+02 -0.55686981E-24  0.90018428E-39
  0.18900000E+02 -0.55121233E-24  0.89422571E-39
  0.19000000E+02 -0.54563970E-24  0.88831336E-39
  0.19100000E+02 -0.54015025E-24  0.88244696E-39
  0.19200000E+02 -0.53474235E-24  0.87662625E-39
  0.19300000E+02 -0.52941439E-24  0.87085095E-39
  0.19400000E+02 -0.52416484E-24  0.86512081E-39
  0.19500000E+02 -0.51899218E-24  0.85943553E-39
  0.19600000E+02 -0.51389491E-24  0.85379486E-39
  0.19700000E+02 -0.50887161E-24  0.84819849E-39
  0.19800000E+02 -0.50392086E-24  0.84264616E-39
  0.19900000E+02 -0.49904128E-24  0.83713758E-39
  0.20000000E+02 -0.49423152E-24  0.83167247E-39
  0.20100000E+02 -0.48949028E-24  0.82625053E-39
  0.20200000E+02 -0.48481626E-24  0.82087148E-39
  0.20300000E+02 -0.48020823E-24  0.81553503E-39
  0.20400000E+02 -0.47566494E-24  0.81024088E-39
  0.20500000E+02 -0.47118520E-24  0.80498875E-39
  0.20600000E+02 -0.46676785E-24  0.79977835E-39
  0.20700000E+02 -0.46241175E-24  0.79460937E-39
  0.20800000E+02 -0.45811576E-24  0.78948152E-39
  0.20900000E+02 -0.45387881E-24  0.78439451E-39
  0.21000000E+02 -0.44969983E-24  0.77934804E-39
  0.21100000E+02 -0.44557776E-24  0.77434182E-39
  0.21200000E+02 -0.44151160E-24  0.76937554E-39
  0.21300000E+02 -0.43750034E-24  0.76444892E-39
  0.21400000E+02 -0.43354301E-24  0.75956166E-39
  0.21500000E+02 -0.42963865E-24  0.75471345E-39
  0.21600000E+02 -0.42578633E-24  0.74990401E-39
  0.21700000E+02 -0.42198514E-24  0.74513303E-39
  0.21800000E+02 -0.41823418E-24  0.74040023E-39
  0.21900000E+02 -0.41453258E-24  0.73570530E-39
  0.22000000E+02 -0.41087948E-24  0.73104796E-39
  0.22100000E+02 -0.40727405E-24  0.72642790E-39
  0.22200000E+02 -0.40371547E-24  0.72184483E-39
  0.22300000E+02 -0.40020294E-24  0.71729847E-39
  0.22400000E+02 -0.39673566E-24  0.71278852E-39
  0.22500000E+02 -0.39331288E-24  0.70831468E-39
  0.22600000E+02 -0.38993384E-24  0.70387667E-39
  0.22700000E+02 -0.38659780E-24  0.69947420E-39
  0.22800000E+02 -0.38330405E-24  0.69510697E-39
  0.22900000E+02 -0.38005187E-24  0.69077472E-39
  0.23000000E+02 -0.37684058E-24  0.68647713E-39
  0.23100000E+02 -0.37366950E-24  0.68221394E-39
  0.23200000E+02 -0.37053796E-24  0.67798486E-39
  0.23300000E+02 -0.36744531E-24  0.67378960E-39
  0.23400000E+02 -0.36439093E-24  0.66962789E-39
  0.23500000E+02 -0.36137417E-24  0.66549945E-39
  0.23600000E+02 -0.35839444E-24  0.66140399E-39
  0.23700000E+02 -0.35545113E-24  0.65734124E-39
  0.23800000E+02 -0.35254366E-24  0.65331092E-39
  0.23900000E+02 -0.34967145E-24  0.64931277E-39
  0.24000000E+02 -0.34683394E-24  0.64534650E-39
  0.24100000E+02 -0.34403058E-24  0.64141185E-39
  0.24200000E+02 -0.34126081E-24  0.63750855E-39
  0.24300000E+02 -0.33852412E-24  0.63363633E-39
  0.24400000E+02 -0.33581998E-24  0.62979492E-39
  0.24500000E+02 -0.33314787E-24  0.62598406E-39
  0.24600000E+02 -0.33050731E-24  0.62220349E-39
  0.24700000E+02 -0.32789780E-24  0.61845294E-39
  0.24800000E+02 -0.32531885E-24  0.61473216E-39
  0.24900000E+02 -0.32276999E-24  0.61104089E-39
  0.25000000E+02 -0.32025077E-24  0.60737887E-39
  0.25100000E+02 -0.31776072E-24  0.60374585E-39
  0.25200000E+02 -0.31529941E-24  0.60014158E-39
  0.25300000E+02 -0.31286638E-24  0.59656580E-39
  0.25400000E+02 -0.31046122E-24  0.59301827E-39
  0.25500000E+02 -0.30808351E-24  0.58949874E-39
  0.25600000E+02 -0.30573282E-24  0.58600696E-39
  0.25700000E+02 -0.30340876E-24  0.58254269E-39
  0.25800000E+02 -0.30111092E-24  0.57910568E-39
  0.25900000E+02 -0.29883892E-24  0.57569571E-39
  0.26000000E+02 -0.29659237E-24  0.57231253E-39
  0.26100000E+02 -0.29437089E-24  0.56895590E-39
  0.26200000E+02 -0.29217412E-24  0.56562559E-39
  0.26300000E+02 -0.29000170E-24  0.56232137E-39
  0.26400000E+02 -0.28785326E-24  0.55904300E-39
  0.26500000E+02 -0.28572845E-24  0.55579026E-39
  0.26600000E+02 -0.28362694E-24  0.55256292E-39
  0.26700000E+02 -0.28154839E-24  0.54936076E-39
  0.26800000E+02 -0.27949246E-24  0.54618354E-39
  0.26900000E+02 -0.27745884E-24  0.54303106E-39
  0.27000000E+02 -0.27544719E-24  0.53990308E-39
  0.27100000E+02 -0.27345721E-24  0.53679940E-39
  0.27200000E+02 -0.27148859E-24  0.53371979E-39
  0.27300000E+02 -0.26954102E-24  0.53066404E-39
  0.27400000E+02 -0.26761421E-24  0.52763194E-39
  0.27500000E+02 -0.26570787E-24  0.52462327E-39
  0.27600000E+02 -0.26382171E-24  0.52163784E-39
  0.27700000E+02 -0.26195544E-24  0.51867542E-39
  0.27800000E+02 -0.26010879E-24  0.51573582E-39
  0.27900000E+02 -0.25828149E-24  0.51281883E-39
  0.28000000E+02 -0.25647327E-24  0.50992425E-39
  0.28100000E+02 -0.25468386E-24  0.50705188E-39
  0.28200000E+02 -0.25291301E-24  0.50420152E-39
  0.28300000E+02 -0.25116047E-24  0.50137298E-39
  0.28400000E+02 -0.24942597E-24  0.49856605E-39
  0.28500000E+02 -0.24770928E-24  0.49578055E-39
  0.28600000E+02 -0.24601016E-24  0.49301628E-39
  0.28700000E+02 -0.24432836E-24  0.49027306E-39
  0.28800000E+02 -0.24266366E-24  0.48755069E-39
  0.28900000E+02 -0.24101583E-24  0.48484900E-39
  0.29000000E+02 -0.23938463E-24  0.48216779E-39
  0.29100000E+02 -0.23776984E-24  0.47950688E-39
  0.29200000E+02 -0.23617126E-24  0.47686609E-39
  0.29300000E+02 -0.23458866E-24  0.47424524E-39
  0.29400000E+02 -0.23302183E-24  0.47164416E-39
  0.29500000E+02 -0.23147056E-24  0.46906266E-39
  0.29600000E+02 -0.22993465E-24  0.46650058E-39
  0.29700000E+02 -0.22841390E-24  0.46395773E-39
  0.29800000E+02 -0.22690812E-24  0.46143395E-39
  0.29900000E+02 -0.22541709E-24  0.45892907E-39
  0.30000000E+02 -0.22394065E-24  0.45644291E-39
  0.30100000E+02 -0.22247858E-24  0.45397532E-39
  0.30200000E+02 -0.22103072E-24  0.45152612E-39
  0.30300000E+02 -0.21959688E-24  0.44909515E-39
  0.30400000E+02 -0.21817688E-24  0.44668226E-39
  0.30500000E+02 -0.21677053E-24  0.44428727E-39
  0.30600000E+02 -0.21537768E-24  0.44191003E-39
  0.30700000E+02 -0.21399814E-24  0.43955039E-39
  0.30800000E+02 -0.21263175E-24  0.43720818E-39
  0.30900000E+02 -0.21127835E-24  0.43488325E-39
  0.31000000E+02 -0.20993776E-24  0.43257545E-39
  0.31100000E+02 -0.20860984E-24  0.43028462E-39
  0.31200000E+02 -0.20729441E-24  0.42801062E-39
  0.31300000E+02 -0.20599133E-24  0.42575330E-39
  0.31400000E+02 -0.20470044E-24  0.42351251E-39
  0.31500000E+02 -0.20342159E-24  0.42128809E-39
  0.31600000E+02 -0.20215463E-24  0.41907992E-39
  0.31700000E+02 -0.20089942E-24  0.41688784E-39
  0.31800000E+02 -0.19965581E-24  0.41471171E-39
  0.31900000E+02 -0.19842366E-24  0.41255139E-39
  0.32000000E+02 -0.19720283E-24  0.41040675E-39
  0.32100000E+02 -0.19599318E-24  0.40827764E-39
  0.32200000E+02 -0.19479458E-24  0.40616393E-39
  0.32300000E+02 -0.19360690E-24  0.40406548E-39
  0.32400000E+02 -0.19242999E-24  0.40198215E-39
  0.32500000E+02 -0.19126374E-24  0.39991383E-39
  0.32600000E+02 -0.19010801E-24  0.39786036E-39
  0.32700000E+02 -0.18896268E-24  0.39582163E-39
  0.32800000E+02 -0.18782763E-24  0.39379751E-39
  0.32900000E+02 -0.18670272E-24  0.39178786E-39
  0.33000000E+02 -0.18558786E-24  0.38979256E-39
  0.33100000E+02 -0.18448290E-24  0.38781148E-39
  0.33200000E+02 -0.18338774E-24  0.38584451E-39
  0.33300000E+02 -0.18230227E-24  0.38389151E-39
  0.33400000E+02 -0.18122636E-24  0.38195237E-39
  0.33500000E+02 -0.18015992E-24  0.38002697E-39
  0.33600000E+02 -0.17910282E-24  0.37811518E-39
  0.33700000E+02 -0.17805495E-24  0.37621689E-39
  0.33800000E+02 -0.17701622E-24  0.37433198E-39
  0.33900000E+02 -0.17598652E-24  0.37246034E-39
  0.34000000E+02 -0.17496574E-24  0.37060184E-39
  0.34100000E+02 -0.17395378E-24  0.36875638E-39
  0.34200000E+02 -0.17295054E-24  0.36692385E-39
  0.34300000E+02 -0.17195592E-24  0.36510413E-39
  0.34400000E+02 -0.17096982E-24  0.36329711E-39
  0.34500000E+02 -0.16999215E-24  0.36150268E-39
  0.34600000E+02 -0.16902280E-24  0.35972074E-39
  0.34700000E+02 -0.16806169E-24  0.35795117E-39
  0.34800000E+02 -0.16710873E-24  0.35619387E-39
  0.34900000E+02 -0.16616382E-24  0.35444874E-39
  0.35000000E+02 -0.16522686E-24  0.35271567E-39
  0.35100000E+02 -0.16429778E-24  0.35099456E-39
  0.35200000E+02 -0.16337649E-24  0.34928530E-39
  0.35300000E+02 -0.16246290E-24  0.34758780E-39
  0.35400000E+02 -0.16155691E-24  0.34590195E-39
  0.35500000E+02 -0.16065846E-24  0.34422766E-39
  0.35600000E+02 -0.15976745E-24  0.34256482E-39
  0.35700000E+02 -0.15888381E-24  0.34091335E-39
  0.35800000E+02 -0.15800745E-24  0.33927313E-39
  0.35900000E+02 -0.15713830E-24  0.33764409E-39
  0.36000000E+02 -0.15627627E-24  0.33602611E-39
  0.36100000E+02 -0.15542130E-24  0.33441912E-39
  0.36200000E+02 -0.15457329E-24  0.33282301E-39
  0.36300000E+02 -0.15373218E-24  0.33123770E-39
  0.36400000E+02 -0.15289789E-24  0.32966309E-39
  0.36500000E+02 -0.15207035E-24  0.32809909E-39
  0.36600000E+02 -0.15124949E-24  0.32654562E-39
  0.36700000E+02 -0.15043524E-24  0.32500259E-39
  0.36800000E+02 -0.14962752E-24  0.32346990E-39
  0.36900000E+02 -0.14882626E-24  0.32194748E-39
  0.37000000E+02 -0.14803141E-24  0.32043523E-39
  0.37100000E+02 -0.14724288E-24  0.31893307E-39
  0.37200000E+02 -0.14646061E-24  0.31744092E-39
  0.37300000E+02 -0.14568454E-24  0.31595869E-39
  0.37400000E+02 -0.14491460E-24  0.31448630E-39
  0.37500000E+02 -0.14415073E-24  0.31302368E-39
  0.37600000E+02 -0.14339286E-24  0.31157073E-39
  0.37700000E+02 -0.14264094E-24  0.31012738E-39
  0.37800000E+02 -0.14189489E-24  0.30869354E-39
  0.37900000E+02 -0.14115466E-24  0.30726915E-39
  0.38000000E+02 -0.14042019E-24  0.30585412E-39
  0.38100000E+02 -0.13969142E-24  0.30444837E-39
  0.38200000E+02 -0.13896829E-24  0.30305183E-39
  0.38300000E+02 -0.13825075E-24  0.30166442E-39
  0.38400000E+02 -0.13753873E-24  0.30028607E-39
  0.38500000E+02 -0.13683217E-24  0.29891670E-39
  0.38600000E+02 -0.13613103E-24  0.29755625E-39
  0.38700000E+02 -0.13543525E-24  0.29620462E-39
  0.38800000E+02 -0.13474478E-24  0.29486176E-39
  0.38900000E+02 -0.13405955E-24  0.29352760E-39
  0.39000000E+02 -0.13337952E-24  0.29220206E-39
  0.39100000E+02 -0.13270464E-24  0.29088506E-39
  0.39200000E+02 -0.13203485E-24  0.28957655E-39
  0.39300000E+02 -0.13137010E-24  0.28827646E-39
  0.39400000E+02 -0.13071034E-24  0.28698470E-39
  0.39500000E+02 -0.13005553E-24  0.28570123E-39
  0.39600000E+02 -0.12940561E-24  0.28442597E-39
  0.39700000E+02 -0.12876054E-24  0.28315885E-39
  0.39800000E+02 -0.12812026E-24  0.28189980E-39
  0.39900000E+02 -0.12748474E-24  0.28064878E-39
  0.40000000E+02 -0.12685391E-24  0.27940570E-39
