  0.00000000E+00 -0.17691903E-19  0.34244540E-34
  0.10000000E+00 -0.13319194E-19  0.31774429E-34
  0.20000000E+00 -0.66495853E-20  0.25083778E-34
  0.30000000E+00 -0.24163818E-20  0.18307385E-34
  0.40000000E+00 -0.19638131E-21  0.13317748E-34
  0.50000000E+00  0.92629996E-21  0.99108731E-35
  0.60000000E+00  0.14827932E-20  0.75814538E-35
  0.70000000E+00  0.17420548E-20  0.59521382E-35
  0.80000000E+00  0.18409500E-20  0.47814919E-35
  0.90000000E+00  0.18516211E-20  0.39183407E-35
  0.10000000E+01  0.18135648E-20  0.32667347E-35
  0.11000000E+01  0.17491241E-20  0.27643421E-35
  0.12000000E+01  0.16712592E-20  0.23696481E-35
  0.13000000E+01  0.15876131E-20  0.20543312E-35
  0.14000000E+01  0.15027231E-20  0.17986352E-35
  0.15000000E+01  0.14192681E-20  0.15884950E-35
  0.16000000E+01  0.13387929E-20  0.14137085E-35
  0.17000000E+01  0.12621416E-20  0.12667488E-35
  0.18000000E+01  0.11897216E-20  0.11419759E-35
  0.19000000E+01  0.11216680E-20  0.10351023E-35
  0.20000000E+01  0.10579482E-20  0.94282602E-36
  0.21000000E+01  0.99842767E-21  0.86257274E-36
  0.22000000E+01  0.94291322E-21  0.79231289E-36
  0.23000000E+01  0.89118043E-21  0.73042962E-36
  0.24000000E+01  0.84299161E-21  0.67562232E-36
  0.25000000E+01  0.79810716E-21  0.62683533E-36
  0.26000000E+01  0.75629273E-21  0.58320454E-36
  0.27000000E+01  0.71732357E-21  0.54401709E-36
  0.28000000E+01  0.68098698E-21  0.50868060E-36
  0.29000000E+01  0.64708356E-21  0.47669934E-36
  0.30000000E+01  0.61542759E-21  0.44765589E-36
  0.31000000E+01  0.58584697E-21  0.42119657E-36
  0.32000000E+01  0.55818276E-21  0.39702006E-36
  0.33000000E+01  0.53228852E-21  0.37486826E-36
  0.34000000E+01  0.50802960E-21  0.35451900E-36
  0.35000000E+01  0.48528233E-21  0.33578015E-36
  0.36000000E+01  0.46393318E-21  0.31848479E-36
  0.37000000E+01  0.44387804E-21  0.30248735E-36
  0.38000000E+01  0.42502140E-21  0.28766033E-36
  0.39000000E+01  0.40727565E-21  0.27389171E-36
  0.40000000E+01  0.39056042E-21  0.26108264E-36
  0.41000000E+01  0.37480196E-21  0.24914567E-36
  0.42000000E+01  0.35993253E-21  0.23800319E-36
  0.43000000E+01  0.34588992E-21  0.22758608E-36
  0.44000000E+01  0.33261693E-21  0.21783263E-36
  0.45000000E+01  0.32006095E-21  0.20868760E-36
  0.46000000E+01  0.30817355E-21  0.20010142E-36
  0.47000000E+01  0.29691013E-21  0.19202949E-36
  0.48000000E+01  0.28622954E-21  0.18443159E-36
  0.49000000E+01  0.27609383E-21  0.17727137E-36
  0.50000000E+01  0.26646797E-21  0.17051592E-36
  0.51000000E+01  0.25731957E-21  0.16413537E-36
  0.52000000E+01  0.24861866E-21  0.15810256E-36
  0.53000000E+01  0.24033751E-21  0.15239276E-36
  0.54000000E+01  0.23245043E-21  0.14698339E-36
  0.55000000E+01  0.22493360E-21  0.14185382E-36
  0.56000000E+01  0.21776490E-21  0.13698516E-36
  0.57000000E+01  0.21092378E-21  0.13236009E-36
  0.58000000E+01  0.20439117E-21  0.12796270E-36
  0.59000000E+01  0.19814928E-21  0.12377837E-36
  0.60000000E+01  0.19218160E-21  0.11979362E-36
  0.61000000E+01  0.18647270E-21  0.11599602E-36
  0.62000000E+01  0.18100820E-21  0.11237410E-36
  0.63000000E+01  0.17577470E-21  0.10891725E-36
  0.64000000E+01  0.17075966E-21  0.10561564E-36
  0.65000000E+01  0.16595138E-21  0.10246018E-36
  0.66000000E+01  0.16133889E-21  0.99442418E-37
  0.67000000E+01  0.15691194E-21  0.96554504E-37
  0.68000000E+01  0.15266091E-21  0.93789142E-37
  0.69000000E+01  0.14857681E-21  0.91139541E-37
  0.70000000E+01  0.14465118E-21  0.88599369E-37
  0.71000000E+01  0.14087608E-21  0.86162724E-37
  0.72000000E+01  0.13724407E-21  0.83824091E-37
  0.73000000E+01  0.13374814E-21  0.81578321E-37
  0.74000000E+01  0.13038170E-21  0.79420594E-37
  0.75000000E+01  0.12713853E-21  0.77346398E-37
  0.76000000E+01  0.12401281E-21  0.75351509E-37
  0.77000000E+01  0.12099902E-21  0.73431961E-37
  0.78000000E+01  0.11809198E-21  0.71584035E-37
  0.79000000E+01  0.11528677E-21  0.69804236E-37
  0.80000000E+01  0.11257877E-21  0.68089281E-37
  0.81000000E+01  0.10996362E-21  0.66436080E-37
  0.82000000E+01  0.10743717E-21  0.64841724E-37
  0.83000000E+01  0.10499553E-21  0.63303473E-37
  0.84000000E+01  0.10263498E-21  0.61818745E-37
  0.85000000E+01  0.10035204E-21  0.60385103E-37
  0.86000000E+01  0.98143378E-22  0.59000247E-37
  0.87000000E+01  0.96005855E-22  0.57662004E-37
  0.88000000E+01  0.93936488E-22  0.56368321E-37
  0.89000000E+01  0.91932447E-22  0.55117256E-37
  0.90000000E+01  0.89991046E-22  0.53906970E-37
  0.91000000E+01  0.88109734E-22  0.52735724E-37
  0.92000000E+01  0.86286086E-22  0.51601868E-37
  0.93000000E+01  0.84517799E-22  0.50503839E-37
  0.94000000E+01  0.82802679E-22  0.49440155E-37
  0.95000000E+01  0.81138641E-22  0.48409408E-37
  0.96000000E+01  0.79523700E-22  0.47410262E-37
  0.97000000E+01  0.77955963E-22  0.46441449E-37
  0.98000000E+01  0.76433630E-22  0.45501760E-37
  0.99000000E+01  0.74954981E-22  0.44590050E-37
  0.10000000E+02  0.73518380E-22  0.43705225E-37
  0.10100000E+02  0.72122263E-22  0.42846248E-37
  0.10200000E+02  0.70765138E-22  0.42012127E-37
  0.10300000E+02  0.69445581E-22  0.41201920E-37
  0.10400000E+02  0.68162232E-22  0.40414729E-37
  0.10500000E+02  0.66913790E-22  0.39649694E-37
  0.10600000E+02  0.65699013E-22  0.38906000E-37
  0.10700000E+02  0.64516713E-22  0.38182864E-37
  0.10800000E+02  0.63365752E-22  0.37479541E-37
  0.10900000E+02  0.62245042E-22  0.36795320E-37
  0.11000000E+02  0.61153542E-22  0.36129518E-37
  0.11100000E+02  0.60090254E-22  0.35481486E-37
  0.11200000E+02  0.59054223E-22  0.34850601E-37
  0.11300000E+02  0.58044531E-22  0.34236268E-37
  0.11400000E+02  0.57060302E-22  0.33637916E-37
  0.11500000E+02  0.56100693E-22  0.33055000E-37
  0.11600000E+02  0.55164897E-22  0.32486997E-37
  0.11700000E+02  0.54252137E-22  0.31933405E-37
  0.11800000E+02  0.53361670E-22  0.31393745E-37
  0.11900000E+02  0.52492781E-22  0.30867556E-37
  0.12000000E+02  0.51644784E-22  0.30354396E-37
  0.12100000E+02  0.50817019E-22  0.29853841E-37
  0.12200000E+02  0.50008852E-22  0.29365485E-37
  0.12300000E+02  0.49219674E-22  0.28888937E-37
  0.12400000E+02  0.48448899E-22  0.28423822E-37
  0.12500000E+02  0.47695963E-22  0.27969779E-37
  0.12600000E+02  0.46960323E-22  0.27526461E-37
  0.12700000E+02  0.46241457E-22  0.27093536E-37
  0.12800000E+02  0.45538862E-22  0.26670683E-37
  0.12900000E+02  0.44852055E-22  0.26257594E-37
  0.13000000E+02  0.44180568E-22  0.25853973E-37
  0.13100000E+02  0.43523952E-22  0.25459534E-37
  0.13200000E+02  0.42881774E-22  0.25074002E-37
  0.13300000E+02  0.42253617E-22  0.24697113E-37
  0.13400000E+02  0.41639077E-22  0.24328612E-37
  0.13500000E+02  0.41037766E-22  0.23968253E-37
  0.13600000E+02  0.40449310E-22  0.23615800E-37
  0.13700000E+02  0.39873347E-22  0.23271024E-37
  0.13800000E+02  0.39309527E-22  0.22933705E-37
  0.13900000E+02  0.38757513E-22  0.22603630E-37
  0.14000000E+02  0.38216981E-22  0.22280596E-37
  0.14100000E+02  0.37687615E-22  0.21964403E-37
  0.14200000E+02  0.37169111E-22  0.21654862E-37
  0.14300000E+02  0.36661177E-22  0.21351789E-37
  0.14400000E+02  0.36163528E-22  0.21055004E-37
  0.14500000E+02  0.35675890E-22  0.20764336E-37
  0.14600000E+02  0.35197997E-22  0.20479620E-37
  0.14700000E+02  0.34729594E-22  0.20200694E-37
  0.14800000E+02  0.34270430E-22  0.19927404E-37
  0.14900000E+02  0.33820268E-22  0.19659599E-37
  0.15000000E+02  0.33378872E-22  0.19397134E-37
  0.15100000E+02  0.32946020E-22  0.19139870E-37
  0.15200000E+02  0.32521492E-22  0.18887669E-37
  0.15300000E+02  0.32105077E-22  0.18640401E-37
  0.15400000E+02  0.31696572E-22  0.18397939E-37
  0.15500000E+02  0.31295777E-22  0.18160159E-37
  0.15600000E+02  0.30902502E-22  0.17926942E-37
  0.15700000E+02  0.30516559E-22  0.17698172E-37
  0.15800000E+02  0.30137768E-22  0.17473739E-37
  0.15900000E+02  0.29765956E-22  0.17253533E-37
  0.16000000E+02  0.29400951E-22  0.17037449E-37
  0.16100000E+02  0.29042589E-22  0.16825386E-37
  0.16200000E+02  0.28690712E-22  0.16617244E-37
  0.16300000E+02  0.28345164E-22  0.16412929E-37
  0.16400000E+02  0.28005794E-22  0.16212347E-37
  0.16500000E+02  0.27672458E-22  0.16015408E-37
  0.16600000E+02  0.27345012E-22  0.15822025E-37
  0.16700000E+02  0.27023321E-22  0.15632114E-37
  0.16800000E+02  0.26707250E-22  0.15445591E-37
  0.16900000E+02  0.26396670E-22  0.15262377E-37
  0.17000000E+02  0.26091455E-22  0.15082395E-37
  0.17100000E+02  0.25791482E-22  0.14905569E-37
  0.17200000E+02  0.25496633E-22  0.14731827E-37
  0.17300000E+02  0.25206791E-22  0.14561097E-37
  0.17400000E+02  0.24921845E-22  0.14393309E-37
  0.17500000E+02  0.24641686E-22  0.14228399E-37
  0.17600000E+02  0.24366206E-22  0.14066299E-37
  0.17700000E+02  0.24095303E-22  0.13906947E-37
  0.17800000E+02  0.23828877E-22  0.13750281E-37
  0.17900000E+02  0.23566829E-22  0.13596241E-37
  0.18000000E+02  0.23309065E-22  0.13444770E-37
  0.18100000E+02  0.23055491E-22  0.13295811E-37
  0.18200000E+02  0.22806019E-22  0.13149308E-37
  0.18300000E+02  0.22560560E-22  0.13005208E-37
  0.18400000E+02  0.22319028E-22  0.12863459E-37
  0.18500000E+02  0.22081342E-22  0.12724010E-37
  0.18600000E+02  0.21847419E-22  0.12586812E-37
  0.18700000E+02  0.21617181E-22  0.12451817E-37
  0.18800000E+02  0.21390552E-22  0.12318978E-37
  0.18900000E+02  0.21167457E-22  0.12188250E-37
  0.19000000E+02  0.20947822E-22  0.12059588E-37
  0.19100000E+02  0.20731576E-22  0.11932949E-37
  0.19200000E+02  0.20518652E-22  0.11808291E-37
  0.19300000E+02  0.20308980E-22  0.11685573E-37
  0.19400000E+02  0.20102496E-22  0.11564754E-37
  0.19500000E+02  0.19899135E-22  0.11445797E-37
  0.19600000E+02  0.19698835E-22  0.11328663E-37
  0.19700000E+02  0.19501535E-22  0.11213316E-37
  0.19800000E+02  0.19307175E-22  0.11099718E-37
  0.19900000E+02  0.19115698E-22  0.10987836E-37
  0.20000000E+02  0.18927047E-22  0.10877634E-37
  0.20100000E+02  0.18741166E-22  0.10769080E-37
  0.20200000E+02  0.18558002E-22  0.10662140E-37
  0.20300000E+02  0.18377503E-22  0.10556783E-37
  0.20400000E+02  0.18199616E-22  0.10452979E-37
  0.20500000E+02  0.18024293E-22  0.10350696E-37
  0.20600000E+02  0.17851484E-22  0.10249905E-37
  0.20700000E+02  0.17681141E-22  0.10150577E-37
  0.20800000E+02  0.17513217E-22  0.10052685E-37
  0.20900000E+02  0.17347669E-22  0.99562006E-38
  0.21000000E+02  0.17184450E-22  0.98610970E-38
  0.21100000E+02  0.17023517E-22  0.97673482E-38
  0.21200000E+02  0.16864829E-22  0.96749286E-38
  0.21300000E+02  0.16708343E-22  0.95838133E-38
  0.21400000E+02  0.16554020E-22  0.94939778E-38
  0.21500000E+02  0.16401819E-22  0.94053985E-38
  0.21600000E+02  0.16251702E-22  0.93180519E-38
  0.21700000E+02  0.16103631E-22  0.92319154E-38
  0.21800000E+02  0.15957570E-22  0.91469668E-38
  0.21900000E+02  0.15813481E-22  0.90631844E-38
  0.22000000E+02  0.15671331E-22  0.89805469E-38
  0.22100000E+02  0.15531084E-22  0.88990336E-38
  0.22200000E+02  0.15392706E-22  0.88186243E-38
  0.22300000E+02  0.15256165E-22  0.87392992E-38
  0.22400000E+02  0.15121429E-22  0.86610388E-38
  0.22500000E+02  0.14988465E-22  0.85838243E-38
  0.22600000E+02  0.14857243E-22  0.85076371E-38
  0.22700000E+02  0.14727732E-22  0.84324591E-38
  0.22800000E+02  0.14599904E-22  0.83582726E-38
  0.22900000E+02  0.14473729E-22  0.82850603E-38
  0.23000000E+02  0.14349178E-22  0.82128051E-38
  0.23100000E+02  0.14226225E-22  0.81414906E-38
  0.23200000E+02  0.14104841E-22  0.80711004E-38
  0.23300000E+02  0.13985001E-22  0.80016188E-38
  0.23400000E+02  0.13866679E-22  0.79330300E-38
  0.23500000E+02  0.13749848E-22  0.78653190E-38
  0.23600000E+02  0.13634484E-22  0.77984709E-38
  0.23700000E+02  0.13520563E-22  0.77324710E-38
  0.23800000E+02  0.13408060E-22  0.76673051E-38
  0.23900000E+02  0.13296953E-22  0.76029593E-38
  0.24000000E+02  0.13187218E-22  0.75394197E-38
  0.24100000E+02  0.13078833E-22  0.74766731E-38
  0.24200000E+02  0.12971776E-22  0.74147063E-38
  0.24300000E+02  0.12866026E-22  0.73535064E-38
  0.24400000E+02  0.12761560E-22  0.72930610E-38
  0.24500000E+02  0.12658359E-22  0.72333575E-38
  0.24600000E+02  0.12556402E-22  0.71743840E-38
  0.24700000E+02  0.12455670E-22  0.71161286E-38
  0.24800000E+02  0.12356142E-22  0.70585798E-38
  0.24900000E+02  0.12257800E-22  0.70017260E-38
  0.25000000E+02  0.12160625E-22  0.69455563E-38
  0.25100000E+02  0.12064599E-22  0.68900597E-38
  0.25200000E+02  0.11969703E-22  0.68352254E-38
  0.25300000E+02  0.11875921E-22  0.67810431E-38
  0.25400000E+02  0.11783234E-22  0.67275023E-38
  0.25500000E+02  0.11691626E-22  0.66745931E-38
  0.25600000E+02  0.11601080E-22  0.66223056E-38
  0.25700000E+02  0.11511579E-22  0.65706300E-38
  0.25800000E+02  0.11423109E-22  0.65195569E-38
  0.25900000E+02  0.11335652E-22  0.64690769E-38
  0.26000000E+02  0.11249194E-22  0.64191809E-38
  0.26100000E+02  0.11163720E-22  0.63698599E-38
  0.26200000E+02  0.11079214E-22  0.63211051E-38
  0.26300000E+02  0.10995663E-22  0.62729080E-38
  0.26400000E+02  0.10913051E-22  0.62252600E-38
  0.26500000E+02  0.10831365E-22  0.61781528E-38
  0.26600000E+02  0.10750592E-22  0.61315783E-38
  0.26700000E+02  0.10670716E-22  0.60855285E-38
  0.26800000E+02  0.10591726E-22  0.60399956E-38
  0.26900000E+02  0.10513609E-22  0.59949718E-38
  0.27000000E+02  0.10436350E-22  0.59504495E-38
  0.27100000E+02  0.10359939E-22  0.59064215E-38
  0.27200000E+02  0.10284363E-22  0.58628803E-38
  0.27300000E+02  0.10209609E-22  0.58198189E-38
  0.27400000E+02  0.10135665E-22  0.57772302E-38
  0.27500000E+02  0.10062521E-22  0.57351073E-38
  0.27600000E+02  0.99901644E-23  0.56934435E-38
  0.27700000E+02  0.99185840E-23  0.56522321E-38
  0.27800000E+02  0.98477689E-23  0.56114666E-38
  0.27900000E+02  0.97777082E-23  0.55711406E-38
  0.28000000E+02  0.97083912E-23  0.55312478E-38
  0.28100000E+02  0.96398076E-23  0.54917820E-38
  0.28200000E+02  0.95719469E-23  0.54527372E-38
  0.28300000E+02  0.95047992E-23  0.54141074E-38
  0.28400000E+02  0.94383544E-23  0.53758867E-38
  0.28500000E+02  0.93726028E-23  0.53380694E-38
  0.28600000E+02  0.93075347E-23  0.53006498E-38
  0.28700000E+02  0.92431409E-23  0.52636223E-38
  0.28800000E+02  0.91794119E-23  0.52269816E-38
  0.28900000E+02  0.91163387E-23  0.51907222E-38
  0.29000000E+02  0.90539124E-23  0.51548389E-38
  0.29100000E+02  0.89921240E-23  0.51193265E-38
  0.29200000E+02  0.89309651E-23  0.50841799E-38
  0.29300000E+02  0.88704270E-23  0.50493941E-38
  0.29400000E+02  0.88105015E-23  0.50149641E-38
  0.29500000E+02  0.87511802E-23  0.49808853E-38
  0.29600000E+02  0.86924551E-23  0.49471526E-38
  0.29700000E+02  0.86343183E-23  0.49137616E-38
  0.29800000E+02  0.85767619E-23  0.48807077E-38
  0.29900000E+02  0.85197783E-23  0.48479862E-38
  0.30000000E+02  0.84633598E-23  0.48155927E-38
  0.30100000E+02  0.84074990E-23  0.47835230E-38
  0.30200000E+02  0.83521887E-23  0.47517726E-38
  0.30300000E+02  0.82974216E-23  0.47203374E-38
  0.30400000E+02  0.82431907E-23  0.46892132E-38
  0.30500000E+02  0.81894889E-23  0.46583959E-38
  0.30600000E+02  0.81363094E-23  0.46278815E-38
  0.30700000E+02  0.80836455E-23  0.45976661E-38
  0.30800000E+02  0.80314906E-23  0.45677457E-38
  0.30900000E+02  0.79798381E-23  0.45381165E-38
  0.31000000E+02  0.79286815E-23  0.45087747E-38
  0.31100000E+02  0.78780147E-23  0.44797168E-38
  0.31200000E+02  0.78278313E-23  0.44509389E-38
  0.31300000E+02  0.77781252E-23  0.44224375E-38
  0.31400000E+02  0.77288904E-23  0.43942091E-38
  0.31500000E+02  0.76801210E-23  0.43662502E-38
  0.31600000E+02  0.76318111E-23  0.43385575E-38
  0.31700000E+02  0.75839550E-23  0.43111274E-38
  0.31800000E+02  0.75365470E-23  0.42839567E-38
  0.31900000E+02  0.74895815E-23  0.42570422E-38
  0.32000000E+02  0.74430532E-23  0.42303807E-38
  0.32100000E+02  0.73969565E-23  0.42039689E-38
  0.32200000E+02  0.73512861E-23  0.41778038E-38
  0.32300000E+02  0.73060369E-23  0.41518823E-38
  0.32400000E+02  0.72612036E-23  0.41262014E-38
  0.32500000E+02  0.72167812E-23  0.41007581E-38
  0.32600000E+02  0.71727647E-23  0.40755495E-38
  0.32700000E+02  0.71291491E-23  0.40505727E-38
  0.32800000E+02  0.70859297E-23  0.40258250E-38
  0.32900000E+02  0.70431016E-23  0.40013034E-38
  0.33000000E+02  0.70006601E-23  0.39770053E-38
  0.33100000E+02  0.69586006E-23  0.39529280E-38
  0.33200000E+02  0.69169186E-23  0.39290687E-38
  0.33300000E+02  0.68756095E-23  0.39054249E-38
  0.33400000E+02  0.68346689E-23  0.38819939E-38
  0.33500000E+02  0.67940924E-23  0.38587733E-38
  0.33600000E+02  0.67538758E-23  0.38357605E-38
  0.33700000E+02  0.67140147E-23  0.38129530E-38
  0.33800000E+02  0.66745051E-23  0.37903485E-38
  0.33900000E+02  0.66353428E-23  0.37679444E-38
  0.34000000E+02  0.65965238E-23  0.37457385E-38
  0.34100000E+02  0.65580440E-23  0.37237283E-38
  0.34200000E+02  0.65198995E-23  0.37019117E-38
  0.34300000E+02  0.64820865E-23  0.36802864E-38
  0.34400000E+02  0.64446011E-23  0.36588501E-38
  0.34500000E+02  0.64074396E-23  0.36376006E-38
  0.34600000E+02  0.63705981E-23  0.36165357E-38
  0.34700000E+02  0.63340732E-23  0.35956534E-38
  0.34800000E+02  0.62978611E-23  0.35749515E-38
  0.34900000E+02  0.62619583E-23  0.35544280E-38
  0.35000000E+02  0.62263613E-23  0.35340808E-38
  0.35100000E+02  0.61910666E-23  0.35139078E-38
  0.35200000E+02  0.61560709E-23  0.34939072E-38
  0.35300000E+02  0.61213707E-23  0.34740770E-38
  0.35400000E+02  0.60869628E-23  0.34544151E-38
  0.35500000E+02  0.60528438E-23  0.34349198E-38
  0.35600000E+02  0.60190106E-23  0.34155891E-38
  0.35700000E+02  0.59854600E-23  0.33964212E-38
  0.35800000E+02  0.59521888E-23  0.33774143E-38
  0.35900000E+02  0.59191939E-23  0.33585666E-38
  0.36000000E+02  0.58864724E-23  0.33398763E-38
  0.36100000E+02  0.58540211E-23  0.33213416E-38
  0.36200000E+02  0.58218371E-23  0.33029609E-38
  0.36300000E+02  0.57899176E-23  0.32847324E-38
  0.36400000E+02  0.57582596E-23  0.32666545E-38
  0.36500000E+02  0.57268602E-23  0.32487254E-38
  0.36600000E+02  0.56957167E-23  0.32309437E-38
  0.36700000E+02  0.56648263E-23  0.32133075E-38
  0.36800000E+02  0.56341863E-23  0.31958155E-38
  0.36900000E+02  0.56037939E-23  0.31784660E-38
  0.37000000E+02  0.55736465E-23  0.31612574E-38
  0.37100000E+02  0.55437415E-23  0.31441883E-38
  0.37200000E+02  0.55140763E-23  0.31272571E-38
  0.37300000E+02  0.54846483E-23  0.31104624E-38
  0.37400000E+02  0.54554551E-23  0.30938027E-38
  0.37500000E+02  0.54264941E-23  0.30772765E-38
  0.37600000E+02  0.53977628E-23  0.30608825E-38
  0.37700000E+02  0.53692589E-23  0.30446191E-38
  0.37800000E+02  0.53409800E-23  0.30284851E-38
  0.37900000E+02  0.53129237E-23  0.30124791E-38
  0.38000000E+02  0.52850876E-23  0.29965997E-38
  0.38100000E+02  0.52574695E-23  0.29808456E-38
  0.38200000E+02  0.52300672E-23  0.29652155E-38
  0.38300000E+02  0.52028783E-23  0.29497080E-38
  0.38400000E+02  0.51759006E-23  0.29343219E-38
  0.38500000E+02  0.51491321E-23  0.29190560E-38
  0.38600000E+02  0.51225705E-23  0.29039089E-38
  0.38700000E+02  0.50962137E-23  0.28888795E-38
  0.38800000E+02  0.50700595E-23  0.28739665E-38
  0.38900000E+02  0.50441061E-23  0.28591687E-38
  0.39000000E+02  0.50183512E-23  0.28444850E-38
  0.39100000E+02  0.49927928E-23  0.28299142E-38
  0.39200000E+02  0.49674291E-23  0.28154551E-38
  0.39300000E+02  0.49422579E-23  0.28011066E-38
  0.39400000E+02  0.49172775E-23  0.27868675E-38
  0.39500000E+02  0.48924857E-23  0.27727368E-38
  0.39600000E+02  0.48678808E-23  0.27587134E-38
  0.39700000E+02  0.48434609E-23  0.27447961E-38
  0.39800000E+02  0.48192242E-23  0.27309840E-38
  0.39900000E+02  0.47951687E-23  0.27172758E-38
  0.40000000E+02  0.47712927E-23  0.27036707E-38
