  0.00000000E+00 -0.96497631E-23  0.11059773E-35
  0.10000000E+00  0.66621026E-22 -0.11294230E-36
  0.20000000E+00  0.90726321E-22 -0.28175022E-36
  0.30000000E+00  0.77666492E-22 -0.42113641E-37
  0.40000000E+00  0.61419912E-22  0.97795811E-37
  0.50000000E+00  0.48390274E-22  0.15154830E-36
  0.60000000E+00  0.38667002E-22  0.16090776E-36
  0.70000000E+00  0.31443994E-22  0.15579348E-36
  0.80000000E+00  0.26006633E-22  0.14171887E-36
  0.90000000E+00  0.21840086E-22  0.12762449E-36
  0.10000000E+01  0.18589219E-22  0.11591347E-36
  0.11000000E+01  0.16009539E-22  0.10230381E-36
  0.12000000E+01  0.13930759E-22  0.90284033E-37
  0.13000000E+01  0.12232338E-22  0.83043146E-37
  0.14000000E+01  0.10827450E-22  0.74073402E-37
  0.15000000E+01  0.96524790E-23  0.67324277E-37
  0.16000000E+01  0.86600448E-23  0.61173747E-37
  0.17000000E+01  0.78143219E-23  0.55876419E-37
  0.18000000E+01  0.70878371E-23  0.50371369E-37
  0.19000000E+01  0.64592480E-23  0.46507906E-37
  0.20000000E+01  0.59117765E-23  0.42878288E-37
  0.21000000E+01  0.54320875E-23  0.39715666E-37
  0.22000000E+01  0.50094760E-23  0.36360317E-37
  0.23000000E+01  0.46352679E-23  0.33641049E-37
  0.24000000E+01  0.43023750E-23  0.30872843E-37
  0.25000000E+01  0.40049593E-23  0.29129364E-37
  0.26000000E+01  0.37381770E-23  0.27097972E-37
  0.27000000E+01  0.34979822E-23  0.25431970E-37
  0.28000000E+01  0.32809742E-23  0.23684738E-37
  0.29000000E+01  0.30842776E-23  0.22050582E-37
  0.30000000E+01  0.29054480E-23  0.20677768E-37
  0.31000000E+01  0.27423966E-23  0.19563101E-37
  0.32000000E+01  0.25933300E-23  0.18144207E-37
  0.33000000E+01  0.24567015E-23  0.17272847E-37
  0.34000000E+01  0.23311713E-23  0.16344794E-37
  0.35000000E+01  0.22155746E-23  0.15317800E-37
  0.36000000E+01  0.21088942E-23  0.14567880E-37
  0.37000000E+01  0.20102395E-23  0.13613211E-37
  0.38000000E+01  0.19188272E-23  0.13043000E-37
  0.39000000E+01  0.18339671E-23  0.12340305E-37
  0.40000000E+01  0.17550483E-23  0.11559747E-37
  0.41000000E+01  0.16815292E-23  0.10973769E-37
  0.42000000E+01  0.16129279E-23  0.10444414E-37
  0.43000000E+01  0.15488148E-23  0.99377877E-38
  0.44000000E+01  0.14888056E-23  0.95705323E-38
  0.45000000E+01  0.14325560E-23  0.89339965E-38
  0.46000000E+01  0.13797569E-23  0.85337976E-38
  0.47000000E+01  0.13301298E-23  0.82044805E-38
  0.48000000E+01  0.12834235E-23  0.77550898E-38
  0.49000000E+01  0.12394112E-23  0.72710691E-38
  0.50000000E+01  0.11978873E-23  0.70063782E-38
  0.51000000E+01  0.11586652E-23  0.66116532E-38
  0.52000000E+01  0.11215754E-23  0.63280808E-38
  0.53000000E+01  0.10864636E-23  0.60291206E-38
  0.54000000E+01  0.10531890E-23  0.58347776E-38
  0.55000000E+01  0.10216232E-23  0.55207656E-38
  0.56000000E+01  0.99164833E-24  0.53135967E-38
  0.57000000E+01  0.96315681E-24  0.49357109E-38
  0.58000000E+01  0.93604974E-24  0.47466007E-38
  0.59000000E+01  0.91023630E-24  0.46219512E-38
  0.60000000E+01  0.88563292E-24  0.44027436E-38
  0.61000000E+01  0.86216265E-24  0.42824473E-38
  0.62000000E+01  0.83975451E-24  0.40110756E-38
  0.63000000E+01  0.81834295E-24  0.38206000E-38
  0.64000000E+01  0.79786737E-24  0.36417802E-38
  0.65000000E+01  0.77827170E-24  0.34286250E-38
  0.66000000E+01  0.75950396E-24  0.32773436E-38
  0.67000000E+01  0.74151598E-24  0.31670078E-38
  0.68000000E+01  0.72426299E-24  0.30732382E-38
  0.69000000E+01  0.70770339E-24  0.29554473E-38
  0.70000000E+01  0.69179851E-24  0.28224227E-38
  0.71000000E+01  0.67651229E-24  0.26755711E-38
  0.72000000E+01  0.66181115E-24  0.25345887E-38
  0.73000000E+01  0.64766375E-24  0.24261185E-38
  0.74000000E+01  0.63404084E-24  0.23277563E-38
  0.75000000E+01  0.62091506E-24  0.21917459E-38
  0.76000000E+01  0.60826084E-24  0.21161677E-38
  0.77000000E+01  0.59605422E-24  0.20449161E-38
  0.78000000E+01  0.58427278E-24  0.19835727E-38
  0.79000000E+01  0.57289548E-24  0.18892578E-38
  0.80000000E+01  0.56190258E-24  0.17840009E-38
  0.81000000E+01  0.55127554E-24  0.17027749E-38
  0.82000000E+01  0.54099695E-24  0.16743606E-38
  0.83000000E+01  0.53105044E-24  0.15258162E-38
  0.84000000E+01  0.52142058E-24  0.15503214E-38
  0.85000000E+01  0.51209286E-24  0.14335722E-38
  0.86000000E+01  0.50305361E-24  0.13733904E-38
  0.87000000E+01  0.49428993E-24  0.13084257E-38
  0.88000000E+01  0.48578964E-24  0.12312410E-38
  0.89000000E+01  0.47754126E-24  0.11692597E-38
  0.90000000E+01  0.46953394E-24  0.11376583E-38
  0.91000000E+01  0.46175740E-24  0.10939817E-38
  0.92000000E+01  0.45420195E-24  0.10135759E-38
  0.93000000E+01  0.44685840E-24  0.97611038E-39
  0.94000000E+01  0.43971805E-24  0.95133024E-39
  0.95000000E+01  0.43277265E-24  0.87896732E-39
  0.96000000E+01  0.42601439E-24  0.87260625E-39
  0.97000000E+01  0.41943587E-24  0.81184327E-39
  0.98000000E+01  0.41303003E-24  0.75038364E-39
  0.99000000E+01  0.40679021E-24  0.73805632E-39
  0.10000000E+02  0.40071005E-24  0.69312163E-39
  0.10100000E+02  0.39478351E-24  0.64437616E-39
  0.10200000E+02  0.38900487E-24  0.62635995E-39
  0.10300000E+02  0.38336866E-24  0.59008751E-39
  0.10400000E+02  0.37786967E-24  0.55532313E-39
  0.10500000E+02  0.37250297E-24  0.53099697E-39
  0.10600000E+02  0.36726382E-24  0.47079054E-39
  0.10700000E+02  0.36214773E-24  0.47840833E-39
  0.10800000E+02  0.35715041E-24  0.42544497E-39
  0.10900000E+02  0.35226776E-24  0.42445766E-39
  0.11000000E+02  0.34749588E-24  0.40409793E-39
  0.11100000E+02  0.34283102E-24  0.35324870E-39
  0.11200000E+02  0.33826962E-24  0.35368146E-39
  0.11300000E+02  0.33380827E-24  0.31820965E-39
  0.11400000E+02  0.32944370E-24  0.29549205E-39
  0.11500000E+02  0.32517280E-24  0.28195804E-39
  0.11600000E+02  0.32099257E-24  0.24528124E-39
  0.11700000E+02  0.31690015E-24  0.23987954E-39
  0.11800000E+02  0.31289280E-24  0.21576183E-39
  0.11900000E+02  0.30896790E-24  0.19167634E-39
  0.12000000E+02  0.30512292E-24  0.18763844E-39
  0.12100000E+02  0.30135544E-24  0.16464582E-39
  0.12200000E+02  0.29766315E-24  0.15294850E-39
  0.12300000E+02  0.29404383E-24  0.12804439E-39
  0.12400000E+02  0.29049532E-24  0.11309340E-39
  0.12500000E+02  0.28701559E-24  0.12497274E-39
  0.12600000E+02  0.28360266E-24  0.92074654E-40
  0.12700000E+02  0.28025463E-24  0.82943779E-40
  0.12800000E+02  0.27696967E-24  0.46437533E-40
  0.12900000E+02  0.27374603E-24  0.57601371E-40
  0.13000000E+02  0.27058202E-24  0.30944827E-40
  0.13100000E+02  0.26747602E-24  0.27874968E-40
  0.13200000E+02  0.26442646E-24  0.26379422E-40
  0.13300000E+02  0.26143182E-24  0.18197838E-40
  0.13400000E+02  0.25849066E-24 -0.94514862E-41
  0.13500000E+02  0.25560157E-24 -0.11207895E-40
  0.13600000E+02  0.25276320E-24 -0.17928021E-40
  0.13700000E+02  0.24997424E-24 -0.36316806E-40
  0.13800000E+02  0.24723344E-24 -0.33474466E-40
  0.13900000E+02  0.24453958E-24 -0.44069752E-40
  0.14000000E+02  0.24189148E-24 -0.65950444E-40
  0.14100000E+02  0.23928802E-24 -0.63447307E-40
  0.14200000E+02  0.23672810E-24 -0.78506782E-40
  0.14300000E+02  0.23421065E-24 -0.75868652E-40
  0.14400000E+02  0.23173466E-24 -0.89556160E-40
  0.14500000E+02  0.22929913E-24 -0.82324967E-40
  0.14600000E+02  0.22690311E-24 -0.90041055E-40
  0.14700000E+02  0.22454566E-24 -0.10564393E-39
  0.14800000E+02  0.22222590E-24 -0.10986128E-39
  0.14900000E+02  0.21994295E-24 -0.11323110E-39
  0.15000000E+02  0.21769597E-24 -0.12306509E-39
  0.15100000E+02  0.21548415E-24 -0.12406772E-39
  0.15200000E+02  0.21330670E-24 -0.13634819E-39
  0.15300000E+02  0.21116284E-24 -0.14416389E-39
  0.15400000E+02  0.20905184E-24 -0.13885092E-39
  0.15500000E+02  0.20697298E-24 -0.13588345E-39
  0.15600000E+02  0.20492555E-24 -0.14632308E-39
  0.15700000E+02  0.20290889E-24 -0.15646984E-39
  0.15800000E+02  0.20092232E-24 -0.15445934E-39
  0.15900000E+02  0.19896522E-24 -0.16230827E-39
  0.16000000E+02  0.19703696E-24 -0.16361425E-39
  0.16100000E+02  0.19513695E-24 -0.18048668E-39
  0.16200000E+02  0.19326458E-24 -0.17102432E-39
  0.16300000E+02  0.19141930E-24 -0.18992950E-39
  0.16400000E+02  0.18960055E-24 -0.19156017E-39
  0.16500000E+02  0.18780779E-24 -0.17721104E-39
  0.16600000E+02  0.18604051E-24 -0.18636110E-39
  0.16700000E+02  0.18429818E-24 -0.18839543E-39
  0.16800000E+02  0.18258033E-24 -0.18749479E-39
  0.16900000E+02  0.18088646E-24 -0.19111167E-39
  0.17000000E+02  0.17921610E-24 -0.19451483E-39
  0.17100000E+02  0.17756880E-24 -0.20309105E-39
  0.17200000E+02  0.17594412E-24 -0.20238412E-39
  0.17300000E+02  0.17434162E-24 -0.19200978E-39
  0.17400000E+02  0.17276088E-24 -0.19615593E-39
  0.17500000E+02  0.17120149E-24 -0.21143184E-39
  0.17600000E+02  0.16966305E-24 -0.20758472E-39
  0.17700000E+02  0.16814517E-24 -0.19836694E-39
  0.17800000E+02  0.16664746E-24 -0.20910499E-39
  0.17900000E+02  0.16516956E-24 -0.21268214E-39
  0.18000000E+02  0.16371111E-24 -0.21456016E-39
  0.18100000E+02  0.16227175E-24 -0.21493231E-39
  0.18200000E+02  0.16085113E-24 -0.21223966E-39
  0.18300000E+02  0.15944892E-24 -0.21680763E-39
  0.18400000E+02  0.15806480E-24 -0.20777601E-39
  0.18500000E+02  0.15669844E-24 -0.21345828E-39
  0.18600000E+02  0.15534953E-24 -0.22652312E-39
  0.18700000E+02  0.15401776E-24 -0.22486301E-39
  0.18800000E+02  0.15270284E-24 -0.22818898E-39
  0.18900000E+02  0.15140447E-24 -0.21858432E-39
  0.19000000E+02  0.15012237E-24 -0.23610227E-39
  0.19100000E+02  0.14885627E-24 -0.21995455E-39
  0.19200000E+02  0.14760588E-24 -0.22206685E-39
  0.19300000E+02  0.14637095E-24 -0.23328268E-39
  0.19400000E+02  0.14515121E-24 -0.22488500E-39
  0.19500000E+02  0.14394641E-24 -0.22798929E-39
  0.19600000E+02  0.14275630E-24 -0.22906815E-39
  0.19700000E+02  0.14158064E-24 -0.22603538E-39
  0.19800000E+02  0.14041919E-24 -0.22282096E-39
  0.19900000E+02  0.13927172E-24 -0.21891817E-39
  0.20000000E+02  0.13813800E-24 -0.23314884E-39
  0.20100000E+02  0.13701781E-24 -0.22731794E-39
  0.20200000E+02  0.13591093E-24 -0.22958493E-39
  0.20300000E+02  0.13481715E-24 -0.22664727E-39
  0.20400000E+02  0.13373625E-24 -0.23154038E-39
  0.20500000E+02  0.13266804E-24 -0.22375891E-39
  0.20600000E+02  0.13161231E-24 -0.22696109E-39
  0.20700000E+02  0.13056887E-24 -0.22292355E-39
  0.20800000E+02  0.12953752E-24 -0.22459393E-39
  0.20900000E+02  0.12851808E-24 -0.23265092E-39
  0.21000000E+02  0.12751036E-24 -0.23240108E-39
  0.21100000E+02  0.12651419E-24 -0.22781546E-39
  0.21200000E+02  0.12552938E-24 -0.22436842E-39
  0.21300000E+02  0.12455576E-24 -0.22677798E-39
  0.21400000E+02  0.12359316E-24 -0.21992811E-39
  0.21500000E+02  0.12264142E-24 -0.21490075E-39
  0.21600000E+02  0.12170036E-24 -0.23404314E-39
  0.21700000E+02  0.12076984E-24 -0.22809457E-39
  0.21800000E+02  0.11984970E-24 -0.21980649E-39
  0.21900000E+02  0.11893977E-24 -0.22040953E-39
  0.22000000E+02  0.11803991E-24 -0.23239515E-39
  0.22100000E+02  0.11714997E-24 -0.22527400E-39
  0.22200000E+02  0.11626981E-24 -0.22396058E-39
  0.22300000E+02  0.11539927E-24 -0.22695522E-39
  0.22400000E+02  0.11453823E-24 -0.22276642E-39
  0.22500000E+02  0.11368655E-24 -0.22599221E-39
  0.22600000E+02  0.11284408E-24 -0.22029817E-39
  0.22700000E+02  0.11201070E-24 -0.22634831E-39
  0.22800000E+02  0.11118628E-24 -0.22113595E-39
  0.22900000E+02  0.11037069E-24 -0.21838932E-39
  0.23000000E+02  0.10956380E-24 -0.22062387E-39
  0.23100000E+02  0.10876549E-24 -0.21638956E-39
  0.23200000E+02  0.10797565E-24 -0.21794984E-39
  0.23300000E+02  0.10719414E-24 -0.22030347E-39
  0.23400000E+02  0.10642086E-24 -0.21857269E-39
  0.23500000E+02  0.10565570E-24 -0.21485264E-39
  0.23600000E+02  0.10489853E-24 -0.22164583E-39
  0.23700000E+02  0.10414925E-24 -0.21576153E-39
  0.23800000E+02  0.10340775E-24 -0.21495604E-39
  0.23900000E+02  0.10267392E-24 -0.21606656E-39
  0.24000000E+02  0.10194766E-24 -0.21035474E-39
  0.24100000E+02  0.10122887E-24 -0.21058795E-39
  0.24200000E+02  0.10051744E-24 -0.21002231E-39
  0.24300000E+02  0.99813281E-25 -0.21285195E-39
  0.24400000E+02  0.99116286E-25 -0.21825332E-39
  0.24500000E+02  0.98426362E-25 -0.20931136E-39
  0.24600000E+02  0.97743416E-25 -0.21360929E-39
  0.24700000E+02  0.97067354E-25 -0.21513119E-39
  0.24800000E+02  0.96398085E-25 -0.21030810E-39
  0.24900000E+02  0.95735519E-25 -0.21701529E-39
  0.25000000E+02  0.95079568E-25 -0.20871581E-39
  0.25100000E+02  0.94430146E-25 -0.20906772E-39
  0.25200000E+02  0.93787167E-25 -0.20372262E-39
  0.25300000E+02  0.93150546E-25 -0.21049687E-39
  0.25400000E+02  0.92520202E-25 -0.20723787E-39
  0.25500000E+02  0.91896054E-25 -0.21029664E-39
  0.25600000E+02  0.91278020E-25 -0.20544349E-39
  0.25700000E+02  0.90666024E-25 -0.20679671E-39
  0.25800000E+02  0.90059987E-25 -0.20393480E-39
  0.25900000E+02  0.89459834E-25 -0.20242783E-39
  0.26000000E+02  0.88865489E-25 -0.19970160E-39
  0.26100000E+02  0.88276879E-25 -0.20294264E-39
  0.26200000E+02  0.87693931E-25 -0.19865956E-39
  0.26300000E+02  0.87116575E-25 -0.20059552E-39
  0.26400000E+02  0.86544739E-25 -0.19371398E-39
  0.26500000E+02  0.85978355E-25 -0.19934406E-39
  0.26600000E+02  0.85417354E-25 -0.19861301E-39
  0.26700000E+02  0.84861671E-25 -0.19387138E-39
  0.26800000E+02  0.84311238E-25 -0.19839107E-39
  0.26900000E+02  0.83765991E-25 -0.20117971E-39
  0.27000000E+02  0.83225865E-25 -0.19603464E-39
  0.27100000E+02  0.82690799E-25 -0.19264269E-39
  0.27200000E+02  0.82160730E-25 -0.18947505E-39
  0.27300000E+02  0.81635597E-25 -0.19104473E-39
  0.27400000E+02  0.81115340E-25 -0.19197599E-39
  0.27500000E+02  0.80599899E-25 -0.18709337E-39
  0.27600000E+02  0.80089217E-25 -0.18906344E-39
  0.27700000E+02  0.79583236E-25 -0.18872356E-39
  0.27800000E+02  0.79081900E-25 -0.18573230E-39
  0.27900000E+02  0.78585153E-25 -0.18740061E-39
  0.28000000E+02  0.78092939E-25 -0.18720013E-39
  0.28100000E+02  0.77605205E-25 -0.18368803E-39
  0.28200000E+02  0.77121899E-25 -0.18408503E-39
  0.28300000E+02  0.76642966E-25 -0.18544056E-39
  0.28400000E+02  0.76168356E-25 -0.18327286E-39
  0.28500000E+02  0.75698017E-25 -0.18436431E-39
  0.28600000E+02  0.75231900E-25 -0.17979008E-39
  0.28700000E+02  0.74769955E-25 -0.18146737E-39
  0.28800000E+02  0.74312133E-25 -0.18299946E-39
  0.28900000E+02  0.73858386E-25 -0.18247469E-39
  0.29000000E+02  0.73408667E-25 -0.17956315E-39
  0.29100000E+02  0.72962930E-25 -0.17984435E-39
  0.29200000E+02  0.72521127E-25 -0.17981363E-39
  0.29300000E+02  0.72083215E-25 -0.18104930E-39
  0.29400000E+02  0.71649148E-25 -0.17449463E-39
  0.29500000E+02  0.71218882E-25 -0.17942229E-39
  0.29600000E+02  0.70792373E-25 -0.17617956E-39
  0.29700000E+02  0.70369580E-25 -0.17456638E-39
  0.29800000E+02  0.69950459E-25 -0.17291337E-39
  0.29900000E+02  0.69534970E-25 -0.17786239E-39
  0.30000000E+02  0.69123071E-25 -0.17233545E-39
  0.30100000E+02  0.68714721E-25 -0.17396000E-39
  0.30200000E+02  0.68309881E-25 -0.17150657E-39
  0.30300000E+02  0.67908512E-25 -0.17187669E-39
  0.30400000E+02  0.67510574E-25 -0.17009643E-39
  0.30500000E+02  0.67116030E-25 -0.16855794E-39
  0.30600000E+02  0.66724842E-25 -0.17114501E-39
  0.30700000E+02  0.66336972E-25 -0.16779622E-39
  0.30800000E+02  0.65952383E-25 -0.16596514E-39
  0.30900000E+02  0.65571041E-25 -0.16798271E-39
  0.31000000E+02  0.65192908E-25 -0.16836865E-39
  0.31100000E+02  0.64817950E-25 -0.16507120E-39
  0.31200000E+02  0.64446132E-25 -0.16757270E-39
  0.31300000E+02  0.64077420E-25 -0.16576092E-39
  0.31400000E+02  0.63711779E-25 -0.16076503E-39
  0.31500000E+02  0.63349177E-25 -0.16306541E-39
  0.31600000E+02  0.62989580E-25 -0.16160226E-39
  0.31700000E+02  0.62632957E-25 -0.16128512E-39
  0.31800000E+02  0.62279275E-25 -0.15950455E-39
  0.31900000E+02  0.61928502E-25 -0.16174768E-39
  0.32000000E+02  0.61580607E-25 -0.16166057E-39
  0.32100000E+02  0.61235560E-25 -0.15773661E-39
  0.32200000E+02  0.60893331E-25 -0.15892676E-39
  0.32300000E+02  0.60553888E-25 -0.15692769E-39
  0.32400000E+02  0.60217203E-25 -0.15844536E-39
  0.32500000E+02  0.59883246E-25 -0.15707605E-39
  0.32600000E+02  0.59551988E-25 -0.15549749E-39
  0.32700000E+02  0.59223402E-25 -0.15302134E-39
  0.32800000E+02  0.58897459E-25 -0.15744171E-39
  0.32900000E+02  0.58574131E-25 -0.15452471E-39
  0.33000000E+02  0.58253391E-25 -0.15495626E-39
  0.33100000E+02  0.57935213E-25 -0.15400996E-39
  0.33200000E+02  0.57619568E-25 -0.15098797E-39
  0.33300000E+02  0.57306432E-25 -0.15503366E-39
  0.33400000E+02  0.56995777E-25 -0.15309245E-39
  0.33500000E+02  0.56687579E-25 -0.15358380E-39
  0.33600000E+02  0.56381812E-25 -0.15196481E-39
  0.33700000E+02  0.56078451E-25 -0.14877170E-39
  0.33800000E+02  0.55777472E-25 -0.14737649E-39
  0.33900000E+02  0.55478850E-25 -0.14872365E-39
  0.34000000E+02  0.55182560E-25 -0.14753776E-39
  0.34100000E+02  0.54888580E-25 -0.14659400E-39
  0.34200000E+02  0.54596886E-25 -0.14619680E-39
  0.34300000E+02  0.54307454E-25 -0.14624161E-39
  0.34400000E+02  0.54020262E-25 -0.14408157E-39
  0.34500000E+02  0.53735287E-25 -0.14406673E-39
  0.34600000E+02  0.53452507E-25 -0.14150163E-39
  0.34700000E+02  0.53171900E-25 -0.14414522E-39
  0.34800000E+02  0.52893444E-25 -0.14127573E-39
  0.34900000E+02  0.52617117E-25 -0.14182425E-39
  0.35000000E+02  0.52342899E-25 -0.14069650E-39
  0.35100000E+02  0.52070768E-25 -0.14090208E-39
  0.35200000E+02  0.51800703E-25 -0.13929411E-39
  0.35300000E+02  0.51532685E-25 -0.13881932E-39
  0.35400000E+02  0.51266692E-25 -0.13843207E-39
  0.35500000E+02  0.51002706E-25 -0.13808824E-39
  0.35600000E+02  0.50740706E-25 -0.13831838E-39
  0.35700000E+02  0.50480672E-25 -0.13808283E-39
  0.35800000E+02  0.50222586E-25 -0.13479987E-39
  0.35900000E+02  0.49966428E-25 -0.13653148E-39
  0.36000000E+02  0.49712180E-25 -0.13421121E-39
  0.36100000E+02  0.49459824E-25 -0.13419236E-39
  0.36200000E+02  0.49209340E-25 -0.13489977E-39
  0.36300000E+02  0.48960710E-25 -0.13429900E-39
  0.36400000E+02  0.48713917E-25 -0.13362698E-39
  0.36500000E+02  0.48468944E-25 -0.13319111E-39
  0.36600000E+02  0.48225772E-25 -0.13207659E-39
  0.36700000E+02  0.47984384E-25 -0.13046364E-39
  0.36800000E+02  0.47744763E-25 -0.13057764E-39
  0.36900000E+02  0.47506892E-25 -0.13293408E-39
  0.37000000E+02  0.47270756E-25 -0.12978444E-39
  0.37100000E+02  0.47036336E-25 -0.12934868E-39
  0.37200000E+02  0.46803617E-25 -0.12922589E-39
  0.37300000E+02  0.46572583E-25 -0.12942806E-39
  0.37400000E+02  0.46343217E-25 -0.12763309E-39
  0.37500000E+02  0.46115505E-25 -0.12836762E-39
  0.37600000E+02  0.45889430E-25 -0.12900439E-39
  0.37700000E+02  0.45664978E-25 -0.12621109E-39
  0.37800000E+02  0.45442132E-25 -0.12788150E-39
  0.37900000E+02  0.45220878E-25 -0.12616409E-39
  0.38000000E+02  0.45001202E-25 -0.12515364E-39
  0.38100000E+02  0.44783088E-25 -0.12348731E-39
  0.38200000E+02  0.44566522E-25 -0.12239312E-39
  0.38300000E+02  0.44351489E-25 -0.12299887E-39
  0.38400000E+02  0.44137976E-25 -0.12314028E-39
  0.38500000E+02  0.43925968E-25 -0.12335026E-39
  0.38600000E+02  0.43715452E-25 -0.12390683E-39
  0.38700000E+02  0.43506414E-25 -0.12112997E-39
  0.38800000E+02  0.43298840E-25 -0.12292980E-39
  0.38900000E+02  0.43092716E-25 -0.12157153E-39
  0.39000000E+02  0.42888031E-25 -0.12183663E-39
  0.39100000E+02  0.42684770E-25 -0.12163019E-39
  0.39200000E+02  0.42482921E-25 -0.11917595E-39
  0.39300000E+02  0.42282470E-25 -0.11731780E-39
  0.39400000E+02  0.42083406E-25 -0.11579111E-39
  0.39500000E+02  0.41885715E-25 -0.12071204E-39
  0.39600000E+02  0.41689386E-25 -0.11713425E-39
  0.39700000E+02  0.41494405E-25 -0.11743421E-39
  0.39800000E+02  0.41300762E-25 -0.11767184E-39
  0.39900000E+02  0.41108443E-25 -0.11636333E-39
  0.40000000E+02  0.40917438E-25 -0.11749667E-39
