  0.00000000E+00  0.85194812E-21 -0.19224135E-34
  0.10000000E+00  0.67765404E-21 -0.17349740E-34
  0.20000000E+00  0.40804634E-21 -0.13304264E-34
  0.30000000E+00  0.23619317E-21 -0.96137736E-35
  0.40000000E+00  0.14204649E-21 -0.69788802E-35
  0.50000000E+00  0.89569016E-22 -0.51934742E-35
  0.60000000E+00  0.58841901E-22 -0.39740725E-35
  0.70000000E+00  0.39958678E-22 -0.31208038E-35
  0.80000000E+00  0.27872042E-22 -0.25074289E-35
  0.90000000E+00  0.19878231E-22 -0.20550614E-35
  0.10000000E+01  0.14452413E-22 -0.17135778E-35
  0.11000000E+01  0.10693797E-22 -0.14503581E-35
  0.12000000E+01  0.80484498E-23 -0.12436404E-35
  0.13000000E+01  0.61638588E-23 -0.10785610E-35
  0.14000000E+01  0.48090637E-23 -0.94474406E-36
  0.15000000E+01  0.38289526E-23 -0.83480079E-36
  0.16000000E+01  0.31171410E-23 -0.74337267E-36
  0.17000000E+01  0.25993502E-23 -0.66650805E-36
  0.18000000E+01  0.22229272E-23 -0.60124764E-36
  0.19000000E+01  0.19500683E-23 -0.54534369E-36
  0.20000000E+01  0.17533382E-23 -0.49706641E-36
  0.21000000E+01  0.16126483E-23 -0.45506833E-36
  0.22000000E+01  0.15131818E-23 -0.41828793E-36
  0.23000000E+01  0.14439473E-23 -0.38588015E-36
  0.24000000E+01  0.13967558E-23 -0.35716566E-36
  0.25000000E+01  0.13654881E-23 -0.33159335E-36
  0.26000000E+01  0.13455651E-23 -0.30871235E-36
  0.27000000E+01  0.13335595E-23 -0.28815084E-36
  0.28000000E+01  0.13269107E-23 -0.26959989E-36
  0.29000000E+01  0.13237119E-23 -0.25280111E-36
  0.30000000E+01  0.13225511E-23 -0.23753688E-36
  0.31000000E+01  0.13223922E-23 -0.22362289E-36
  0.32000000E+01  0.13224838E-23 -0.21090208E-36
  0.33000000E+01  0.13222910E-23 -0.19923993E-36
  0.34000000E+01  0.13214429E-23 -0.18852064E-36
  0.35000000E+01  0.13196923E-23 -0.17864405E-36
  0.36000000E+01  0.13168857E-23 -0.16952314E-36
  0.37000000E+01  0.13129389E-23 -0.16108199E-36
  0.38000000E+01  0.13078197E-23 -0.15325412E-36
  0.39000000E+01  0.13015333E-23 -0.14598106E-36
  0.40000000E+01  0.12941124E-23 -0.13921126E-36
  0.41000000E+01  0.12856085E-23 -0.13289905E-36
  0.42000000E+01  0.12760860E-23 -0.12700391E-36
  0.43000000E+01  0.12656171E-23 -0.12148973E-36
  0.44000000E+01  0.12542787E-23 -0.11632429E-36
  0.45000000E+01  0.12421496E-23 -0.11147871E-36
  0.46000000E+01  0.12293080E-23 -0.10692706E-36
  0.47000000E+01  0.12158311E-23 -0.10264602E-36
  0.48000000E+01  0.12017929E-23 -0.98614551E-37
  0.49000000E+01  0.11872647E-23 -0.94813618E-37
  0.50000000E+01  0.11723135E-23 -0.91225990E-37
  0.51000000E+01  0.11570025E-23 -0.87836017E-37
  0.52000000E+01  0.11413908E-23 -0.84629467E-37
  0.53000000E+01  0.11255332E-23 -0.81593371E-37
  0.54000000E+01  0.11094804E-23 -0.78715889E-37
  0.55000000E+01  0.10932792E-23 -0.75986196E-37
  0.56000000E+01  0.10769723E-23 -0.73394374E-37
  0.57000000E+01  0.10605989E-23 -0.70931328E-37
  0.58000000E+01  0.10441946E-23 -0.68588700E-37
  0.59000000E+01  0.10277919E-23 -0.66358801E-37
  0.60000000E+01  0.10114199E-23 -0.64234546E-37
  0.61000000E+01  0.99510516E-24 -0.62209398E-37
  0.62000000E+01  0.97887125E-24 -0.60277317E-37
  0.63000000E+01  0.96273946E-24 -0.58432719E-37
  0.64000000E+01  0.94672869E-24 -0.56670431E-37
  0.65000000E+01  0.93085575E-24 -0.54985654E-37
  0.66000000E+01  0.91513549E-24 -0.53373937E-37
  0.67000000E+01  0.89958097E-24 -0.51831141E-37
  0.68000000E+01  0.88420359E-24 -0.50353418E-37
  0.69000000E+01  0.86901326E-24 -0.48937181E-37
  0.70000000E+01  0.85401850E-24 -0.47579090E-37
  0.71000000E+01  0.83922658E-24 -0.46276026E-37
  0.72000000E+01  0.82464363E-24 -0.45025076E-37
  0.73000000E+01  0.81027473E-24 -0.43823518E-37
  0.74000000E+01  0.79612402E-24 -0.42668803E-37
  0.75000000E+01  0.78219478E-24 -0.41558545E-37
  0.76000000E+01  0.76848952E-24 -0.40490509E-37
  0.77000000E+01  0.75501004E-24 -0.39462595E-37
  0.78000000E+01  0.74175750E-24 -0.38472834E-37
  0.79000000E+01  0.72873252E-24 -0.37519376E-37
  0.80000000E+01  0.71593518E-24 -0.36600480E-37
  0.81000000E+01  0.70336511E-24 -0.35714508E-37
  0.82000000E+01  0.69102154E-24 -0.34859919E-37
  0.83000000E+01  0.67890330E-24 -0.34035259E-37
  0.84000000E+01  0.66700895E-24 -0.33239157E-37
  0.85000000E+01  0.65533671E-24 -0.32470321E-37
  0.86000000E+01  0.64388456E-24 -0.31727529E-37
  0.87000000E+01  0.63265028E-24 -0.31009629E-37
  0.88000000E+01  0.62163143E-24 -0.30315528E-37
  0.89000000E+01  0.61082540E-24 -0.29644194E-37
  0.90000000E+01  0.60022943E-24 -0.28994652E-37
  0.91000000E+01  0.58984066E-24 -0.28365976E-37
  0.92000000E+01  0.57965610E-24 -0.27757288E-37
  0.93000000E+01  0.56967267E-24 -0.27167757E-37
  0.94000000E+01  0.55988722E-24 -0.26596595E-37
  0.95000000E+01  0.55029654E-24 -0.26043051E-37
  0.96000000E+01  0.54089739E-24 -0.25506416E-37
  0.97000000E+01  0.53168647E-24 -0.24986012E-37
  0.98000000E+01  0.52266046E-24 -0.24481198E-37
  0.99000000E+01  0.51381604E-24 -0.23991361E-37
  0.10000000E+02  0.50514987E-24 -0.23515921E-37
  0.10100000E+02  0.49665861E-24 -0.23054322E-37
  0.10200000E+02  0.48833894E-24 -0.22606038E-37
  0.10300000E+02  0.48018754E-24 -0.22170565E-37
  0.10400000E+02  0.47220112E-24 -0.21747424E-37
  0.10500000E+02  0.46437640E-24 -0.21336157E-37
  0.10600000E+02  0.45671014E-24 -0.20936327E-37
  0.10700000E+02  0.44919913E-24 -0.20547519E-37
  0.10800000E+02  0.44184019E-24 -0.20169334E-37
  0.10900000E+02  0.43463018E-24 -0.19801391E-37
  0.11000000E+02  0.42756601E-24 -0.19443328E-37
  0.11100000E+02  0.42064462E-24 -0.19094795E-37
  0.11200000E+02  0.41386299E-24 -0.18755462E-37
  0.11300000E+02  0.40721817E-24 -0.18425009E-37
  0.11400000E+02  0.40070723E-24 -0.18103132E-37
  0.11500000E+02  0.39432730E-24 -0.17789539E-37
  0.11600000E+02  0.38807556E-24 -0.17483950E-37
  0.11700000E+02  0.38194924E-24 -0.17186097E-37
  0.11800000E+02  0.37594562E-24 -0.16895725E-37
  0.11900000E+02  0.37006202E-24 -0.16612585E-37
  0.12000000E+02  0.36429583E-24 -0.16336442E-37
  0.12100000E+02  0.35864447E-24 -0.16067069E-37
  0.12200000E+02  0.35310543E-24 -0.15804248E-37
  0.12300000E+02  0.34767624E-24 -0.15547769E-37
  0.12400000E+02  0.34235447E-24 -0.15297433E-37
  0.12500000E+02  0.33713776E-24 -0.15053046E-37
  0.12600000E+02  0.33202379E-24 -0.14814423E-37
  0.12700000E+02  0.32701028E-24 -0.14581384E-37
  0.12800000E+02  0.32209502E-24 -0.14353758E-37
  0.12900000E+02  0.31727583E-24 -0.14131381E-37
  0.13000000E+02  0.31255059E-24 -0.13914093E-37
  0.13100000E+02  0.30791720E-24 -0.13701741E-37
  0.13200000E+02  0.30337365E-24 -0.13494178E-37
  0.13300000E+02  0.29891793E-24 -0.13291262E-37
  0.13400000E+02  0.29454811E-24 -0.13092856E-37
  0.13500000E+02  0.29026228E-24 -0.12898829E-37
  0.13600000E+02  0.28605858E-24 -0.12709054E-37
  0.13700000E+02  0.28193521E-24 -0.12523408E-37
  0.13800000E+02  0.27789038E-24 -0.12341773E-37
  0.13900000E+02  0.27392235E-24 -0.12164035E-37
  0.14000000E+02  0.27002945E-24 -0.11990084E-37
  0.14100000E+02  0.26621001E-24 -0.11819814E-37
  0.14200000E+02  0.26246241E-24 -0.11653123E-37
  0.14300000E+02  0.25878508E-24 -0.11489912E-37
  0.14400000E+02  0.25517648E-24 -0.11330085E-37
  0.14500000E+02  0.25163510E-24 -0.11173550E-37
  0.14600000E+02  0.24815946E-24 -0.11020217E-37
  0.14700000E+02  0.24474814E-24 -0.10870001E-37
  0.14800000E+02  0.24139973E-24 -0.10722818E-37
  0.14900000E+02  0.23811286E-24 -0.10578588E-37
  0.15000000E+02  0.23488620E-24 -0.10437232E-37
  0.15100000E+02  0.23171843E-24 -0.10298676E-37
  0.15200000E+02  0.22860828E-24 -0.10162845E-37
  0.15300000E+02  0.22555452E-24 -0.10029670E-37
  0.15400000E+02  0.22255591E-24 -0.98990824E-38
  0.15500000E+02  0.21961128E-24 -0.97710157E-38
  0.15600000E+02  0.21671947E-24 -0.96454060E-38
  0.15700000E+02  0.21387934E-24 -0.95221910E-38
  0.15800000E+02  0.21108979E-24 -0.94013108E-38
  0.15900000E+02  0.20834974E-24 -0.92827070E-38
  0.16000000E+02  0.20565814E-24 -0.91663232E-38
  0.16100000E+02  0.20301396E-24 -0.90521045E-38
  0.16200000E+02  0.20041620E-24 -0.89399979E-38
  0.16300000E+02  0.19786387E-24 -0.88299520E-38
  0.16400000E+02  0.19535602E-24 -0.87219168E-38
  0.16500000E+02  0.19289171E-24 -0.86158439E-38
  0.16600000E+02  0.19047003E-24 -0.85116863E-38
  0.16700000E+02  0.18809009E-24 -0.84093984E-38
  0.16800000E+02  0.18575102E-24 -0.83089360E-38
  0.16900000E+02  0.18345196E-24 -0.82102560E-38
  0.17000000E+02  0.18119209E-24 -0.81133169E-38
  0.17100000E+02  0.17897059E-24 -0.80180780E-38
  0.17200000E+02  0.17678668E-24 -0.79245001E-38
  0.17300000E+02  0.17463958E-24 -0.78325449E-38
  0.17400000E+02  0.17252854E-24 -0.77421753E-38
  0.17500000E+02  0.17045281E-24 -0.76533553E-38
  0.17600000E+02  0.16841168E-24 -0.75660498E-38
  0.17700000E+02  0.16640444E-24 -0.74802246E-38
  0.17800000E+02  0.16443040E-24 -0.73958468E-38
  0.17900000E+02  0.16248890E-24 -0.73128840E-38
  0.18000000E+02  0.16057927E-24 -0.72313049E-38
  0.18100000E+02  0.15870087E-24 -0.71510791E-38
  0.18200000E+02  0.15685308E-24 -0.70721770E-38
  0.18300000E+02  0.15503529E-24 -0.69945696E-38
  0.18400000E+02  0.15324689E-24 -0.69182290E-38
  0.18500000E+02  0.15148730E-24 -0.68431279E-38
  0.18600000E+02  0.14975596E-24 -0.67692396E-38
  0.18700000E+02  0.14805229E-24 -0.66965383E-38
  0.18800000E+02  0.14637577E-24 -0.66249988E-38
  0.18900000E+02  0.14472584E-24 -0.65545966E-38
  0.19000000E+02  0.14310200E-24 -0.64853078E-38
  0.19100000E+02  0.14150373E-24 -0.64171091E-38
  0.19200000E+02  0.13993054E-24 -0.63499779E-38
  0.19300000E+02  0.13838193E-24 -0.62838921E-38
  0.19400000E+02  0.13685743E-24 -0.62188302E-38
  0.19500000E+02  0.13535658E-24 -0.61547712E-38
  0.19600000E+02  0.13387892E-24 -0.60916946E-38
  0.19700000E+02  0.13242401E-24 -0.60295807E-38
  0.19800000E+02  0.13099141E-24 -0.59684098E-38
  0.19900000E+02  0.12958070E-24 -0.59081632E-38
  0.20000000E+02  0.12819145E-24 -0.58488224E-38
  0.20100000E+02  0.12682327E-24 -0.57903693E-38
  0.20200000E+02  0.12547576E-24 -0.57327864E-38
  0.20300000E+02  0.12414852E-24 -0.56760565E-38
  0.20400000E+02  0.12284118E-24 -0.56201630E-38
  0.20500000E+02  0.12155336E-24 -0.55650895E-38
  0.20600000E+02  0.12028470E-24 -0.55108201E-38
  0.20700000E+02  0.11903485E-24 -0.54573394E-38
  0.20800000E+02  0.11780345E-24 -0.54046320E-38
  0.20900000E+02  0.11659016E-24 -0.53526833E-38
  0.21000000E+02  0.11539466E-24 -0.53014788E-38
  0.21100000E+02  0.11421661E-24 -0.52510044E-38
  0.21200000E+02  0.11305569E-24 -0.52012463E-38
  0.21300000E+02  0.11191160E-24 -0.51521910E-38
  0.21400000E+02  0.11078402E-24 -0.51038255E-38
  0.21500000E+02  0.10967266E-24 -0.50561369E-38
  0.21600000E+02  0.10857723E-24 -0.50091125E-38
  0.21700000E+02  0.10749743E-24 -0.49627403E-38
  0.21800000E+02  0.10643298E-24 -0.49170082E-38
  0.21900000E+02  0.10538362E-24 -0.48719046E-38
  0.22000000E+02  0.10434907E-24 -0.48274179E-38
  0.22100000E+02  0.10332907E-24 -0.47835371E-38
  0.22200000E+02  0.10232336E-24 -0.47402511E-38
  0.22300000E+02  0.10133169E-24 -0.46975494E-38
  0.22400000E+02  0.10035381E-24 -0.46554214E-38
  0.22500000E+02  0.99389477E-25 -0.46138571E-38
  0.22600000E+02  0.98438457E-25 -0.45728463E-38
  0.22700000E+02  0.97500516E-25 -0.45323793E-38
  0.22800000E+02  0.96575428E-25 -0.44924466E-38
  0.22900000E+02  0.95662968E-25 -0.44530388E-38
  0.23000000E+02  0.94762920E-25 -0.44141468E-38
  0.23100000E+02  0.93875068E-25 -0.43757616E-38
  0.23200000E+02  0.92999204E-25 -0.43378745E-38
  0.23300000E+02  0.92135122E-25 -0.43004770E-38
  0.23400000E+02  0.91282622E-25 -0.42635606E-38
  0.23500000E+02  0.90441506E-25 -0.42271171E-38
  0.23600000E+02  0.89611582E-25 -0.41911385E-38
  0.23700000E+02  0.88792660E-25 -0.41556170E-38
  0.23800000E+02  0.87984554E-25 -0.41205449E-38
  0.23900000E+02  0.87187084E-25 -0.40859146E-38
  0.24000000E+02  0.86400071E-25 -0.40517188E-38
  0.24100000E+02  0.85623340E-25 -0.40179501E-38
  0.24200000E+02  0.84856721E-25 -0.39846017E-38
  0.24300000E+02  0.84100047E-25 -0.39516664E-38
  0.24400000E+02  0.83353151E-25 -0.39191376E-38
  0.24500000E+02  0.82615875E-25 -0.38870086E-38
  0.24600000E+02  0.81888058E-25 -0.38552728E-38
  0.24700000E+02  0.81169548E-25 -0.38239240E-38
  0.24800000E+02  0.80460191E-25 -0.37929558E-38
  0.24900000E+02  0.79759838E-25 -0.37623621E-38
  0.25000000E+02  0.79068345E-25 -0.37321368E-38
  0.25100000E+02  0.78385567E-25 -0.37022743E-38
  0.25200000E+02  0.77711364E-25 -0.36727685E-38
  0.25300000E+02  0.77045599E-25 -0.36436140E-38
  0.25400000E+02  0.76388135E-25 -0.36148051E-38
  0.25500000E+02  0.75738842E-25 -0.35863364E-38
  0.25600000E+02  0.75097588E-25 -0.35582026E-38
  0.25700000E+02  0.74464246E-25 -0.35303985E-38
  0.25800000E+02  0.73838692E-25 -0.35029189E-38
  0.25900000E+02  0.73220801E-25 -0.34757588E-38
  0.26000000E+02  0.72610455E-25 -0.34489133E-38
  0.26100000E+02  0.72007534E-25 -0.34223776E-38
  0.26200000E+02  0.71411923E-25 -0.33961469E-38
  0.26300000E+02  0.70823508E-25 -0.33702165E-38
  0.26400000E+02  0.70242177E-25 -0.33445819E-38
  0.26500000E+02  0.69667820E-25 -0.33192387E-38
  0.26600000E+02  0.69100331E-25 -0.32941824E-38
  0.26700000E+02  0.68539603E-25 -0.32694087E-38
  0.26800000E+02  0.67985533E-25 -0.32449133E-38
  0.26900000E+02  0.67438019E-25 -0.32206923E-38
  0.27000000E+02  0.66896961E-25 -0.31967413E-38
  0.27100000E+02  0.66362262E-25 -0.31730566E-38
  0.27200000E+02  0.65833825E-25 -0.31496341E-38
  0.27300000E+02  0.65311555E-25 -0.31264699E-38
  0.27400000E+02  0.64795359E-25 -0.31035604E-38
  0.27500000E+02  0.64285148E-25 -0.30809017E-38
  0.27600000E+02  0.63780830E-25 -0.30584903E-38
  0.27700000E+02  0.63282319E-25 -0.30363226E-38
  0.27800000E+02  0.62789528E-25 -0.30143950E-38
  0.27900000E+02  0.62302372E-25 -0.29927041E-38
  0.28000000E+02  0.61820768E-25 -0.29712464E-38
  0.28100000E+02  0.61344634E-25 -0.29500188E-38
  0.28200000E+02  0.60873890E-25 -0.29290178E-38
  0.28300000E+02  0.60408457E-25 -0.29082404E-38
  0.28400000E+02  0.59948258E-25 -0.28876832E-38
  0.28500000E+02  0.59493216E-25 -0.28673433E-38
  0.28600000E+02  0.59043257E-25 -0.28472176E-38
  0.28700000E+02  0.58598308E-25 -0.28273030E-38
  0.28800000E+02  0.58158295E-25 -0.28075967E-38
  0.28900000E+02  0.57723148E-25 -0.27880957E-38
  0.29000000E+02  0.57292798E-25 -0.27687972E-38
  0.29100000E+02  0.56867175E-25 -0.27496984E-38
  0.29200000E+02  0.56446213E-25 -0.27307966E-38
  0.29300000E+02  0.56029845E-25 -0.27120891E-38
  0.29400000E+02  0.55618007E-25 -0.26935732E-38
  0.29500000E+02  0.55210634E-25 -0.26752463E-38
  0.29600000E+02  0.54807663E-25 -0.26571059E-38
  0.29700000E+02  0.54409034E-25 -0.26391494E-38
  0.29800000E+02  0.54014684E-25 -0.26213743E-38
  0.29900000E+02  0.53624555E-25 -0.26037783E-38
  0.30000000E+02  0.53238588E-25 -0.25863589E-38
  0.30100000E+02  0.52856724E-25 -0.25691138E-38
  0.30200000E+02  0.52478908E-25 -0.25520406E-38
  0.30300000E+02  0.52105084E-25 -0.25351371E-38
  0.30400000E+02  0.51735196E-25 -0.25184010E-38
  0.30500000E+02  0.51369191E-25 -0.25018301E-38
  0.30600000E+02  0.51007016E-25 -0.24854224E-38
  0.30700000E+02  0.50648618E-25 -0.24691755E-38
  0.30800000E+02  0.50293947E-25 -0.24530875E-38
  0.30900000E+02  0.49942951E-25 -0.24371563E-38
  0.31000000E+02  0.49595582E-25 -0.24213798E-38
  0.31100000E+02  0.49251790E-25 -0.24057561E-38
  0.31200000E+02  0.48911528E-25 -0.23902831E-38
  0.31300000E+02  0.48574748E-25 -0.23749590E-38
  0.31400000E+02  0.48241404E-25 -0.23597819E-38
  0.31500000E+02  0.47911449E-25 -0.23447498E-38
  0.31600000E+02  0.47584840E-25 -0.23298609E-38
  0.31700000E+02  0.47261532E-25 -0.23151135E-38
  0.31800000E+02  0.46941481E-25 -0.23005057E-38
  0.31900000E+02  0.46624644E-25 -0.22860358E-38
  0.32000000E+02  0.46310980E-25 -0.22717020E-38
  0.32100000E+02  0.46000447E-25 -0.22575027E-38
  0.32200000E+02  0.45693004E-25 -0.22434361E-38
  0.32300000E+02  0.45388610E-25 -0.22295007E-38
  0.32400000E+02  0.45087227E-25 -0.22156948E-38
  0.32500000E+02  0.44788816E-25 -0.22020167E-38
  0.32600000E+02  0.44493338E-25 -0.21884650E-38
  0.32700000E+02  0.44200755E-25 -0.21750380E-38
  0.32800000E+02  0.43911030E-25 -0.21617343E-38
  0.32900000E+02  0.43624128E-25 -0.21485524E-38
  0.33000000E+02  0.43340011E-25 -0.21354907E-38
  0.33100000E+02  0.43058644E-25 -0.21225478E-38
  0.33200000E+02  0.42779994E-25 -0.21097222E-38
  0.33300000E+02  0.42504025E-25 -0.20970127E-38
  0.33400000E+02  0.42230703E-25 -0.20844176E-38
  0.33500000E+02  0.41959995E-25 -0.20719358E-38
  0.33600000E+02  0.41691869E-25 -0.20595658E-38
  0.33700000E+02  0.41426293E-25 -0.20473063E-38
  0.33800000E+02  0.41163234E-25 -0.20351560E-38
  0.33900000E+02  0.40902661E-25 -0.20231136E-38
  0.34000000E+02  0.40644544E-25 -0.20111778E-38
  0.34100000E+02  0.40388851E-25 -0.19993473E-38
  0.34200000E+02  0.40135554E-25 -0.19876210E-38
  0.34300000E+02  0.39884623E-25 -0.19759977E-38
  0.34400000E+02  0.39636029E-25 -0.19644760E-38
  0.34500000E+02  0.39389743E-25 -0.19530549E-38
  0.34600000E+02  0.39145737E-25 -0.19417331E-38
  0.34700000E+02  0.38903984E-25 -0.19305095E-38
  0.34800000E+02  0.38664456E-25 -0.19193830E-38
  0.34900000E+02  0.38427126E-25 -0.19083525E-38
  0.35000000E+02  0.38191967E-25 -0.18974169E-38
  0.35100000E+02  0.37958955E-25 -0.18865750E-38
  0.35200000E+02  0.37728062E-25 -0.18758258E-38
  0.35300000E+02  0.37499264E-25 -0.18651683E-38
  0.35400000E+02  0.37272536E-25 -0.18546014E-38
  0.35500000E+02  0.37047853E-25 -0.18441242E-38
  0.35600000E+02  0.36825191E-25 -0.18337354E-38
  0.35700000E+02  0.36604525E-25 -0.18234343E-38
  0.35800000E+02  0.36385833E-25 -0.18132198E-38
  0.35900000E+02  0.36169091E-25 -0.18030909E-38
  0.36000000E+02  0.35954277E-25 -0.17930467E-38
  0.36100000E+02  0.35741367E-25 -0.17830863E-38
  0.36200000E+02  0.35530339E-25 -0.17732086E-38
  0.36300000E+02  0.35321173E-25 -0.17634129E-38
  0.36400000E+02  0.35113845E-25 -0.17536981E-38
  0.36500000E+02  0.34908335E-25 -0.17440634E-38
  0.36600000E+02  0.34704622E-25 -0.17345080E-38
  0.36700000E+02  0.34502685E-25 -0.17250309E-38
  0.36800000E+02  0.34302503E-25 -0.17156314E-38
  0.36900000E+02  0.34104058E-25 -0.17063085E-38
  0.37000000E+02  0.33907328E-25 -0.16970614E-38
  0.37100000E+02  0.33712294E-25 -0.16878893E-38
  0.37200000E+02  0.33518937E-25 -0.16787915E-38
  0.37300000E+02  0.33327238E-25 -0.16697670E-38
  0.37400000E+02  0.33137179E-25 -0.16608151E-38
  0.37500000E+02  0.32948740E-25 -0.16519351E-38
  0.37600000E+02  0.32761903E-25 -0.16431262E-38
  0.37700000E+02  0.32576652E-25 -0.16343876E-38
  0.37800000E+02  0.32392967E-25 -0.16257185E-38
  0.37900000E+02  0.32210831E-25 -0.16171183E-38
  0.38000000E+02  0.32030227E-25 -0.16085861E-38
  0.38100000E+02  0.31851139E-25 -0.16001214E-38
  0.38200000E+02  0.31673549E-25 -0.15917233E-38
  0.38300000E+02  0.31497441E-25 -0.15833913E-38
  0.38400000E+02  0.31322798E-25 -0.15751245E-38
  0.38500000E+02  0.31149605E-25 -0.15669223E-38
  0.38600000E+02  0.30977845E-25 -0.15587840E-38
  0.38700000E+02  0.30807503E-25 -0.15507091E-38
  0.38800000E+02  0.30638564E-25 -0.15426967E-38
  0.38900000E+02  0.30471011E-25 -0.15347464E-38
  0.39000000E+02  0.30304831E-25 -0.15268573E-38
  0.39100000E+02  0.30140008E-25 -0.15190290E-38
  0.39200000E+02  0.29976528E-25 -0.15112608E-38
  0.39300000E+02  0.29814376E-25 -0.15035520E-38
  0.39400000E+02  0.29653537E-25 -0.14959021E-38
  0.39500000E+02  0.29493999E-25 -0.14883105E-38
  0.39600000E+02  0.29335747E-25 -0.14807765E-38
  0.39700000E+02  0.29178766E-25 -0.14732997E-38
  0.39800000E+02  0.29023045E-25 -0.14658793E-38
  0.39900000E+02  0.28868569E-25 -0.14585150E-38
  0.40000000E+02  0.28715325E-25 -0.14512060E-38
