  0.00000000E+00 -0.17267640E-19  0.17077445E-34
  0.10000000E+00 -0.11829419E-19  0.10034568E-34
  0.20000000E+00 -0.62831264E-20  0.68202313E-35
  0.30000000E+00 -0.31920820E-20  0.51239547E-35
  0.40000000E+00 -0.14996799E-20  0.39580758E-35
  0.50000000E+00 -0.54567138E-21  0.31201959E-35
  0.60000000E+00  0.70525440E-23  0.24917125E-35
  0.70000000E+00  0.33232019E-21  0.20147966E-35
  0.80000000E+00  0.52349333E-21  0.16542309E-35
  0.90000000E+00  0.63299636E-21  0.13747157E-35
  0.10000000E+01  0.69150019E-21  0.11634212E-35
  0.11000000E+01  0.71760148E-21  0.99088717E-36
  0.12000000E+01  0.72292125E-21  0.85429030E-36
  0.13000000E+01  0.71490449E-21  0.74208709E-36
  0.14000000E+01  0.69841716E-21  0.65188626E-36
  0.15000000E+01  0.67668896E-21  0.57465918E-36
  0.16000000E+01  0.65188719E-21  0.51221090E-36
  0.17000000E+01  0.62547575E-21  0.45808661E-36
  0.18000000E+01  0.59844501E-21  0.41242304E-36
  0.19000000E+01  0.57146234E-21  0.37304514E-36
  0.20000000E+01  0.54497234E-21  0.33939841E-36
  0.21000000E+01  0.51926482E-21  0.31009604E-36
  0.22000000E+01  0.49452142E-21  0.28451544E-36
  0.23000000E+01  0.47084806E-21  0.26175983E-36
  0.24000000E+01  0.44829770E-21  0.24155604E-36
  0.25000000E+01  0.42688645E-21  0.22391557E-36
  0.26000000E+01  0.40660507E-21  0.20812514E-36
  0.27000000E+01  0.38742711E-21  0.19337662E-36
  0.28000000E+01  0.36931484E-21  0.18094085E-36
  0.29000000E+01  0.35222346E-21  0.16924878E-36
  0.30000000E+01  0.33610413E-21  0.15926476E-36
  0.31000000E+01  0.32090606E-21  0.14920689E-36
  0.32000000E+01  0.30657812E-21  0.14051775E-36
  0.33000000E+01  0.29306981E-21  0.13256453E-36
  0.34000000E+01  0.28033204E-21  0.12536105E-36
  0.35000000E+01  0.26831755E-21  0.11880683E-36
  0.36000000E+01  0.25698126E-21  0.11246143E-36
  0.37000000E+01  0.24628039E-21  0.10670527E-36
  0.38000000E+01  0.23617457E-21  0.10143930E-36
  0.39000000E+01  0.22662580E-21  0.96568055E-37
  0.40000000E+01  0.21759844E-21  0.92000873E-37
  0.41000000E+01  0.20905915E-21  0.87685054E-37
  0.42000000E+01  0.20097675E-21  0.83602766E-37
  0.43000000E+01  0.19332216E-21  0.80136740E-37
  0.44000000E+01  0.18606826E-21  0.76482025E-37
  0.45000000E+01  0.17918979E-21  0.73334515E-37
  0.46000000E+01  0.17266322E-21  0.70227013E-37
  0.47000000E+01  0.16646665E-21  0.67503898E-37
  0.48000000E+01  0.16057969E-21  0.64564477E-37
  0.49000000E+01  0.15498337E-21  0.62108080E-37
  0.50000000E+01  0.14966002E-21  0.59765563E-37
  0.51000000E+01  0.14459319E-21  0.57353345E-37
  0.52000000E+01  0.13976756E-21  0.55245782E-37
  0.53000000E+01  0.13516888E-21  0.53382564E-37
  0.54000000E+01  0.13078382E-21  0.51371908E-37
  0.55000000E+01  0.12660001E-21  0.49501896E-37
  0.56000000E+01  0.12260588E-21  0.47879319E-37
  0.57000000E+01  0.11879063E-21  0.46179566E-37
  0.58000000E+01  0.11514420E-21  0.44549709E-37
  0.59000000E+01  0.11165717E-21  0.43172673E-37
  0.60000000E+01  0.10832075E-21  0.41621083E-37
  0.61000000E+01  0.10512671E-21  0.40436535E-37
  0.62000000E+01  0.10206737E-21  0.39001563E-37
  0.63000000E+01  0.99135509E-22  0.37822397E-37
  0.64000000E+01  0.96324390E-22  0.36737482E-37
  0.65000000E+01  0.93627686E-22  0.35600349E-37
  0.66000000E+01  0.91039467E-22  0.34488858E-37
  0.67000000E+01  0.88554168E-22  0.33505363E-37
  0.68000000E+01  0.86166564E-22  0.32559270E-37
  0.69000000E+01  0.83871748E-22  0.31578589E-37
  0.70000000E+01  0.81665105E-22  0.30685324E-37
  0.71000000E+01  0.79542296E-22  0.29813120E-37
  0.72000000E+01  0.77499239E-22  0.28931120E-37
  0.73000000E+01  0.75532087E-22  0.28194999E-37
  0.74000000E+01  0.73637220E-22  0.27439955E-37
  0.75000000E+01  0.71811221E-22  0.26696166E-37
  0.76000000E+01  0.70050871E-22  0.25979241E-37
  0.77000000E+01  0.68353131E-22  0.25337342E-37
  0.78000000E+01  0.66715130E-22  0.24613314E-37
  0.79000000E+01  0.65134158E-22  0.24056055E-37
  0.80000000E+01  0.63607653E-22  0.23402412E-37
  0.81000000E+01  0.62133191E-22  0.22877495E-37
  0.82000000E+01  0.60708479E-22  0.22269113E-37
  0.83000000E+01  0.59331347E-22  0.21735402E-37
  0.84000000E+01  0.57999738E-22  0.21203300E-37
  0.85000000E+01  0.56711705E-22  0.20692134E-37
  0.86000000E+01  0.55465400E-22  0.20175906E-37
  0.87000000E+01  0.54259070E-22  0.19724613E-37
  0.88000000E+01  0.53091054E-22  0.19220245E-37
  0.89000000E+01  0.51959771E-22  0.18776022E-37
  0.90000000E+01  0.50863723E-22  0.18334781E-37
  0.91000000E+01  0.49801484E-22  0.17928450E-37
  0.92000000E+01  0.48771699E-22  0.17563124E-37
  0.93000000E+01  0.47773079E-22  0.17145193E-37
  0.94000000E+01  0.46804397E-22  0.16742855E-37
  0.95000000E+01  0.45864485E-22  0.16429753E-37
  0.96000000E+01  0.44952232E-22  0.16078663E-37
  0.97000000E+01  0.44066577E-22  0.15723010E-37
  0.98000000E+01  0.43206510E-22  0.15416721E-37
  0.99000000E+01  0.42371067E-22  0.15062666E-37
  0.10000000E+02  0.41559330E-22  0.14771612E-37
  0.10100000E+02  0.40770421E-22  0.14472667E-37
  0.10200000E+02  0.40003503E-22  0.14173114E-37
  0.10300000E+02  0.39257776E-22  0.13891891E-37
  0.10400000E+02  0.38532474E-22  0.13630934E-37
  0.10500000E+02  0.37826869E-22  0.13317861E-37
  0.10600000E+02  0.37140260E-22  0.13078029E-37
  0.10700000E+02  0.36471980E-22  0.12809520E-37
  0.10800000E+02  0.35821389E-22  0.12598783E-37
  0.10900000E+02  0.35187875E-22  0.12359645E-37
  0.11000000E+02  0.34570851E-22  0.12094653E-37
  0.11100000E+02  0.33969757E-22  0.11908529E-37
  0.11200000E+02  0.33384054E-22  0.11641651E-37
  0.11300000E+02  0.32813226E-22  0.11413386E-37
  0.11400000E+02  0.32256778E-22  0.11243336E-37
  0.11500000E+02  0.31714236E-22  0.11019709E-37
  0.11600000E+02  0.31185146E-22  0.10841062E-37
  0.11700000E+02  0.30669069E-22  0.10618032E-37
  0.11800000E+02  0.30165587E-22  0.10464499E-37
  0.11900000E+02  0.29674296E-22  0.10275534E-37
  0.12000000E+02  0.29194810E-22  0.10076911E-37
  0.12100000E+02  0.28726756E-22  0.99070619E-38
  0.12200000E+02  0.28269778E-22  0.97585122E-38
  0.12300000E+02  0.27823531E-22  0.95680051E-38
  0.12400000E+02  0.27387684E-22  0.94127440E-38
  0.12500000E+02  0.26961920E-22  0.92684967E-38
  0.12600000E+02  0.26545932E-22  0.90924096E-38
  0.12700000E+02  0.26139425E-22  0.89268354E-38
  0.12800000E+02  0.25742117E-22  0.88172883E-38
  0.12900000E+02  0.25353733E-22  0.86637822E-38
  0.13000000E+02  0.24974009E-22  0.85271426E-38
  0.13100000E+02  0.24602694E-22  0.83837308E-38
  0.13200000E+02  0.24239540E-22  0.82557222E-38
  0.13300000E+02  0.23884314E-22  0.81294779E-38
  0.13400000E+02  0.23536787E-22  0.79958620E-38
  0.13500000E+02  0.23196740E-22  0.78829395E-38
  0.13600000E+02  0.22863962E-22  0.77577442E-38
  0.13700000E+02  0.22538247E-22  0.76439123E-38
  0.13800000E+02  0.22219399E-22  0.75244086E-38
  0.13900000E+02  0.21907228E-22  0.73976993E-38
  0.14000000E+02  0.21601549E-22  0.72873343E-38
  0.14100000E+02  0.21302184E-22  0.71593405E-38
  0.14200000E+02  0.21008963E-22  0.70635699E-38
  0.14300000E+02  0.20721719E-22  0.69593165E-38
  0.14400000E+02  0.20440291E-22  0.68714100E-38
  0.14500000E+02  0.20164525E-22  0.67689987E-38
  0.14600000E+02  0.19894271E-22  0.66551912E-38
  0.14700000E+02  0.19629383E-22  0.65683854E-38
  0.14800000E+02  0.19369722E-22  0.64799736E-38
  0.14900000E+02  0.19115151E-22  0.63666317E-38
  0.15000000E+02  0.18865538E-22  0.62879649E-38
  0.15100000E+02  0.18620758E-22  0.62079134E-38
  0.15200000E+02  0.18380686E-22  0.61298519E-38
  0.15300000E+02  0.18145202E-22  0.60394967E-38
  0.15400000E+02  0.17914193E-22  0.59622551E-38
  0.15500000E+02  0.17687545E-22  0.58749408E-38
  0.15600000E+02  0.17465149E-22  0.57801487E-38
  0.15700000E+02  0.17246901E-22  0.57156182E-38
  0.15800000E+02  0.17032699E-22  0.56486510E-38
  0.15900000E+02  0.16822444E-22  0.55756485E-38
  0.16000000E+02  0.16616039E-22  0.54879099E-38
  0.16100000E+02  0.16413393E-22  0.54283807E-38
  0.16200000E+02  0.16214414E-22  0.53388181E-38
  0.16300000E+02  0.16019014E-22  0.52824620E-38
  0.16400000E+02  0.15827110E-22  0.52118998E-38
  0.16500000E+02  0.15638619E-22  0.51560467E-38
  0.16600000E+02  0.15453460E-22  0.50700237E-38
  0.16700000E+02  0.15271556E-22  0.50133607E-38
  0.16800000E+02  0.15092830E-22  0.49424526E-38
  0.16900000E+02  0.14917211E-22  0.48813474E-38
  0.17000000E+02  0.14744626E-22  0.48265715E-38
  0.17100000E+02  0.14575007E-22  0.47646145E-38
  0.17200000E+02  0.14408286E-22  0.47245818E-38
  0.17300000E+02  0.14244398E-22  0.46540952E-38
  0.17400000E+02  0.14083279E-22  0.45946165E-38
  0.17500000E+02  0.13924867E-22  0.45385338E-38
  0.17600000E+02  0.13769102E-22  0.44838602E-38
  0.17700000E+02  0.13615927E-22  0.44448785E-38
  0.17800000E+02  0.13465283E-22  0.43792937E-38
  0.17900000E+02  0.13317116E-22  0.43282754E-38
  0.18000000E+02  0.13171372E-22  0.42838736E-38
  0.18100000E+02  0.13027999E-22  0.42226439E-38
  0.18200000E+02  0.12886946E-22  0.41770955E-38
  0.18300000E+02  0.12748162E-22  0.41196711E-38
  0.18400000E+02  0.12611600E-22  0.40691848E-38
  0.18500000E+02  0.12477214E-22  0.40378671E-38
  0.18600000E+02  0.12344956E-22  0.39946683E-38
  0.18700000E+02  0.12214782E-22  0.39405478E-38
  0.18800000E+02  0.12086650E-22  0.39130089E-38
  0.18900000E+02  0.11960516E-22  0.38655758E-38
  0.19000000E+02  0.11836340E-22  0.38163981E-38
  0.19100000E+02  0.11714081E-22  0.37796460E-38
  0.19200000E+02  0.11593700E-22  0.37382184E-38
  0.19300000E+02  0.11475160E-22  0.36953051E-38
  0.19400000E+02  0.11358422E-22  0.36512973E-38
  0.19500000E+02  0.11243451E-22  0.36118851E-38
  0.19600000E+02  0.11130211E-22  0.35690837E-38
  0.19700000E+02  0.11018668E-22  0.35369479E-38
  0.19800000E+02  0.10908788E-22  0.35020035E-38
  0.19900000E+02  0.10800538E-22  0.34572129E-38
  0.20000000E+02  0.10693887E-22  0.34193720E-38
  0.20100000E+02  0.10588803E-22  0.33889074E-38
  0.20200000E+02  0.10485255E-22  0.33395837E-38
  0.20300000E+02  0.10383215E-22  0.33198816E-38
  0.20400000E+02  0.10282652E-22  0.32809651E-38
  0.20500000E+02  0.10183539E-22  0.32479758E-38
  0.20600000E+02  0.10085848E-22  0.32191897E-38
  0.20700000E+02  0.99895519E-23  0.31823571E-38
  0.20800000E+02  0.98946244E-23  0.31469278E-38
  0.20900000E+02  0.98010398E-23  0.31230023E-38
  0.21000000E+02  0.97087729E-23  0.30915709E-38
  0.21100000E+02  0.96177992E-23  0.30585748E-38
  0.21200000E+02  0.95280946E-23  0.30326232E-38
  0.21300000E+02  0.94396358E-23  0.29878656E-38
  0.21400000E+02  0.93523998E-23  0.29747180E-38
  0.21500000E+02  0.92663644E-23  0.29394690E-38
  0.21600000E+02  0.91815075E-23  0.29148078E-38
  0.21700000E+02  0.90978078E-23  0.28704186E-38
  0.21800000E+02  0.90152445E-23  0.28598927E-38
  0.21900000E+02  0.89337970E-23  0.28309816E-38
  0.22000000E+02  0.88534456E-23  0.27952356E-38
  0.22100000E+02  0.87741705E-23  0.27674371E-38
  0.22200000E+02  0.86959527E-23  0.27501606E-38
  0.22300000E+02  0.86187736E-23  0.27191587E-38
  0.22400000E+02  0.85426149E-23  0.26953092E-38
  0.22500000E+02  0.84674587E-23  0.26624575E-38
  0.22600000E+02  0.83932876E-23  0.26405287E-38
  0.22700000E+02  0.83200844E-23  0.26299195E-38
  0.22800000E+02  0.82478324E-23  0.25951036E-38
  0.22900000E+02  0.81765153E-23  0.25725523E-38
  0.23000000E+02  0.81061169E-23  0.25464391E-38
  0.23100000E+02  0.80366218E-23  0.25230035E-38
  0.23200000E+02  0.79680144E-23  0.25050644E-38
  0.23300000E+02  0.79002798E-23  0.24810874E-38
  0.23400000E+02  0.78334032E-23  0.24562969E-38
  0.23500000E+02  0.77673703E-23  0.24301120E-38
  0.23600000E+02  0.77021670E-23  0.24090353E-38
  0.23700000E+02  0.76377795E-23  0.23903189E-38
  0.23800000E+02  0.75741941E-23  0.23767546E-38
  0.23900000E+02  0.75113978E-23  0.23547481E-38
  0.24000000E+02  0.74493775E-23  0.23298141E-38
  0.24100000E+02  0.73881205E-23  0.23001731E-38
  0.24200000E+02  0.73276143E-23  0.22924633E-38
  0.24300000E+02  0.72678468E-23  0.22704508E-38
  0.24400000E+02  0.72088061E-23  0.22457317E-38
  0.24500000E+02  0.71504803E-23  0.22282795E-38
  0.24600000E+02  0.70928581E-23  0.22149611E-38
  0.24700000E+02  0.70359282E-23  0.21916695E-38
  0.24800000E+02  0.69796795E-23  0.21778463E-38
  0.24900000E+02  0.69241013E-23  0.21582033E-38
  0.25000000E+02  0.68691830E-23  0.21362209E-38
  0.25100000E+02  0.68149141E-23  0.21263493E-38
  0.25200000E+02  0.67612845E-23  0.21051524E-38
  0.25300000E+02  0.67082843E-23  0.20887599E-38
  0.25400000E+02  0.66559036E-23  0.20650518E-38
  0.25500000E+02  0.66041328E-23  0.20509446E-38
  0.25600000E+02  0.65529625E-23  0.20325913E-38
  0.25700000E+02  0.65023835E-23  0.20151432E-38
  0.25800000E+02  0.64523867E-23  0.19981309E-38
  0.25900000E+02  0.64029632E-23  0.19822909E-38
  0.26000000E+02  0.63541044E-23  0.19706512E-38
  0.26100000E+02  0.63058016E-23  0.19564176E-38
  0.26200000E+02  0.62580466E-23  0.19374958E-38
  0.26300000E+02  0.62108309E-23  0.19272691E-38
  0.26400000E+02  0.61641466E-23  0.19052793E-38
  0.26500000E+02  0.61179858E-23  0.18993576E-38
  0.26600000E+02  0.60723406E-23  0.18785300E-38
  0.26700000E+02  0.60272034E-23  0.18650523E-38
  0.26800000E+02  0.59825667E-23  0.18423733E-38
  0.26900000E+02  0.59384232E-23  0.18342513E-38
  0.27000000E+02  0.58947656E-23  0.18184735E-38
  0.27100000E+02  0.58515869E-23  0.18109563E-38
  0.27200000E+02  0.58088800E-23  0.17932167E-38
  0.27300000E+02  0.57666381E-23  0.17813762E-38
  0.27400000E+02  0.57248546E-23  0.17657612E-38
  0.27500000E+02  0.56835227E-23  0.17477256E-38
  0.27600000E+02  0.56426362E-23  0.17444975E-38
  0.27700000E+02  0.56021885E-23  0.17327604E-38
  0.27800000E+02  0.55621734E-23  0.17088268E-38
  0.27900000E+02  0.55225848E-23  0.16976103E-38
  0.28000000E+02  0.54834167E-23  0.16876565E-38
  0.28100000E+02  0.54446631E-23  0.16706289E-38
  0.28200000E+02  0.54063183E-23  0.16667322E-38
  0.28300000E+02  0.53683764E-23  0.16465808E-38
  0.28400000E+02  0.53308320E-23  0.16354240E-38
  0.28500000E+02  0.52936793E-23  0.16257466E-38
  0.28600000E+02  0.52569132E-23  0.16120769E-38
  0.28700000E+02  0.52205281E-23  0.16033019E-38
  0.28800000E+02  0.51845189E-23  0.15917523E-38
  0.28900000E+02  0.51488804E-23  0.15801762E-38
  0.29000000E+02  0.51136075E-23  0.15702681E-38
  0.29100000E+02  0.50786953E-23  0.15593788E-38
  0.29200000E+02  0.50441389E-23  0.15488214E-38
  0.29300000E+02  0.50099335E-23  0.15392998E-38
  0.29400000E+02  0.49760743E-23  0.15216092E-38
  0.29500000E+02  0.49425566E-23  0.15129612E-38
  0.29600000E+02  0.49093760E-23  0.15009230E-38
  0.29700000E+02  0.48765279E-23  0.14921946E-38
  0.29800000E+02  0.48440079E-23  0.14825479E-38
  0.29900000E+02  0.48118117E-23  0.14693906E-38
  0.30000000E+02  0.47799349E-23  0.14616896E-38
  0.30100000E+02  0.47483733E-23  0.14503295E-38
  0.30200000E+02  0.47171229E-23  0.14423822E-38
  0.30300000E+02  0.46861796E-23  0.14340509E-38
  0.30400000E+02  0.46555393E-23  0.14185195E-38
  0.30500000E+02  0.46251981E-23  0.14100571E-38
  0.30600000E+02  0.45951521E-23  0.14024288E-38
  0.30700000E+02  0.45653976E-23  0.13919911E-38
  0.30800000E+02  0.45359307E-23  0.13812400E-38
  0.30900000E+02  0.45067478E-23  0.13761960E-38
  0.31000000E+02  0.44778453E-23  0.13641050E-38
  0.31100000E+02  0.44492195E-23  0.13551826E-38
  0.31200000E+02  0.44208670E-23  0.13480674E-38
  0.31300000E+02  0.43927843E-23  0.13383332E-38
  0.31400000E+02  0.43649679E-23  0.13310275E-38
  0.31500000E+02  0.43374146E-23  0.13176301E-38
  0.31600000E+02  0.43101210E-23  0.13120184E-38
  0.31700000E+02  0.42830839E-23  0.13055965E-38
  0.31800000E+02  0.42563001E-23  0.12949253E-38
  0.31900000E+02  0.42297664E-23  0.12887729E-38
  0.32000000E+02  0.42034797E-23  0.12782994E-38
  0.32100000E+02  0.41774370E-23  0.12701130E-38
  0.32200000E+02  0.41516353E-23  0.12598871E-38
  0.32300000E+02  0.41260715E-23  0.12522688E-38
  0.32400000E+02  0.41007429E-23  0.12422868E-38
  0.32500000E+02  0.40756465E-23  0.12362388E-38
  0.32600000E+02  0.40507795E-23  0.12299733E-38
  0.32700000E+02  0.40261391E-23  0.12218753E-38
  0.32800000E+02  0.40017226E-23  0.12088502E-38
  0.32900000E+02  0.39775272E-23  0.12068635E-38
  0.33000000E+02  0.39535503E-23  0.11973750E-38
  0.33100000E+02  0.39297894E-23  0.11894832E-38
  0.33200000E+02  0.39062417E-23  0.11864679E-38
  0.33300000E+02  0.38829048E-23  0.11769353E-38
  0.33400000E+02  0.38597762E-23  0.11702216E-38
  0.33500000E+02  0.38368534E-23  0.11609985E-38
  0.33600000E+02  0.38141339E-23  0.11556771E-38
  0.33700000E+02  0.37916154E-23  0.11496328E-38
  0.33800000E+02  0.37692955E-23  0.11422730E-38
  0.33900000E+02  0.37471719E-23  0.11328836E-38
  0.34000000E+02  0.37252423E-23  0.11270516E-38
  0.34100000E+02  0.37035044E-23  0.11214347E-38
  0.34200000E+02  0.36819559E-23  0.11113733E-38
  0.34300000E+02  0.36605949E-23  0.11064526E-38
  0.34400000E+02  0.36394189E-23  0.11000589E-38
  0.34500000E+02  0.36184260E-23  0.10936000E-38
  0.34600000E+02  0.35976139E-23  0.10881029E-38
  0.34700000E+02  0.35769808E-23  0.10803451E-38
  0.34800000E+02  0.35565244E-23  0.10736571E-38
  0.34900000E+02  0.35362428E-23  0.10701985E-38
  0.35000000E+02  0.35161340E-23  0.10587095E-38
  0.35100000E+02  0.34961961E-23  0.10529816E-38
  0.35200000E+02  0.34764271E-23  0.10499419E-38
  0.35300000E+02  0.34568251E-23  0.10447861E-38
  0.35400000E+02  0.34373883E-23  0.10341269E-38
  0.35500000E+02  0.34181148E-23  0.10306235E-38
  0.35600000E+02  0.33990027E-23  0.10240707E-38
  0.35700000E+02  0.33800503E-23  0.10193864E-38
  0.35800000E+02  0.33612559E-23  0.10116707E-38
  0.35900000E+02  0.33426176E-23  0.10073883E-38
  0.36000000E+02  0.33241337E-23  0.10025713E-38
  0.36100000E+02  0.33058026E-23  0.99713321E-39
  0.36200000E+02  0.32876225E-23  0.99033454E-39
  0.36300000E+02  0.32695918E-23  0.98541930E-39
  0.36400000E+02  0.32517090E-23  0.97721479E-39
  0.36500000E+02  0.32339722E-23  0.97335047E-39
  0.36600000E+02  0.32163801E-23  0.96758107E-39
  0.36700000E+02  0.31989310E-23  0.96237249E-39
  0.36800000E+02  0.31816233E-23  0.95914121E-39
  0.36900000E+02  0.31644556E-23  0.95195611E-39
  0.37000000E+02  0.31474264E-23  0.94764947E-39
  0.37100000E+02  0.31305341E-23  0.93751007E-39
  0.37200000E+02  0.31137773E-23  0.93784732E-39
  0.37300000E+02  0.30971545E-23  0.93179223E-39
  0.37400000E+02  0.30806644E-23  0.92612387E-39
  0.37500000E+02  0.30643055E-23  0.92235781E-39
  0.37600000E+02  0.30480764E-23  0.91456427E-39
  0.37700000E+02  0.30319758E-23  0.91087068E-39
  0.37800000E+02  0.30160023E-23  0.90644969E-39
  0.37900000E+02  0.30001546E-23  0.90118035E-39
  0.38000000E+02  0.29844314E-23  0.89456368E-39
  0.38100000E+02  0.29688313E-23  0.88959686E-39
  0.38200000E+02  0.29533531E-23  0.88552116E-39
  0.38300000E+02  0.29379955E-23  0.88057602E-39
  0.38400000E+02  0.29227573E-23  0.87851423E-39
  0.38500000E+02  0.29076373E-23  0.87135861E-39
  0.38600000E+02  0.28926341E-23  0.86770414E-39
  0.38700000E+02  0.28777467E-23  0.86291721E-39
  0.38800000E+02  0.28629738E-23  0.85958313E-39
  0.38900000E+02  0.28483143E-23  0.85500037E-39
  0.39000000E+02  0.28337670E-23  0.85045774E-39
  0.39100000E+02  0.28193307E-23  0.84552419E-39
  0.39200000E+02  0.28050044E-23  0.84129804E-39
  0.39300000E+02  0.27907869E-23  0.83554128E-39
  0.39400000E+02  0.27766772E-23  0.82988547E-39
  0.39500000E+02  0.27626740E-23  0.82792245E-39
  0.39600000E+02  0.27487765E-23  0.82377365E-39
  0.39700000E+02  0.27349835E-23  0.81969822E-39
  0.39800000E+02  0.27212939E-23  0.81558820E-39
  0.39900000E+02  0.27077068E-23  0.81090419E-39
  0.40000000E+02  0.26942211E-23  0.80631042E-39
