  0.00000000E+00 -0.17267640E-19  0.17177018E-34
  0.10000000E+00 -0.11829419E-19  0.99888701E-35
  0.20000000E+00 -0.62831264E-20  0.68804046E-35
  0.30000000E+00 -0.31920820E-20  0.51322024E-35
  0.40000000E+00 -0.14996799E-20  0.39683758E-35
  0.50000000E+00 -0.54567138E-21  0.31262764E-35
  0.60000000E+00  0.70525440E-23  0.24901089E-35
  0.70000000E+00  0.33232019E-21  0.20139003E-35
  0.80000000E+00  0.52349333E-21  0.16563158E-35
  0.90000000E+00  0.63299636E-21  0.13774780E-35
  0.10000000E+01  0.69150019E-21  0.11642381E-35
  0.11000000E+01  0.71760148E-21  0.99145610E-36
  0.12000000E+01  0.72292125E-21  0.85402903E-36
  0.13000000E+01  0.71490449E-21  0.74208517E-36
  0.14000000E+01  0.69841716E-21  0.65217138E-36
  0.15000000E+01  0.67668896E-21  0.57463305E-36
  0.16000000E+01  0.65188719E-21  0.51127193E-36
  0.17000000E+01  0.62547575E-21  0.45764371E-36
  0.18000000E+01  0.59844501E-21  0.41312182E-36
  0.19000000E+01  0.57146234E-21  0.37383267E-36
  0.20000000E+01  0.54497234E-21  0.33948424E-36
  0.21000000E+01  0.51926482E-21  0.31004134E-36
  0.22000000E+01  0.49452142E-21  0.28461396E-36
  0.23000000E+01  0.47084806E-21  0.26182329E-36
  0.24000000E+01  0.44829770E-21  0.24179493E-36
  0.25000000E+01  0.42688645E-21  0.22375853E-36
  0.26000000E+01  0.40660507E-21  0.20802551E-36
  0.27000000E+01  0.38742711E-21  0.19374685E-36
  0.28000000E+01  0.36931484E-21  0.18083769E-36
  0.29000000E+01  0.35222346E-21  0.16939913E-36
  0.30000000E+01  0.33610413E-21  0.15872121E-36
  0.31000000E+01  0.32090606E-21  0.14912454E-36
  0.32000000E+01  0.30657812E-21  0.14043796E-36
  0.33000000E+01  0.29306981E-21  0.13249762E-36
  0.34000000E+01  0.28033204E-21  0.12538542E-36
  0.35000000E+01  0.26831755E-21  0.11881423E-36
  0.36000000E+01  0.25698126E-21  0.11247557E-36
  0.37000000E+01  0.24628039E-21  0.10654857E-36
  0.38000000E+01  0.23617457E-21  0.10128776E-36
  0.39000000E+01  0.22662580E-21  0.96557503E-37
  0.40000000E+01  0.21759844E-21  0.91812753E-37
  0.41000000E+01  0.20905915E-21  0.87633899E-37
  0.42000000E+01  0.20097675E-21  0.83642672E-37
  0.43000000E+01  0.19332216E-21  0.79990882E-37
  0.44000000E+01  0.18606826E-21  0.76465460E-37
  0.45000000E+01  0.17918979E-21  0.73251259E-37
  0.46000000E+01  0.17266322E-21  0.70184074E-37
  0.47000000E+01  0.16646665E-21  0.67539643E-37
  0.48000000E+01  0.16057969E-21  0.64646436E-37
  0.49000000E+01  0.15498337E-21  0.62046324E-37
  0.50000000E+01  0.14966002E-21  0.59639891E-37
  0.51000000E+01  0.14459319E-21  0.57241438E-37
  0.52000000E+01  0.13976756E-21  0.55224182E-37
  0.53000000E+01  0.13516888E-21  0.53239863E-37
  0.54000000E+01  0.13078382E-21  0.51338990E-37
  0.55000000E+01  0.12660001E-21  0.49503778E-37
  0.56000000E+01  0.12260588E-21  0.47806845E-37
  0.57000000E+01  0.11879063E-21  0.46109634E-37
  0.58000000E+01  0.11514420E-21  0.44557599E-37
  0.59000000E+01  0.11165717E-21  0.43205883E-37
  0.60000000E+01  0.10832075E-21  0.41756909E-37
  0.61000000E+01  0.10512671E-21  0.40345730E-37
  0.62000000E+01  0.10206737E-21  0.38992725E-37
  0.63000000E+01  0.99135509E-22  0.37768156E-37
  0.64000000E+01  0.96324390E-22  0.36721386E-37
  0.65000000E+01  0.93627686E-22  0.35547026E-37
  0.66000000E+01  0.91039467E-22  0.34421973E-37
  0.67000000E+01  0.88554168E-22  0.33412829E-37
  0.68000000E+01  0.86166564E-22  0.32539447E-37
  0.69000000E+01  0.83871748E-22  0.31528523E-37
  0.70000000E+01  0.81665105E-22  0.30665926E-37
  0.71000000E+01  0.79542296E-22  0.29813496E-37
  0.72000000E+01  0.77499239E-22  0.28898468E-37
  0.73000000E+01  0.75532087E-22  0.28175543E-37
  0.74000000E+01  0.73637220E-22  0.27399552E-37
  0.75000000E+01  0.71811221E-22  0.26687455E-37
  0.76000000E+01  0.70050871E-22  0.25908687E-37
  0.77000000E+01  0.68353131E-22  0.25288622E-37
  0.78000000E+01  0.66715130E-22  0.24593865E-37
  0.79000000E+01  0.65134158E-22  0.23984469E-37
  0.80000000E+01  0.63607653E-22  0.23389470E-37
  0.81000000E+01  0.62133191E-22  0.22777129E-37
  0.82000000E+01  0.60708479E-22  0.22206555E-37
  0.83000000E+01  0.59331347E-22  0.21710548E-37
  0.84000000E+01  0.57999738E-22  0.21165720E-37
  0.85000000E+01  0.56711705E-22  0.20644928E-37
  0.86000000E+01  0.55465400E-22  0.20199833E-37
  0.87000000E+01  0.54259070E-22  0.19674988E-37
  0.88000000E+01  0.53091054E-22  0.19194717E-37
  0.89000000E+01  0.51959771E-22  0.18741523E-37
  0.90000000E+01  0.50863723E-22  0.18317001E-37
  0.91000000E+01  0.49801484E-22  0.17914289E-37
  0.92000000E+01  0.48771699E-22  0.17569354E-37
  0.93000000E+01  0.47773079E-22  0.17175656E-37
  0.94000000E+01  0.46804397E-22  0.16740608E-37
  0.95000000E+01  0.45864485E-22  0.16450386E-37
  0.96000000E+01  0.44952232E-22  0.16080577E-37
  0.97000000E+01  0.44066577E-22  0.15701266E-37
  0.98000000E+01  0.43206510E-22  0.15367813E-37
  0.99000000E+01  0.42371067E-22  0.15049894E-37
  0.10000000E+02  0.41559330E-22  0.14770444E-37
  0.10100000E+02  0.40770421E-22  0.14435218E-37
  0.10200000E+02  0.40003503E-22  0.14165224E-37
  0.10300000E+02  0.39257776E-22  0.13860595E-37
  0.10400000E+02  0.38532474E-22  0.13611989E-37
  0.10500000E+02  0.37826869E-22  0.13322754E-37
  0.10600000E+02  0.37140260E-22  0.13090773E-37
  0.10700000E+02  0.36471980E-22  0.12805452E-37
  0.10800000E+02  0.35821389E-22  0.12585300E-37
  0.10900000E+02  0.35187875E-22  0.12364271E-37
  0.11000000E+02  0.34570851E-22  0.12078914E-37
  0.11100000E+02  0.33969757E-22  0.11885353E-37
  0.11200000E+02  0.33384054E-22  0.11624081E-37
  0.11300000E+02  0.32813226E-22  0.11404767E-37
  0.11400000E+02  0.32256778E-22  0.11233434E-37
  0.11500000E+02  0.31714236E-22  0.11011022E-37
  0.11600000E+02  0.31185146E-22  0.10820859E-37
  0.11700000E+02  0.30669069E-22  0.10612055E-37
  0.11800000E+02  0.30165587E-22  0.10449470E-37
  0.11900000E+02  0.29674296E-22  0.10272706E-37
  0.12000000E+02  0.29194810E-22  0.10064177E-37
  0.12100000E+02  0.28726756E-22  0.98962630E-38
  0.12200000E+02  0.28269778E-22  0.97351804E-38
  0.12300000E+02  0.27823531E-22  0.95719484E-38
  0.12400000E+02  0.27387684E-22  0.94142288E-38
  0.12500000E+02  0.26961920E-22  0.92568296E-38
  0.12600000E+02  0.26545932E-22  0.90903019E-38
  0.12700000E+02  0.26139425E-22  0.89334885E-38
  0.12800000E+02  0.25742117E-22  0.88075051E-38
  0.12900000E+02  0.25353733E-22  0.86511341E-38
  0.13000000E+02  0.24974009E-22  0.85265974E-38
  0.13100000E+02  0.24602694E-22  0.83931179E-38
  0.13200000E+02  0.24239540E-22  0.82426745E-38
  0.13300000E+02  0.23884314E-22  0.81192359E-38
  0.13400000E+02  0.23536787E-22  0.79817370E-38
  0.13500000E+02  0.23196740E-22  0.78747163E-38
  0.13600000E+02  0.22863962E-22  0.77412098E-38
  0.13700000E+02  0.22538247E-22  0.76248999E-38
  0.13800000E+02  0.22219399E-22  0.75116238E-38
  0.13900000E+02  0.21907228E-22  0.73951608E-38
  0.14000000E+02  0.21601549E-22  0.72670122E-38
  0.14100000E+02  0.21302184E-22  0.71551959E-38
  0.14200000E+02  0.21008963E-22  0.70639088E-38
  0.14300000E+02  0.20721719E-22  0.69393331E-38
  0.14400000E+02  0.20440291E-22  0.68622671E-38
  0.14500000E+02  0.20164525E-22  0.67578053E-38
  0.14600000E+02  0.19894271E-22  0.66422367E-38
  0.14700000E+02  0.19629383E-22  0.65558357E-38
  0.14800000E+02  0.19369722E-22  0.64490967E-38
  0.14900000E+02  0.19115151E-22  0.63586305E-38
  0.15000000E+02  0.18865538E-22  0.62791413E-38
  0.15100000E+02  0.18620758E-22  0.62017672E-38
  0.15200000E+02  0.18380686E-22  0.61216189E-38
  0.15300000E+02  0.18145202E-22  0.60485446E-38
  0.15400000E+02  0.17914193E-22  0.59497229E-38
  0.15500000E+02  0.17687545E-22  0.58618101E-38
  0.15600000E+02  0.17465149E-22  0.57734108E-38
  0.15700000E+02  0.17246901E-22  0.57176247E-38
  0.15800000E+02  0.17032699E-22  0.56318573E-38
  0.15900000E+02  0.16822444E-22  0.55703502E-38
  0.16000000E+02  0.16616039E-22  0.54813106E-38
  0.16100000E+02  0.16413393E-22  0.54170011E-38
  0.16200000E+02  0.16214414E-22  0.53368576E-38
  0.16300000E+02  0.16019014E-22  0.52779818E-38
  0.16400000E+02  0.15827110E-22  0.52135286E-38
  0.16500000E+02  0.15638619E-22  0.51447406E-38
  0.16600000E+02  0.15453460E-22  0.50655614E-38
  0.16700000E+02  0.15271556E-22  0.50076784E-38
  0.16800000E+02  0.15092830E-22  0.49386220E-38
  0.16900000E+02  0.14917211E-22  0.48762953E-38
  0.17000000E+02  0.14744626E-22  0.48292724E-38
  0.17100000E+02  0.14575007E-22  0.47633906E-38
  0.17200000E+02  0.14408286E-22  0.47120683E-38
  0.17300000E+02  0.14244398E-22  0.46516064E-38
  0.17400000E+02  0.14083279E-22  0.45949948E-38
  0.17500000E+02  0.13924867E-22  0.45270028E-38
  0.17600000E+02  0.13769102E-22  0.44724342E-38
  0.17700000E+02  0.13615927E-22  0.44335439E-38
  0.17800000E+02  0.13465283E-22  0.43790818E-38
  0.17900000E+02  0.13317116E-22  0.43179563E-38
  0.18000000E+02  0.13171372E-22  0.42791714E-38
  0.18100000E+02  0.13027999E-22  0.42186680E-38
  0.18200000E+02  0.12886946E-22  0.41662358E-38
  0.18300000E+02  0.12748162E-22  0.41171438E-38
  0.18400000E+02  0.12611600E-22  0.40586677E-38
  0.18500000E+02  0.12477214E-22  0.40324285E-38
  0.18600000E+02  0.12344956E-22  0.39860034E-38
  0.18700000E+02  0.12214782E-22  0.39408739E-38
  0.18800000E+02  0.12086650E-22  0.38962377E-38
  0.18900000E+02  0.11960516E-22  0.38545109E-38
  0.19000000E+02  0.11836340E-22  0.38118524E-38
  0.19100000E+02  0.11714081E-22  0.37693452E-38
  0.19200000E+02  0.11593700E-22  0.37268165E-38
  0.19300000E+02  0.11475160E-22  0.36828100E-38
  0.19400000E+02  0.11358422E-22  0.36433423E-38
  0.19500000E+02  0.11243451E-22  0.36056576E-38
  0.19600000E+02  0.11130211E-22  0.35678456E-38
  0.19700000E+02  0.11018668E-22  0.35263109E-38
  0.19800000E+02  0.10908788E-22  0.34964272E-38
  0.19900000E+02  0.10800538E-22  0.34455233E-38
  0.20000000E+02  0.10693887E-22  0.34167403E-38
  0.20100000E+02  0.10588803E-22  0.33897151E-38
  0.20200000E+02  0.10485255E-22  0.33426944E-38
  0.20300000E+02  0.10383215E-22  0.33174679E-38
  0.20400000E+02  0.10282652E-22  0.32709148E-38
  0.20500000E+02  0.10183539E-22  0.32458330E-38
  0.20600000E+02  0.10085848E-22  0.32150086E-38
  0.20700000E+02  0.99895519E-23  0.31796443E-38
  0.20800000E+02  0.98946244E-23  0.31444722E-38
  0.20900000E+02  0.98010398E-23  0.31192828E-38
  0.21000000E+02  0.97087729E-23  0.30891354E-38
  0.21100000E+02  0.96177992E-23  0.30558108E-38
  0.21200000E+02  0.95280946E-23  0.30328062E-38
  0.21300000E+02  0.94396358E-23  0.29890410E-38
  0.21400000E+02  0.93523998E-23  0.29707730E-38
  0.21500000E+02  0.92663644E-23  0.29341613E-38
  0.21600000E+02  0.91815075E-23  0.29023912E-38
  0.21700000E+02  0.90978078E-23  0.28683382E-38
  0.21800000E+02  0.90152445E-23  0.28546826E-38
  0.21900000E+02  0.89337970E-23  0.28249859E-38
  0.22000000E+02  0.88534456E-23  0.27886736E-38
  0.22100000E+02  0.87741705E-23  0.27625598E-38
  0.22200000E+02  0.86959527E-23  0.27430841E-38
  0.22300000E+02  0.86187736E-23  0.27130749E-38
  0.22400000E+02  0.85426149E-23  0.26931528E-38
  0.22500000E+02  0.84674587E-23  0.26614974E-38
  0.22600000E+02  0.83932876E-23  0.26362707E-38
  0.22700000E+02  0.83200844E-23  0.26253328E-38
  0.22800000E+02  0.82478324E-23  0.25947593E-38
  0.22900000E+02  0.81765153E-23  0.25650273E-38
  0.23000000E+02  0.81061169E-23  0.25443500E-38
  0.23100000E+02  0.80366218E-23  0.25196988E-38
  0.23200000E+02  0.79680144E-23  0.25045948E-38
  0.23300000E+02  0.79002798E-23  0.24817226E-38
  0.23400000E+02  0.78334032E-23  0.24502666E-38
  0.23500000E+02  0.77673703E-23  0.24337445E-38
  0.23600000E+02  0.77021670E-23  0.24093737E-38
  0.23700000E+02  0.76377795E-23  0.23941578E-38
  0.23800000E+02  0.75741941E-23  0.23721030E-38
  0.23900000E+02  0.75113978E-23  0.23482423E-38
  0.24000000E+02  0.74493775E-23  0.23279669E-38
  0.24100000E+02  0.73881205E-23  0.23047423E-38
  0.24200000E+02  0.73276143E-23  0.22899250E-38
  0.24300000E+02  0.72678468E-23  0.22673258E-38
  0.24400000E+02  0.72088061E-23  0.22511481E-38
  0.24500000E+02  0.71504803E-23  0.22254575E-38
  0.24600000E+02  0.70928581E-23  0.22115193E-38
  0.24700000E+02  0.70359282E-23  0.21883323E-38
  0.24800000E+02  0.69796795E-23  0.21706292E-38
  0.24900000E+02  0.69241013E-23  0.21558003E-38
  0.25000000E+02  0.68691830E-23  0.21374201E-38
  0.25100000E+02  0.68149141E-23  0.21224887E-38
  0.25200000E+02  0.67612845E-23  0.20998655E-38
  0.25300000E+02  0.67082843E-23  0.20836806E-38
  0.25400000E+02  0.66559036E-23  0.20617183E-38
  0.25500000E+02  0.66041328E-23  0.20501531E-38
  0.25600000E+02  0.65529625E-23  0.20305291E-38
  0.25700000E+02  0.65023835E-23  0.20158365E-38
  0.25800000E+02  0.64523867E-23  0.20000147E-38
  0.25900000E+02  0.64029632E-23  0.19832397E-38
  0.26000000E+02  0.63541044E-23  0.19689018E-38
  0.26100000E+02  0.63058016E-23  0.19591339E-38
  0.26200000E+02  0.62580466E-23  0.19291665E-38
  0.26300000E+02  0.62108309E-23  0.19216772E-38
  0.26400000E+02  0.61641466E-23  0.18990299E-38
  0.26500000E+02  0.61179858E-23  0.18958395E-38
  0.26600000E+02  0.60723406E-23  0.18775125E-38
  0.26700000E+02  0.60272034E-23  0.18615080E-38
  0.26800000E+02  0.59825667E-23  0.18407613E-38
  0.26900000E+02  0.59384232E-23  0.18302856E-38
  0.27000000E+02  0.58947656E-23  0.18159661E-38
  0.27100000E+02  0.58515869E-23  0.18084648E-38
  0.27200000E+02  0.58088800E-23  0.17906252E-38
  0.27300000E+02  0.57666381E-23  0.17788794E-38
  0.27400000E+02  0.57248546E-23  0.17664234E-38
  0.27500000E+02  0.56835227E-23  0.17461278E-38
  0.27600000E+02  0.56426362E-23  0.17407720E-38
  0.27700000E+02  0.56021885E-23  0.17269524E-38
  0.27800000E+02  0.55621734E-23  0.17107441E-38
  0.27900000E+02  0.55225848E-23  0.17003218E-38
  0.28000000E+02  0.54834167E-23  0.16869446E-38
  0.28100000E+02  0.54446631E-23  0.16717101E-38
  0.28200000E+02  0.54063183E-23  0.16600794E-38
  0.28300000E+02  0.53683764E-23  0.16485298E-38
  0.28400000E+02  0.53308320E-23  0.16341378E-38
  0.28500000E+02  0.52936793E-23  0.16234052E-38
  0.28600000E+02  0.52569132E-23  0.16113273E-38
  0.28700000E+02  0.52205281E-23  0.16013987E-38
  0.28800000E+02  0.51845189E-23  0.15879616E-38
  0.28900000E+02  0.51488804E-23  0.15807124E-38
  0.29000000E+02  0.51136075E-23  0.15653411E-38
  0.29100000E+02  0.50786953E-23  0.15595343E-38
  0.29200000E+02  0.50441389E-23  0.15478899E-38
  0.29300000E+02  0.50099335E-23  0.15359842E-38
  0.29400000E+02  0.49760743E-23  0.15229064E-38
  0.29500000E+02  0.49425566E-23  0.15119050E-38
  0.29600000E+02  0.49093760E-23  0.14993940E-38
  0.29700000E+02  0.48765279E-23  0.14890279E-38
  0.29800000E+02  0.48440079E-23  0.14798994E-38
  0.29900000E+02  0.48118117E-23  0.14695873E-38
  0.30000000E+02  0.47799349E-23  0.14579797E-38
  0.30100000E+02  0.47483733E-23  0.14471427E-38
  0.30200000E+02  0.47171229E-23  0.14380061E-38
  0.30300000E+02  0.46861796E-23  0.14306666E-38
  0.30400000E+02  0.46555393E-23  0.14192848E-38
  0.30500000E+02  0.46251981E-23  0.14108055E-38
  0.30600000E+02  0.45951521E-23  0.13994574E-38
  0.30700000E+02  0.45653976E-23  0.13931919E-38
  0.30800000E+02  0.45359307E-23  0.13795909E-38
  0.30900000E+02  0.45067478E-23  0.13736830E-38
  0.31000000E+02  0.44778453E-23  0.13600698E-38
  0.31100000E+02  0.44492195E-23  0.13561782E-38
  0.31200000E+02  0.44208670E-23  0.13457427E-38
  0.31300000E+02  0.43927843E-23  0.13371898E-38
  0.31400000E+02  0.43649679E-23  0.13300626E-38
  0.31500000E+02  0.43374146E-23  0.13151004E-38
  0.31600000E+02  0.43101210E-23  0.13108120E-38
  0.31700000E+02  0.42830839E-23  0.13030838E-38
  0.31800000E+02  0.42563001E-23  0.12949903E-38
  0.31900000E+02  0.42297664E-23  0.12860607E-38
  0.32000000E+02  0.42034797E-23  0.12763067E-38
  0.32100000E+02  0.41774370E-23  0.12678377E-38
  0.32200000E+02  0.41516353E-23  0.12577335E-38
  0.32300000E+02  0.41260715E-23  0.12513467E-38
  0.32400000E+02  0.41007429E-23  0.12419175E-38
  0.32500000E+02  0.40756465E-23  0.12338740E-38
  0.32600000E+02  0.40507795E-23  0.12278399E-38
  0.32700000E+02  0.40261391E-23  0.12213590E-38
  0.32800000E+02  0.40017226E-23  0.12087043E-38
  0.32900000E+02  0.39775272E-23  0.12057139E-38
  0.33000000E+02  0.39535503E-23  0.11985514E-38
  0.33100000E+02  0.39297894E-23  0.11896174E-38
  0.33200000E+02  0.39062417E-23  0.11851740E-38
  0.33300000E+02  0.38829048E-23  0.11745748E-38
  0.33400000E+02  0.38597762E-23  0.11692349E-38
  0.33500000E+02  0.38368534E-23  0.11584894E-38
  0.33600000E+02  0.38141339E-23  0.11555269E-38
  0.33700000E+02  0.37916154E-23  0.11479539E-38
  0.33800000E+02  0.37692955E-23  0.11410816E-38
  0.33900000E+02  0.37471719E-23  0.11309638E-38
  0.34000000E+02  0.37252423E-23  0.11254701E-38
  0.34100000E+02  0.37035044E-23  0.11201181E-38
  0.34200000E+02  0.36819559E-23  0.11126797E-38
  0.34300000E+02  0.36605949E-23  0.11027531E-38
  0.34400000E+02  0.36394189E-23  0.10974872E-38
  0.34500000E+02  0.36184260E-23  0.10921844E-38
  0.34600000E+02  0.35976139E-23  0.10845826E-38
  0.34700000E+02  0.35769808E-23  0.10819540E-38
  0.34800000E+02  0.35565244E-23  0.10726024E-38
  0.34900000E+02  0.35362428E-23  0.10675140E-38
  0.35000000E+02  0.35161340E-23  0.10600067E-38
  0.35100000E+02  0.34961961E-23  0.10517966E-38
  0.35200000E+02  0.34764271E-23  0.10498050E-38
  0.35300000E+02  0.34568251E-23  0.10400436E-38
  0.35400000E+02  0.34373883E-23  0.10315054E-38
  0.35500000E+02  0.34181148E-23  0.10280772E-38
  0.35600000E+02  0.33990027E-23  0.10235716E-38
  0.35700000E+02  0.33800503E-23  0.10180741E-38
  0.35800000E+02  0.33612559E-23  0.10113686E-38
  0.35900000E+02  0.33426176E-23  0.10033668E-38
  0.36000000E+02  0.33241337E-23  0.10009066E-38
  0.36100000E+02  0.33058026E-23  0.99639850E-39
  0.36200000E+02  0.32876225E-23  0.99083227E-39
  0.36300000E+02  0.32695918E-23  0.98312987E-39
  0.36400000E+02  0.32517090E-23  0.97644777E-39
  0.36500000E+02  0.32339722E-23  0.97289081E-39
  0.36600000E+02  0.32163801E-23  0.96621391E-39
  0.36700000E+02  0.31989310E-23  0.96170650E-39
  0.36800000E+02  0.31816233E-23  0.95717482E-39
  0.36900000E+02  0.31644556E-23  0.94957163E-39
  0.37000000E+02  0.31474264E-23  0.94368852E-39
  0.37100000E+02  0.31305341E-23  0.93717022E-39
  0.37200000E+02  0.31137773E-23  0.93579754E-39
  0.37300000E+02  0.30971545E-23  0.93000406E-39
  0.37400000E+02  0.30806644E-23  0.92351137E-39
  0.37500000E+02  0.30643055E-23  0.92114800E-39
  0.37600000E+02  0.30480764E-23  0.91414598E-39
  0.37700000E+02  0.30319758E-23  0.90874111E-39
  0.37800000E+02  0.30160023E-23  0.90392246E-39
  0.37900000E+02  0.30001546E-23  0.89821929E-39
  0.38000000E+02  0.29844314E-23  0.89667433E-39
  0.38100000E+02  0.29688313E-23  0.89059863E-39
  0.38200000E+02  0.29533531E-23  0.88530111E-39
  0.38300000E+02  0.29379955E-23  0.88103575E-39
  0.38400000E+02  0.29227573E-23  0.87589726E-39
  0.38500000E+02  0.29076373E-23  0.86977827E-39
  0.38600000E+02  0.28926341E-23  0.86541113E-39
  0.38700000E+02  0.28777467E-23  0.86154908E-39
  0.38800000E+02  0.28629738E-23  0.85845643E-39
  0.38900000E+02  0.28483143E-23  0.85280838E-39
  0.39000000E+02  0.28337670E-23  0.84807163E-39
  0.39100000E+02  0.28193307E-23  0.84299306E-39
  0.39200000E+02  0.28050044E-23  0.84057046E-39
  0.39300000E+02  0.27907869E-23  0.83379357E-39
  0.39400000E+02  0.27766772E-23  0.82882375E-39
  0.39500000E+02  0.27626740E-23  0.82593560E-39
  0.39600000E+02  0.27487765E-23  0.82104694E-39
  0.39700000E+02  0.27349835E-23  0.81854898E-39
  0.39800000E+02  0.27212939E-23  0.81405278E-39
  0.39900000E+02  0.27077068E-23  0.80905496E-39
  0.40000000E+02  0.26942211E-23  0.80546281E-39
