  0.00000000E+00 -0.34960485E-20 -0.36858810E-34
  0.10000000E+00 -0.29607291E-20 -0.21283335E-34
  0.20000000E+00 -0.18229121E-20 -0.95265039E-35
  0.30000000E+00 -0.10830949E-20 -0.46986365E-35
  0.40000000E+00 -0.68449535E-21 -0.24501389E-35
  0.50000000E+00 -0.46343640E-21 -0.13386421E-35
  0.60000000E+00 -0.33276834E-21 -0.72893538E-36
  0.70000000E+00 -0.25064597E-21 -0.40394811E-36
  0.80000000E+00 -0.19624403E-21 -0.22911518E-36
  0.90000000E+00 -0.15857234E-21 -0.11648141E-36
  0.10000000E+01 -0.13148979E-21 -0.47424670E-37
  0.11000000E+01 -0.11138679E-21 -0.14670469E-37
  0.12000000E+01 -0.96046907E-22  0.74779210E-38
  0.13000000E+01 -0.84056913E-22  0.19565458E-37
  0.14000000E+01 -0.74485780E-22  0.23335959E-37
  0.15000000E+01 -0.66702410E-22  0.27772396E-37
  0.16000000E+01 -0.60268117E-22  0.25306017E-37
  0.17000000E+01 -0.54871067E-22  0.28022828E-37
  0.18000000E+01 -0.50285113E-22  0.23929398E-37
  0.19000000E+01 -0.46343248E-22  0.24667932E-37
  0.20000000E+01 -0.42920093E-22  0.21471324E-37
  0.21000000E+01 -0.39920087E-22  0.18997235E-37
  0.22000000E+01 -0.37269376E-22  0.16842349E-37
  0.23000000E+01 -0.34910143E-22  0.16250240E-37
  0.24000000E+01 -0.32796582E-22  0.13369211E-37
  0.25000000E+01 -0.30891994E-22  0.11394469E-37
  0.26000000E+01 -0.29166672E-22  0.95749992E-38
  0.27000000E+01 -0.27596330E-22  0.90660419E-38
  0.28000000E+01 -0.26160932E-22  0.80795671E-38
  0.29000000E+01 -0.24843808E-22  0.76464983E-38
  0.30000000E+01 -0.23630976E-22  0.71615436E-38
  0.31000000E+01 -0.22510618E-22  0.52263665E-38
  0.32000000E+01 -0.21472675E-22  0.43378158E-38
  0.33000000E+01 -0.20508531E-22  0.32884563E-38
  0.34000000E+01 -0.19610756E-22  0.29830823E-38
  0.35000000E+01 -0.18772908E-22  0.26965766E-38
  0.36000000E+01 -0.17989369E-22  0.14467699E-38
  0.37000000E+01 -0.17255218E-22  0.13530318E-38
  0.38000000E+01 -0.16566121E-22  0.75811303E-39
  0.39000000E+01 -0.15918244E-22  0.29041374E-39
  0.40000000E+01 -0.15308182E-22  0.95942246E-40
  0.41000000E+01 -0.14732900E-22 -0.16843963E-39
  0.42000000E+01 -0.14189681E-22 -0.43422942E-39
  0.43000000E+01 -0.13676085E-22 -0.54875179E-39
  0.44000000E+01 -0.13189915E-22 -0.81739441E-39
  0.45000000E+01 -0.12729186E-22 -0.12461705E-38
  0.46000000E+01 -0.12292097E-22 -0.10758508E-38
  0.47000000E+01 -0.11877015E-22 -0.18135130E-38
  0.48000000E+01 -0.11482449E-22 -0.20273157E-38
  0.49000000E+01 -0.11107042E-22 -0.20282576E-38
  0.50000000E+01 -0.10749549E-22 -0.17174883E-38
  0.51000000E+01 -0.10408830E-22 -0.15833062E-38
  0.52000000E+01 -0.10083837E-22 -0.18955754E-38
  0.53000000E+01 -0.97736064E-23 -0.19027273E-38
  0.54000000E+01 -0.94772486E-23 -0.19802400E-38
  0.55000000E+01 -0.91939425E-23 -0.20243634E-38
  0.56000000E+01 -0.89229287E-23 -0.22451607E-38
  0.57000000E+01 -0.86635033E-23 -0.21766720E-38
  0.58000000E+01 -0.84150136E-23 -0.22561842E-38
  0.59000000E+01 -0.81768528E-23 -0.20342647E-38
  0.60000000E+01 -0.79484567E-23 -0.24111961E-38
  0.61000000E+01 -0.77292996E-23 -0.23408858E-38
  0.62000000E+01 -0.75188914E-23 -0.23769547E-38
  0.63000000E+01 -0.73167745E-23 -0.22799441E-38
  0.64000000E+01 -0.71225211E-23 -0.23140254E-38
  0.65000000E+01 -0.69357311E-23 -0.23719119E-38
  0.66000000E+01 -0.67560295E-23 -0.24984175E-38
  0.67000000E+01 -0.65830651E-23 -0.25191006E-38
  0.68000000E+01 -0.64165080E-23 -0.23547250E-38
  0.69000000E+01 -0.62560486E-23 -0.23207014E-38
  0.70000000E+01 -0.61013959E-23 -0.25968240E-38
  0.71000000E+01 -0.59522758E-23 -0.22880927E-38
  0.72000000E+01 -0.58084305E-23 -0.23829939E-38
  0.73000000E+01 -0.56696170E-23 -0.23947971E-38
  0.74000000E+01 -0.55356061E-23 -0.21861963E-38
  0.75000000E+01 -0.54061816E-23 -0.22449355E-38
  0.76000000E+01 -0.52811391E-23 -0.21373609E-38
  0.77000000E+01 -0.51602858E-23 -0.21735289E-38
  0.78000000E+01 -0.50434389E-23 -0.22336607E-38
  0.79000000E+01 -0.49304259E-23 -0.21900485E-38
  0.80000000E+01 -0.48210831E-23 -0.22972518E-38
  0.81000000E+01 -0.47152556E-23 -0.21508346E-38
  0.82000000E+01 -0.46127964E-23 -0.20720380E-38
  0.83000000E+01 -0.45135662E-23 -0.21743866E-38
  0.84000000E+01 -0.44174328E-23 -0.20708847E-38
  0.85000000E+01 -0.43242705E-23 -0.19003301E-38
  0.86000000E+01 -0.42339600E-23 -0.20372781E-38
  0.87000000E+01 -0.41463877E-23 -0.20227430E-38
  0.88000000E+01 -0.40614459E-23 -0.20818094E-38
  0.89000000E+01 -0.39790318E-23 -0.19041296E-38
  0.90000000E+01 -0.38990477E-23 -0.18795243E-38
  0.91000000E+01 -0.38214004E-23 -0.18503141E-38
  0.92000000E+01 -0.37460011E-23 -0.18998043E-38
  0.93000000E+01 -0.36727653E-23 -0.17706795E-38
  0.94000000E+01 -0.36016122E-23 -0.18508216E-38
  0.95000000E+01 -0.35324649E-23 -0.19324747E-38
  0.96000000E+01 -0.34652499E-23 -0.17064832E-38
  0.97000000E+01 -0.33998968E-23 -0.16887909E-38
  0.98000000E+01 -0.33363386E-23 -0.17179641E-38
  0.99000000E+01 -0.32745113E-23 -0.17535160E-38
  0.10000000E+02 -0.32143534E-23 -0.16263151E-38
  0.10100000E+02 -0.31558063E-23 -0.17149220E-38
  0.10200000E+02 -0.30988140E-23 -0.17572580E-38
  0.10300000E+02 -0.30433226E-23 -0.16632142E-38
  0.10400000E+02 -0.29892808E-23 -0.16347033E-38
  0.10500000E+02 -0.29366392E-23 -0.15522654E-38
  0.10600000E+02 -0.28853506E-23 -0.16398616E-38
  0.10700000E+02 -0.28353697E-23 -0.15292959E-38
  0.10800000E+02 -0.27866531E-23 -0.14903857E-38
  0.10900000E+02 -0.27391591E-23 -0.14928833E-38
  0.11000000E+02 -0.26928479E-23 -0.15868826E-38
  0.11100000E+02 -0.26476809E-23 -0.14531748E-38
  0.11200000E+02 -0.26036213E-23 -0.14455134E-38
  0.11300000E+02 -0.25606338E-23 -0.13775967E-38
  0.11400000E+02 -0.25186844E-23 -0.14350773E-38
  0.11500000E+02 -0.24777403E-23 -0.13822262E-38
  0.11600000E+02 -0.24377702E-23 -0.13817232E-38
  0.11700000E+02 -0.23987438E-23 -0.13955629E-38
  0.11800000E+02 -0.23606321E-23 -0.13892334E-38
  0.11900000E+02 -0.23234070E-23 -0.13712265E-38
  0.12000000E+02 -0.22870418E-23 -0.13269397E-38
  0.12100000E+02 -0.22515104E-23 -0.13198501E-38
  0.12200000E+02 -0.22167880E-23 -0.13170249E-38
  0.12300000E+02 -0.21828504E-23 -0.13476134E-38
  0.12400000E+02 -0.21496745E-23 -0.12870237E-38
  0.12500000E+02 -0.21172380E-23 -0.12428628E-38
  0.12600000E+02 -0.20855193E-23 -0.12732849E-38
  0.12700000E+02 -0.20544977E-23 -0.11971320E-38
  0.12800000E+02 -0.20241533E-23 -0.12445018E-38
  0.12900000E+02 -0.19944665E-23 -0.12056179E-38
  0.13000000E+02 -0.19654190E-23 -0.11900326E-38
  0.13100000E+02 -0.19369925E-23 -0.12178553E-38
  0.13200000E+02 -0.19091699E-23 -0.12367531E-38
  0.13300000E+02 -0.18819342E-23 -0.11538611E-38
  0.13400000E+02 -0.18552694E-23 -0.11462888E-38
  0.13500000E+02 -0.18291598E-23 -0.11492540E-38
  0.13600000E+02 -0.18035902E-23 -0.10825153E-38
  0.13700000E+02 -0.17785460E-23 -0.11012927E-38
  0.13800000E+02 -0.17540131E-23 -0.10812423E-38
  0.13900000E+02 -0.17299779E-23 -0.10920558E-38
  0.14000000E+02 -0.17064271E-23 -0.10243142E-38
  0.14100000E+02 -0.16833479E-23 -0.10781827E-38
  0.14200000E+02 -0.16607280E-23 -0.10352158E-38
  0.14300000E+02 -0.16385554E-23 -0.10554323E-38
  0.14400000E+02 -0.16168185E-23 -0.99876343E-39
  0.14500000E+02 -0.15955062E-23 -0.95970416E-39
  0.14600000E+02 -0.15746075E-23 -0.10446375E-38
  0.14700000E+02 -0.15541119E-23 -0.10310246E-38
  0.14800000E+02 -0.15340092E-23 -0.10019963E-38
  0.14900000E+02 -0.15142896E-23 -0.97974280E-39
  0.15000000E+02 -0.14949435E-23 -0.98689448E-39
  0.15100000E+02 -0.14759616E-23 -0.93736741E-39
  0.15200000E+02 -0.14573349E-23 -0.97805285E-39
  0.15300000E+02 -0.14390547E-23 -0.96185805E-39
  0.15400000E+02 -0.14211126E-23 -0.92352107E-39
  0.15500000E+02 -0.14035003E-23 -0.90897625E-39
  0.15600000E+02 -0.13862099E-23 -0.88415268E-39
  0.15700000E+02 -0.13692337E-23 -0.87508638E-39
  0.15800000E+02 -0.13525642E-23 -0.86661598E-39
  0.15900000E+02 -0.13361941E-23 -0.86448437E-39
  0.16000000E+02 -0.13201164E-23 -0.89077128E-39
  0.16100000E+02 -0.13043241E-23 -0.86052643E-39
  0.16200000E+02 -0.12888107E-23 -0.85289261E-39
  0.16300000E+02 -0.12735697E-23 -0.83525598E-39
  0.16400000E+02 -0.12585948E-23 -0.79160709E-39
  0.16500000E+02 -0.12438799E-23 -0.79816366E-39
  0.16600000E+02 -0.12294190E-23 -0.87394494E-39
  0.16700000E+02 -0.12152065E-23 -0.82367282E-39
  0.16800000E+02 -0.12012366E-23 -0.81264066E-39
  0.16900000E+02 -0.11875040E-23 -0.81017375E-39
  0.17000000E+02 -0.11740034E-23 -0.75622543E-39
  0.17100000E+02 -0.11607296E-23 -0.79868292E-39
  0.17200000E+02 -0.11476776E-23 -0.74350638E-39
  0.17300000E+02 -0.11348425E-23 -0.76840698E-39
  0.17400000E+02 -0.11222196E-23 -0.75368252E-39
  0.17500000E+02 -0.11098043E-23 -0.76019068E-39
  0.17600000E+02 -0.10975921E-23 -0.72802395E-39
  0.17700000E+02 -0.10855786E-23 -0.73725190E-39
  0.17800000E+02 -0.10737596E-23 -0.70411472E-39
  0.17900000E+02 -0.10621308E-23 -0.71565660E-39
  0.18000000E+02 -0.10506884E-23 -0.71003669E-39
  0.18100000E+02 -0.10394284E-23 -0.67397775E-39
  0.18200000E+02 -0.10283469E-23 -0.68603395E-39
  0.18300000E+02 -0.10174402E-23 -0.66706513E-39
  0.18400000E+02 -0.10067047E-23 -0.68133601E-39
  0.18500000E+02 -0.99613690E-24 -0.69404999E-39
  0.18600000E+02 -0.98573327E-24 -0.64887943E-39
  0.18700000E+02 -0.97549049E-24 -0.68727292E-39
  0.18800000E+02 -0.96540529E-24 -0.65165686E-39
  0.18900000E+02 -0.95547446E-24 -0.65662159E-39
  0.19000000E+02 -0.94569491E-24 -0.66487908E-39
  0.19100000E+02 -0.93606359E-24 -0.63847228E-39
  0.19200000E+02 -0.92657755E-24 -0.67618969E-39
  0.19300000E+02 -0.91723390E-24 -0.62544857E-39
  0.19400000E+02 -0.90802983E-24 -0.64957806E-39
  0.19500000E+02 -0.89896258E-24 -0.63722106E-39
  0.19600000E+02 -0.89002948E-24 -0.63559158E-39
  0.19700000E+02 -0.88122792E-24 -0.60242301E-39
  0.19800000E+02 -0.87255534E-24 -0.58485575E-39
  0.19900000E+02 -0.86400925E-24 -0.61842631E-39
  0.20000000E+02 -0.85558722E-24 -0.59623817E-39
  0.20100000E+02 -0.84728687E-24 -0.57550929E-39
  0.20200000E+02 -0.83910590E-24 -0.57238819E-39
  0.20300000E+02 -0.83104203E-24 -0.59177039E-39
  0.20400000E+02 -0.82309305E-24 -0.57645626E-39
  0.20500000E+02 -0.81525681E-24 -0.56975429E-39
  0.20600000E+02 -0.80753121E-24 -0.55777000E-39
  0.20700000E+02 -0.79991417E-24 -0.56448474E-39
  0.20800000E+02 -0.79240369E-24 -0.54694489E-39
  0.20900000E+02 -0.78499780E-24 -0.52682643E-39
  0.21000000E+02 -0.77769459E-24 -0.54880964E-39
  0.21100000E+02 -0.77049217E-24 -0.54466370E-39
  0.21200000E+02 -0.76338870E-24 -0.54628843E-39
  0.21300000E+02 -0.75638241E-24 -0.53021920E-39
  0.21400000E+02 -0.74947152E-24 -0.52413201E-39
  0.21500000E+02 -0.74265433E-24 -0.54043960E-39
  0.21600000E+02 -0.73592917E-24 -0.52932098E-39
  0.21700000E+02 -0.72929438E-24 -0.51054119E-39
  0.21800000E+02 -0.72274838E-24 -0.50616667E-39
  0.21900000E+02 -0.71628958E-24 -0.50665767E-39
  0.22000000E+02 -0.70991647E-24 -0.49400647E-39
  0.22100000E+02 -0.70362753E-24 -0.48457446E-39
  0.22200000E+02 -0.69742131E-24 -0.49219730E-39
  0.22300000E+02 -0.69129636E-24 -0.48679905E-39
  0.22400000E+02 -0.68525127E-24 -0.49389885E-39
  0.22500000E+02 -0.67928469E-24 -0.49448324E-39
  0.22600000E+02 -0.67339525E-24 -0.47646287E-39
  0.22700000E+02 -0.66758164E-24 -0.48156932E-39
  0.22800000E+02 -0.66184258E-24 -0.46318839E-39
  0.22900000E+02 -0.65617680E-24 -0.48893395E-39
  0.23000000E+02 -0.65058306E-24 -0.47191957E-39
  0.23100000E+02 -0.64506015E-24 -0.48308256E-39
  0.23200000E+02 -0.63960690E-24 -0.44499418E-39
  0.23300000E+02 -0.63422214E-24 -0.47504144E-39
  0.23400000E+02 -0.62890473E-24 -0.46029899E-39
  0.23500000E+02 -0.62365356E-24 -0.45780156E-39
  0.23600000E+02 -0.61846754E-24 -0.43443222E-39
  0.23700000E+02 -0.61334561E-24 -0.43810675E-39
  0.23800000E+02 -0.60828671E-24 -0.42926507E-39
  0.23900000E+02 -0.60328982E-24 -0.45228762E-39
  0.24000000E+02 -0.59835394E-24 -0.43782513E-39
  0.24100000E+02 -0.59347809E-24 -0.42398992E-39
  0.24200000E+02 -0.58866129E-24 -0.43490436E-39
  0.24300000E+02 -0.58390260E-24 -0.40783581E-39
  0.24400000E+02 -0.57920111E-24 -0.42140582E-39
  0.24500000E+02 -0.57455589E-24 -0.42381629E-39
  0.24600000E+02 -0.56996605E-24 -0.41401151E-39
  0.24700000E+02 -0.56543074E-24 -0.42496184E-39
  0.24800000E+02 -0.56094908E-24 -0.40615269E-39
  0.24900000E+02 -0.55652024E-24 -0.40058158E-39
  0.25000000E+02 -0.55214340E-24 -0.38597224E-39
  0.25100000E+02 -0.54781775E-24 -0.38967952E-39
  0.25200000E+02 -0.54354249E-24 -0.38986494E-39
  0.25300000E+02 -0.53931686E-24 -0.41242696E-39
  0.25400000E+02 -0.53514009E-24 -0.39429534E-39
  0.25500000E+02 -0.53101143E-24 -0.39949630E-39
  0.25600000E+02 -0.52693015E-24 -0.38761487E-39
  0.25700000E+02 -0.52289553E-24 -0.38077424E-39
  0.25800000E+02 -0.51890687E-24 -0.36724676E-39
  0.25900000E+02 -0.51496347E-24 -0.36678047E-39
  0.26000000E+02 -0.51106466E-24 -0.36350182E-39
  0.26100000E+02 -0.50720976E-24 -0.37205131E-39
  0.26200000E+02 -0.50339813E-24 -0.36178022E-39
  0.26300000E+02 -0.49962911E-24 -0.36416938E-39
  0.26400000E+02 -0.49590209E-24 -0.36081806E-39
  0.26500000E+02 -0.49221644E-24 -0.35049732E-39
  0.26600000E+02 -0.48857155E-24 -0.37660095E-39
  0.26700000E+02 -0.48496683E-24 -0.35448086E-39
  0.26800000E+02 -0.48140169E-24 -0.34710341E-39
  0.26900000E+02 -0.47787556E-24 -0.35843137E-39
  0.27000000E+02 -0.47438787E-24 -0.33939497E-39
  0.27100000E+02 -0.47093807E-24 -0.35407113E-39
  0.27200000E+02 -0.46752561E-24 -0.35225664E-39
  0.27300000E+02 -0.46414996E-24 -0.33551538E-39
  0.27400000E+02 -0.46081059E-24 -0.34257519E-39
  0.27500000E+02 -0.45750699E-24 -0.34310732E-39
  0.27600000E+02 -0.45423864E-24 -0.32551271E-39
  0.27700000E+02 -0.45100506E-24 -0.33264705E-39
  0.27800000E+02 -0.44780575E-24 -0.33477075E-39
  0.27900000E+02 -0.44464023E-24 -0.33594207E-39
  0.28000000E+02 -0.44150803E-24 -0.32055106E-39
  0.28100000E+02 -0.43840869E-24 -0.32358238E-39
  0.28200000E+02 -0.43534174E-24 -0.31312779E-39
  0.28300000E+02 -0.43230674E-24 -0.32313267E-39
  0.28400000E+02 -0.42930326E-24 -0.31553018E-39
  0.28500000E+02 -0.42633085E-24 -0.31505245E-39
  0.28600000E+02 -0.42338908E-24 -0.31589177E-39
  0.28700000E+02 -0.42047756E-24 -0.29888371E-39
  0.28800000E+02 -0.41759585E-24 -0.31527651E-39
  0.28900000E+02 -0.41474356E-24 -0.30536231E-39
  0.29000000E+02 -0.41192028E-24 -0.29880252E-39
  0.29100000E+02 -0.40912564E-24 -0.30454619E-39
  0.29200000E+02 -0.40635924E-24 -0.29554341E-39
  0.29300000E+02 -0.40362070E-24 -0.29704929E-39
  0.29400000E+02 -0.40090966E-24 -0.29889124E-39
  0.29500000E+02 -0.39822574E-24 -0.29269958E-39
  0.29600000E+02 -0.39556860E-24 -0.29499443E-39
  0.29700000E+02 -0.39293786E-24 -0.29387170E-39
  0.29800000E+02 -0.39033320E-24 -0.30114212E-39
  0.29900000E+02 -0.38775426E-24 -0.29569781E-39
  0.30000000E+02 -0.38520071E-24 -0.28269121E-39
  0.30100000E+02 -0.38267222E-24 -0.28583458E-39
  0.30200000E+02 -0.38016846E-24 -0.27599577E-39
  0.30300000E+02 -0.37768911E-24 -0.28649483E-39
  0.30400000E+02 -0.37523385E-24 -0.27698570E-39
  0.30500000E+02 -0.37280239E-24 -0.27143887E-39
  0.30600000E+02 -0.37039440E-24 -0.27302173E-39
  0.30700000E+02 -0.36800959E-24 -0.26804164E-39
  0.30800000E+02 -0.36564767E-24 -0.28572242E-39
  0.30900000E+02 -0.36330834E-24 -0.27935079E-39
  0.31000000E+02 -0.36099132E-24 -0.26742111E-39
  0.31100000E+02 -0.35869632E-24 -0.26725590E-39
  0.31200000E+02 -0.35642307E-24 -0.27098780E-39
  0.31300000E+02 -0.35417130E-24 -0.25094990E-39
  0.31400000E+02 -0.35194073E-24 -0.26057672E-39
  0.31500000E+02 -0.34973110E-24 -0.26764119E-39
  0.31600000E+02 -0.34754216E-24 -0.26095399E-39
  0.31700000E+02 -0.34537363E-24 -0.25821383E-39
  0.31800000E+02 -0.34322528E-24 -0.26288722E-39
  0.31900000E+02 -0.34109686E-24 -0.25598828E-39
  0.32000000E+02 -0.33898811E-24 -0.25117440E-39
  0.32100000E+02 -0.33689880E-24 -0.25393224E-39
  0.32200000E+02 -0.33482868E-24 -0.25655225E-39
  0.32300000E+02 -0.33277754E-24 -0.24995805E-39
  0.32400000E+02 -0.33074513E-24 -0.24315555E-39
  0.32500000E+02 -0.32873122E-24 -0.24578302E-39
  0.32600000E+02 -0.32673561E-24 -0.24104685E-39
  0.32700000E+02 -0.32475805E-24 -0.24105247E-39
  0.32800000E+02 -0.32279835E-24 -0.25209254E-39
  0.32900000E+02 -0.32085628E-24 -0.23399188E-39
  0.33000000E+02 -0.31893164E-24 -0.23738740E-39
  0.33100000E+02 -0.31702421E-24 -0.22411098E-39
  0.33200000E+02 -0.31513380E-24 -0.23891817E-39
  0.33300000E+02 -0.31326019E-24 -0.23435198E-39
  0.33400000E+02 -0.31140320E-24 -0.22845156E-39
  0.33500000E+02 -0.30956263E-24 -0.22855925E-39
  0.33600000E+02 -0.30773829E-24 -0.23813671E-39
  0.33700000E+02 -0.30592998E-24 -0.23985798E-39
  0.33800000E+02 -0.30413752E-24 -0.22260728E-39
  0.33900000E+02 -0.30236073E-24 -0.23164611E-39
  0.34000000E+02 -0.30059942E-24 -0.21542570E-39
  0.34100000E+02 -0.29885341E-24 -0.23302565E-39
  0.34200000E+02 -0.29712253E-24 -0.22118284E-39
  0.34300000E+02 -0.29540661E-24 -0.22280719E-39
  0.34400000E+02 -0.29370547E-24 -0.22021575E-39
  0.34500000E+02 -0.29201894E-24 -0.21720284E-39
  0.34600000E+02 -0.29034686E-24 -0.22375064E-39
  0.34700000E+02 -0.28868907E-24 -0.22647978E-39
  0.34800000E+02 -0.28704540E-24 -0.20817711E-39
  0.34900000E+02 -0.28541569E-24 -0.21158241E-39
  0.35000000E+02 -0.28379978E-24 -0.21040683E-39
  0.35100000E+02 -0.28219752E-24 -0.22149438E-39
  0.35200000E+02 -0.28060876E-24 -0.21964635E-39
  0.35300000E+02 -0.27903335E-24 -0.19510477E-39
  0.35400000E+02 -0.27747114E-24 -0.21399209E-39
  0.35500000E+02 -0.27592197E-24 -0.21524676E-39
  0.35600000E+02 -0.27438571E-24 -0.20407682E-39
  0.35700000E+02 -0.27286222E-24 -0.21560706E-39
  0.35800000E+02 -0.27135134E-24 -0.20832067E-39
  0.35900000E+02 -0.26985296E-24 -0.20642324E-39
  0.36000000E+02 -0.26836692E-24 -0.21032227E-39
  0.36100000E+02 -0.26689309E-24 -0.20439658E-39
  0.36200000E+02 -0.26543134E-24 -0.19274377E-39
  0.36300000E+02 -0.26398154E-24 -0.20067699E-39
  0.36400000E+02 -0.26254355E-24 -0.19711325E-39
  0.36500000E+02 -0.26111726E-24 -0.19844992E-39
  0.36600000E+02 -0.25970253E-24 -0.19623826E-39
  0.36700000E+02 -0.25829924E-24 -0.20022752E-39
  0.36800000E+02 -0.25690727E-24 -0.19284439E-39
  0.36900000E+02 -0.25552650E-24 -0.19481585E-39
  0.37000000E+02 -0.25415680E-24 -0.18800115E-39
  0.37100000E+02 -0.25279806E-24 -0.19096740E-39
  0.37200000E+02 -0.25145016E-24 -0.19180983E-39
  0.37300000E+02 -0.25011299E-24 -0.19527642E-39
  0.37400000E+02 -0.24878644E-24 -0.18409132E-39
  0.37500000E+02 -0.24747038E-24 -0.18999393E-39
  0.37600000E+02 -0.24616472E-24 -0.18507157E-39
  0.37700000E+02 -0.24486935E-24 -0.18843336E-39
  0.37800000E+02 -0.24358414E-24 -0.18483208E-39
  0.37900000E+02 -0.24230901E-24 -0.18158002E-39
  0.38000000E+02 -0.24104385E-24 -0.17974116E-39
  0.38100000E+02 -0.23978854E-24 -0.19025866E-39
  0.38200000E+02 -0.23854300E-24 -0.18240212E-39
  0.38300000E+02 -0.23730711E-24 -0.17688884E-39
  0.38400000E+02 -0.23608078E-24 -0.17816570E-39
  0.38500000E+02 -0.23486392E-24 -0.18497313E-39
  0.38600000E+02 -0.23365642E-24 -0.17843227E-39
  0.38700000E+02 -0.23245819E-24 -0.18065471E-39
  0.38800000E+02 -0.23126913E-24 -0.17433108E-39
  0.38900000E+02 -0.23008915E-24 -0.17986538E-39
  0.39000000E+02 -0.22891817E-24 -0.17177759E-39
  0.39100000E+02 -0.22775608E-24 -0.17624631E-39
  0.39200000E+02 -0.22660280E-24 -0.18094981E-39
  0.39300000E+02 -0.22545824E-24 -0.17192823E-39
  0.39400000E+02 -0.22432231E-24 -0.16994432E-39
  0.39500000E+02 -0.22319493E-24 -0.16350018E-39
  0.39600000E+02 -0.22207601E-24 -0.16148007E-39
  0.39700000E+02 -0.22096546E-24 -0.17076067E-39
  0.39800000E+02 -0.21986321E-24 -0.16436713E-39
  0.39900000E+02 -0.21876917E-24 -0.16625584E-39
  0.40000000E+02 -0.21768326E-24 -0.16248420E-39
