  0.00000000E+00  0.20359196E-18 -0.26407146E-33
  0.10000000E+00  0.14737032E-18 -0.15709841E-33
  0.20000000E+00  0.98339181E-19 -0.82927335E-34
  0.30000000E+00  0.70529403E-19 -0.49819949E-34
  0.40000000E+00  0.53215946E-19 -0.32339482E-34
  0.50000000E+00  0.41633722E-19 -0.22170804E-34
  0.60000000E+00  0.33470913E-19 -0.15836154E-34
  0.70000000E+00  0.27481969E-19 -0.11723887E-34
  0.80000000E+00  0.22944926E-19 -0.89242071E-35
  0.90000000E+00  0.19417320E-19 -0.69689656E-35
  0.10000000E+01  0.16615394E-19 -0.55476709E-35
  0.11000000E+01  0.14350091E-19 -0.45034008E-35
  0.12000000E+01  0.12491248E-19 -0.37098795E-35
  0.13000000E+01  0.10946670E-19 -0.31009797E-35
  0.14000000E+01  0.96494134E-20 -0.26193912E-35
  0.15000000E+01  0.85497942E-20 -0.22410043E-35
  0.16000000E+01  0.76102241E-20 -0.19332741E-35
  0.17000000E+01  0.68017767E-20 -0.16782094E-35
  0.18000000E+01  0.61018521E-20 -0.14698299E-35
  0.19000000E+01  0.54925549E-20 -0.12973367E-35
  0.20000000E+01  0.49595437E-20 -0.11526950E-35
  0.21000000E+01  0.44912022E-20 -0.10267341E-35
  0.22000000E+01  0.40780299E-20 -0.92541462E-36
  0.23000000E+01  0.37121905E-20 -0.83263191E-36
  0.24000000E+01  0.33871694E-20 -0.75503980E-36
  0.25000000E+01  0.30975130E-20 -0.68694586E-36
  0.26000000E+01  0.28386267E-20 -0.62502123E-36
  0.27000000E+01  0.26066174E-20 -0.57284549E-36
  0.28000000E+01  0.23981688E-20 -0.52862280E-36
  0.29000000E+01  0.22104427E-20 -0.48579583E-36
  0.30000000E+01  0.20409988E-20 -0.44901437E-36
  0.31000000E+01  0.18877307E-20 -0.41576021E-36
  0.32000000E+01  0.17488132E-20 -0.38708008E-36
  0.33000000E+01  0.16226594E-20 -0.36068488E-36
  0.34000000E+01  0.15078849E-20 -0.33662784E-36
  0.35000000E+01  0.14032785E-20 -0.31467152E-36
  0.36000000E+01  0.13077773E-20 -0.29527814E-36
  0.37000000E+01  0.12204461E-20 -0.27751421E-36
  0.38000000E+01  0.11404602E-20 -0.26062673E-36
  0.39000000E+01  0.10670902E-20 -0.24655214E-36
  0.40000000E+01  0.99968999E-21 -0.23251226E-36
  0.41000000E+01  0.93768559E-21 -0.21953432E-36
  0.42000000E+01  0.88056634E-21 -0.20713980E-36
  0.43000000E+01  0.82787691E-21 -0.19774990E-36
  0.44000000E+01  0.77921058E-21 -0.18657447E-36
  0.45000000E+01  0.73420337E-21 -0.17758692E-36
  0.46000000E+01  0.69252901E-21 -0.16954239E-36
  0.47000000E+01  0.65389454E-21 -0.16074061E-36
  0.48000000E+01  0.61803649E-21 -0.15411834E-36
  0.49000000E+01  0.58471756E-21 -0.14731554E-36
  0.50000000E+01  0.55372367E-21 -0.14035787E-36
  0.51000000E+01  0.52486143E-21 -0.13447541E-36
  0.52000000E+01  0.49795591E-21 -0.12860059E-36
  0.53000000E+01  0.47284863E-21 -0.12329053E-36
  0.54000000E+01  0.44939585E-21 -0.11815968E-36
  0.55000000E+01  0.42746702E-21 -0.11420802E-36
  0.56000000E+01  0.40694342E-21 -0.10921373E-36
  0.57000000E+01  0.38771697E-21 -0.10494812E-36
  0.58000000E+01  0.36968914E-21 -0.10105356E-36
  0.59000000E+01  0.35277003E-21 -0.97365332E-37
  0.60000000E+01  0.33687748E-21 -0.94117503E-37
  0.61000000E+01  0.32193638E-21 -0.90262911E-37
  0.62000000E+01  0.30787792E-21 -0.87536873E-37
  0.63000000E+01  0.29463905E-21 -0.83961130E-37
  0.64000000E+01  0.28216193E-21 -0.81668944E-37
  0.65000000E+01  0.27039342E-21 -0.78540930E-37
  0.66000000E+01  0.25928467E-21 -0.76083413E-37
  0.67000000E+01  0.24879074E-21 -0.73846817E-37
  0.68000000E+01  0.23887023E-21 -0.71502370E-37
  0.69000000E+01  0.22948494E-21 -0.69273079E-37
  0.70000000E+01  0.22059968E-21 -0.66900264E-37
  0.71000000E+01  0.21218189E-21 -0.65013650E-37
  0.72000000E+01  0.20420150E-21 -0.63117478E-37
  0.73000000E+01  0.19663068E-21 -0.61105655E-37
  0.74000000E+01  0.18944368E-21 -0.59486650E-37
  0.75000000E+01  0.18261660E-21 -0.57849842E-37
  0.76000000E+01  0.17612730E-21 -0.56315129E-37
  0.77000000E+01  0.16995521E-21 -0.54841761E-37
  0.78000000E+01  0.16408124E-21 -0.53364324E-37
  0.79000000E+01  0.15848764E-21 -0.51649807E-37
  0.80000000E+01  0.15315787E-21 -0.50557032E-37
  0.81000000E+01  0.14807655E-21 -0.49172089E-37
  0.82000000E+01  0.14322936E-21 -0.47938991E-37
  0.83000000E+01  0.13860292E-21 -0.46673425E-37
  0.84000000E+01  0.13418477E-21 -0.45343104E-37
  0.85000000E+01  0.12996327E-21 -0.44416853E-37
  0.86000000E+01  0.12592752E-21 -0.43313587E-37
  0.87000000E+01  0.12206736E-21 -0.42203101E-37
  0.88000000E+01  0.11837328E-21 -0.41269796E-37
  0.89000000E+01  0.11483635E-21 -0.40196317E-37
  0.90000000E+01  0.11144823E-21 -0.39387027E-37
  0.91000000E+01  0.10820109E-21 -0.38390683E-37
  0.92000000E+01  0.10508760E-21 -0.37390018E-37
  0.93000000E+01  0.10210085E-21 -0.36655234E-37
  0.94000000E+01  0.99234395E-22 -0.35910056E-37
  0.95000000E+01  0.96482138E-22 -0.35000400E-37
  0.96000000E+01  0.93838365E-22 -0.34338593E-37
  0.97000000E+01  0.91297699E-22 -0.33602530E-37
  0.98000000E+01  0.88855075E-22 -0.32836805E-37
  0.99000000E+01  0.86505727E-22 -0.32134960E-37
  0.10000000E+02  0.84245160E-22 -0.31303683E-37
  0.10100000E+02  0.82069138E-22 -0.30808100E-37
  0.10200000E+02  0.79973665E-22 -0.30123397E-37
  0.10300000E+02  0.77954967E-22 -0.29547523E-37
  0.10400000E+02  0.76009483E-22 -0.28981886E-37
  0.10500000E+02  0.74133847E-22 -0.28500372E-37
  0.10600000E+02  0.72324878E-22 -0.27902636E-37
  0.10700000E+02  0.70579566E-22 -0.27300274E-37
  0.10800000E+02  0.68895065E-22 -0.26800693E-37
  0.10900000E+02  0.67268679E-22 -0.26208956E-37
  0.11000000E+02  0.65697855E-22 -0.25783057E-37
  0.11100000E+02  0.64180175E-22 -0.25297384E-37
  0.11200000E+02  0.62713345E-22 -0.24914733E-37
  0.11300000E+02  0.61295191E-22 -0.24403220E-37
  0.11400000E+02  0.59923649E-22 -0.24006313E-37
  0.11500000E+02  0.58596760E-22 -0.23651647E-37
  0.11600000E+02  0.57312665E-22 -0.23109592E-37
  0.11700000E+02  0.56069595E-22 -0.22707972E-37
  0.11800000E+02  0.54865870E-22 -0.22281066E-37
  0.11900000E+02  0.53699894E-22 -0.21895008E-37
  0.12000000E+02  0.52570148E-22 -0.21622484E-37
  0.12100000E+02  0.51475183E-22 -0.21280093E-37
  0.12200000E+02  0.50413625E-22 -0.20887906E-37
  0.12300000E+02  0.49384162E-22 -0.20471203E-37
  0.12400000E+02  0.48385545E-22 -0.20201458E-37
  0.12500000E+02  0.47416583E-22 -0.19851267E-37
  0.12600000E+02  0.46476140E-22 -0.19434958E-37
  0.12700000E+02  0.45563134E-22 -0.19219146E-37
  0.12800000E+02  0.44676531E-22 -0.18814635E-37
  0.12900000E+02  0.43815344E-22 -0.18501599E-37
  0.13000000E+02  0.42978633E-22 -0.18304646E-37
  0.13100000E+02  0.42165496E-22 -0.17964582E-37
  0.13200000E+02  0.41375075E-22 -0.17813946E-37
  0.13300000E+02  0.40606546E-22 -0.17379141E-37
  0.13400000E+02  0.39859125E-22 -0.17229712E-37
  0.13500000E+02  0.39132059E-22 -0.16864622E-37
  0.13600000E+02  0.38424629E-22 -0.16648194E-37
  0.13700000E+02  0.37736146E-22 -0.16410167E-37
  0.13800000E+02  0.37065952E-22 -0.16106760E-37
  0.13900000E+02  0.36413413E-22 -0.15968347E-37
  0.14000000E+02  0.35777926E-22 -0.15658039E-37
  0.14100000E+02  0.35158911E-22 -0.15496198E-37
  0.14200000E+02  0.34555811E-22 -0.15175741E-37
  0.14300000E+02  0.33968093E-22 -0.15013701E-37
  0.14400000E+02  0.33395246E-22 -0.14801950E-37
  0.14500000E+02  0.32836778E-22 -0.14595575E-37
  0.14600000E+02  0.32292220E-22 -0.14406444E-37
  0.14700000E+02  0.31761118E-22 -0.14206675E-37
  0.14800000E+02  0.31243039E-22 -0.13992871E-37
  0.14900000E+02  0.30737564E-22 -0.13817395E-37
  0.15000000E+02  0.30244293E-22 -0.13617489E-37
  0.15100000E+02  0.29762840E-22 -0.13443043E-37
  0.15200000E+02  0.29292835E-22 -0.13239796E-37
  0.15300000E+02  0.28833921E-22 -0.13066558E-37
  0.15400000E+02  0.28385755E-22 -0.12879091E-37
  0.15500000E+02  0.27948008E-22 -0.12764330E-37
  0.15600000E+02  0.27520361E-22 -0.12643941E-37
  0.15700000E+02  0.27102508E-22 -0.12400191E-37
  0.15800000E+02  0.26694157E-22 -0.12238503E-37
  0.15900000E+02  0.26295022E-22 -0.12045754E-37
  0.16000000E+02  0.25904830E-22 -0.11878708E-37
  0.16100000E+02  0.25523319E-22 -0.11755124E-37
  0.16200000E+02  0.25150234E-22 -0.11622148E-37
  0.16300000E+02  0.24785330E-22 -0.11458422E-37
  0.16400000E+02  0.24428372E-22 -0.11382114E-37
  0.16500000E+02  0.24079132E-22 -0.11196543E-37
  0.16600000E+02  0.23737389E-22 -0.11056892E-37
  0.16700000E+02  0.23402932E-22 -0.10907405E-37
  0.16800000E+02  0.23075557E-22 -0.10814194E-37
  0.16900000E+02  0.22755065E-22 -0.10708805E-37
  0.17000000E+02  0.22441266E-22 -0.10503282E-37
  0.17100000E+02  0.22133975E-22 -0.10415448E-37
  0.17200000E+02  0.21833014E-22 -0.10316341E-37
  0.17300000E+02  0.21538211E-22 -0.10188906E-37
  0.17400000E+02  0.21249400E-22 -0.10048061E-37
  0.17500000E+02  0.20966420E-22 -0.99280157E-38
  0.17600000E+02  0.20689115E-22 -0.97802732E-38
  0.17700000E+02  0.20417335E-22 -0.97055922E-38
  0.17800000E+02  0.20150934E-22 -0.95723271E-38
  0.17900000E+02  0.19889771E-22 -0.95027733E-38
  0.18000000E+02  0.19633711E-22 -0.93466905E-38
  0.18100000E+02  0.19382621E-22 -0.92521035E-38
  0.18200000E+02  0.19136373E-22 -0.91903654E-38
  0.18300000E+02  0.18894844E-22 -0.91047905E-38
  0.18400000E+02  0.18657915E-22 -0.90101216E-38
  0.18500000E+02  0.18425468E-22 -0.88879127E-38
  0.18600000E+02  0.18197392E-22 -0.87730721E-38
  0.18700000E+02  0.17973578E-22 -0.86662495E-38
  0.18800000E+02  0.17753920E-22 -0.85959558E-38
  0.18900000E+02  0.17538316E-22 -0.84547271E-38
  0.19000000E+02  0.17326666E-22 -0.84110004E-38
  0.19100000E+02  0.17118875E-22 -0.83135516E-38
  0.19200000E+02  0.16914848E-22 -0.82321658E-38
  0.19300000E+02  0.16714496E-22 -0.81628158E-38
  0.19400000E+02  0.16517730E-22 -0.80452044E-38
  0.19500000E+02  0.16324466E-22 -0.79904874E-38
  0.19600000E+02  0.16134620E-22 -0.79048171E-38
  0.19700000E+02  0.15948112E-22 -0.78251886E-38
  0.19800000E+02  0.15764864E-22 -0.77221805E-38
  0.19900000E+02  0.15584801E-22 -0.76795236E-38
  0.20000000E+02  0.15407848E-22 -0.75961644E-38
  0.20100000E+02  0.15233935E-22 -0.74604176E-38
  0.20200000E+02  0.15062992E-22 -0.74282815E-38
  0.20300000E+02  0.14894951E-22 -0.73627882E-38
  0.20400000E+02  0.14729746E-22 -0.72591796E-38
  0.20500000E+02  0.14567315E-22 -0.72170886E-38
  0.20600000E+02  0.14407595E-22 -0.71284406E-38
  0.20700000E+02  0.14250526E-22 -0.70386443E-38
  0.20800000E+02  0.14096049E-22 -0.69896290E-38
  0.20900000E+02  0.13944108E-22 -0.69341180E-38
  0.21000000E+02  0.13794646E-22 -0.68478566E-38
  0.21100000E+02  0.13647610E-22 -0.68010461E-38
  0.21200000E+02  0.13502948E-22 -0.67253789E-38
  0.21300000E+02  0.13360608E-22 -0.66684655E-38
  0.21400000E+02  0.13220541E-22 -0.66325804E-38
  0.21500000E+02  0.13082698E-22 -0.65487447E-38
  0.21600000E+02  0.12947032E-22 -0.64653942E-38
  0.21700000E+02  0.12813498E-22 -0.64069139E-38
  0.21800000E+02  0.12682051E-22 -0.63490372E-38
  0.21900000E+02  0.12552646E-22 -0.62750998E-38
  0.22000000E+02  0.12425243E-22 -0.62698726E-38
  0.22100000E+02  0.12299799E-22 -0.61940215E-38
  0.22200000E+02  0.12176274E-22 -0.61272602E-38
  0.22300000E+02  0.12054630E-22 -0.60855521E-38
  0.22400000E+02  0.11934827E-22 -0.60321463E-38
  0.22500000E+02  0.11816830E-22 -0.59792459E-38
  0.22600000E+02  0.11700600E-22 -0.59038744E-38
  0.22700000E+02  0.11586104E-22 -0.58563077E-38
  0.22800000E+02  0.11473306E-22 -0.58013960E-38
  0.22900000E+02  0.11362173E-22 -0.57520179E-38
  0.23000000E+02  0.11252672E-22 -0.57108962E-38
  0.23100000E+02  0.11144771E-22 -0.56747789E-38
  0.23200000E+02  0.11038439E-22 -0.56246149E-38
  0.23300000E+02  0.10933645E-22 -0.55595933E-38
  0.23400000E+02  0.10830359E-22 -0.55038659E-38
  0.23500000E+02  0.10728553E-22 -0.54655203E-38
  0.23600000E+02  0.10628198E-22 -0.54395982E-38
  0.23700000E+02  0.10529267E-22 -0.53769775E-38
  0.23800000E+02  0.10431733E-22 -0.53331089E-38
  0.23900000E+02  0.10335568E-22 -0.52891007E-38
  0.24000000E+02  0.10240748E-22 -0.52414232E-38
  0.24100000E+02  0.10147247E-22 -0.52056596E-38
  0.24200000E+02  0.10055041E-22 -0.51536801E-38
  0.24300000E+02  0.99641058E-23 -0.51228141E-38
  0.24400000E+02  0.98744178E-23 -0.50695678E-38
  0.24500000E+02  0.97859543E-23 -0.50217232E-38
  0.24600000E+02  0.96986929E-23 -0.49841043E-38
  0.24700000E+02  0.96126117E-23 -0.49519444E-38
  0.24800000E+02  0.95276893E-23 -0.49272751E-38
  0.24900000E+02  0.94439050E-23 -0.48710220E-38
  0.25000000E+02  0.93612382E-23 -0.48176937E-38
  0.25100000E+02  0.92796690E-23 -0.47843102E-38
  0.25200000E+02  0.91991779E-23 -0.47378724E-38
  0.25300000E+02  0.91197459E-23 -0.47142361E-38
  0.25400000E+02  0.90413543E-23 -0.46704522E-38
  0.25500000E+02  0.89639848E-23 -0.46608683E-38
  0.25600000E+02  0.88876196E-23 -0.45951509E-38
  0.25700000E+02  0.88122412E-23 -0.45606758E-38
  0.25800000E+02  0.87378326E-23 -0.45283919E-38
  0.25900000E+02  0.86643771E-23 -0.44923262E-38
  0.26000000E+02  0.85918582E-23 -0.44710699E-38
  0.26100000E+02  0.85202601E-23 -0.44087979E-38
  0.26200000E+02  0.84495670E-23 -0.44050371E-38
  0.26300000E+02  0.83797637E-23 -0.43571287E-38
  0.26400000E+02  0.83108350E-23 -0.43098732E-38
  0.26500000E+02  0.82427664E-23 -0.42710322E-38
  0.26600000E+02  0.81755435E-23 -0.42568497E-38
  0.26700000E+02  0.81091522E-23 -0.42144579E-38
  0.26800000E+02  0.80435787E-23 -0.41983905E-38
  0.26900000E+02  0.79788095E-23 -0.41423149E-38
  0.27000000E+02  0.79148313E-23 -0.41401792E-38
  0.27100000E+02  0.78516314E-23 -0.41038001E-38
  0.27200000E+02  0.77891968E-23 -0.40529770E-38
  0.27300000E+02  0.77275153E-23 -0.40372185E-38
  0.27400000E+02  0.76665747E-23 -0.39927498E-38
  0.27500000E+02  0.76063630E-23 -0.39740232E-38
  0.27600000E+02  0.75468686E-23 -0.39444658E-38
  0.27700000E+02  0.74880799E-23 -0.39492652E-38
  0.27800000E+02  0.74299859E-23 -0.39022542E-38
  0.27900000E+02  0.73725754E-23 -0.38589996E-38
  0.28000000E+02  0.73158377E-23 -0.38459309E-38
  0.28100000E+02  0.72597622E-23 -0.38045474E-38
  0.28200000E+02  0.72043386E-23 -0.37841902E-38
  0.28300000E+02  0.71495567E-23 -0.37497574E-38
  0.28400000E+02  0.70954065E-23 -0.37382319E-38
  0.28500000E+02  0.70418783E-23 -0.36959797E-38
  0.28600000E+02  0.69889625E-23 -0.36810690E-38
  0.28700000E+02  0.69366497E-23 -0.36538018E-38
  0.28800000E+02  0.68849307E-23 -0.36433759E-38
  0.28900000E+02  0.68337964E-23 -0.35924526E-38
  0.29000000E+02  0.67832380E-23 -0.35766875E-38
  0.29100000E+02  0.67332468E-23 -0.35329917E-38
  0.29200000E+02  0.66838143E-23 -0.35398791E-38
  0.29300000E+02  0.66349320E-23 -0.35139114E-38
  0.29400000E+02  0.65865919E-23 -0.34918229E-38
  0.29500000E+02  0.65387857E-23 -0.34701118E-38
  0.29600000E+02  0.64915056E-23 -0.34328554E-38
  0.29700000E+02  0.64447438E-23 -0.34047835E-38
  0.29800000E+02  0.63984928E-23 -0.33884088E-38
  0.29900000E+02  0.63527450E-23 -0.33895958E-38
  0.30000000E+02  0.63074931E-23 -0.33585781E-38
  0.30100000E+02  0.62627298E-23 -0.33056015E-38
  0.30200000E+02  0.62184482E-23 -0.32985924E-38
  0.30300000E+02  0.61746412E-23 -0.32742397E-38
  0.30400000E+02  0.61313020E-23 -0.32534707E-38
  0.30500000E+02  0.60884240E-23 -0.32340206E-38
  0.30600000E+02  0.60460004E-23 -0.32109652E-38
  0.30700000E+02  0.60040250E-23 -0.31890105E-38
  0.30800000E+02  0.59624913E-23 -0.31834964E-38
  0.30900000E+02  0.59213931E-23 -0.31512630E-38
  0.31000000E+02  0.58807243E-23 -0.31190647E-38
  0.31100000E+02  0.58404788E-23 -0.31055055E-38
  0.31200000E+02  0.58006508E-23 -0.30994756E-38
  0.31300000E+02  0.57612343E-23 -0.30666497E-38
  0.31400000E+02  0.57222239E-23 -0.30530035E-38
  0.31500000E+02  0.56836137E-23 -0.30239259E-38
  0.31600000E+02  0.56453983E-23 -0.30089992E-38
  0.31700000E+02  0.56075724E-23 -0.29859770E-38
  0.31800000E+02  0.55701305E-23 -0.29645532E-38
  0.31900000E+02  0.55330674E-23 -0.29592481E-38
  0.32000000E+02  0.54963780E-23 -0.29206463E-38
  0.32100000E+02  0.54600573E-23 -0.29265228E-38
  0.32200000E+02  0.54241002E-23 -0.29058424E-38
  0.32300000E+02  0.53885019E-23 -0.28817216E-38
  0.32400000E+02  0.53532576E-23 -0.28619845E-38
  0.32500000E+02  0.53183626E-23 -0.28478848E-38
  0.32600000E+02  0.52838122E-23 -0.28322515E-38
  0.32700000E+02  0.52496018E-23 -0.28206753E-38
  0.32800000E+02  0.52157270E-23 -0.27891862E-38
  0.32900000E+02  0.51821833E-23 -0.27701834E-38
  0.33000000E+02  0.51489665E-23 -0.27585332E-38
  0.33100000E+02  0.51160721E-23 -0.27433177E-38
  0.33200000E+02  0.50834961E-23 -0.27184509E-38
  0.33300000E+02  0.50512343E-23 -0.27150716E-38
  0.33400000E+02  0.50192826E-23 -0.26958153E-38
  0.33500000E+02  0.49876371E-23 -0.26685429E-38
  0.33600000E+02  0.49562937E-23 -0.26452904E-38
  0.33700000E+02  0.49252487E-23 -0.26422264E-38
  0.33800000E+02  0.48944982E-23 -0.26339862E-38
  0.33900000E+02  0.48640384E-23 -0.26173406E-38
  0.34000000E+02  0.48338658E-23 -0.25882986E-38
  0.34100000E+02  0.48039765E-23 -0.25800645E-38
  0.34200000E+02  0.47743672E-23 -0.25663615E-38
  0.34300000E+02  0.47450342E-23 -0.25624610E-38
  0.34400000E+02  0.47159741E-23 -0.25267030E-38
  0.34500000E+02  0.46871835E-23 -0.25270653E-38
  0.34600000E+02  0.46586590E-23 -0.25159066E-38
  0.34700000E+02  0.46303974E-23 -0.24924475E-38
  0.34800000E+02  0.46023953E-23 -0.24766413E-38
  0.34900000E+02  0.45746497E-23 -0.24638164E-38
  0.35000000E+02  0.45471573E-23 -0.24436823E-38
  0.35100000E+02  0.45199150E-23 -0.24550261E-38
  0.35200000E+02  0.44929198E-23 -0.24154484E-38
  0.35300000E+02  0.44661687E-23 -0.24073917E-38
  0.35400000E+02  0.44396587E-23 -0.23914132E-38
  0.35500000E+02  0.44133869E-23 -0.23798991E-38
  0.35600000E+02  0.43873505E-23 -0.23685389E-38
  0.35700000E+02  0.43615465E-23 -0.23517794E-38
  0.35800000E+02  0.43359723E-23 -0.23514896E-38
  0.35900000E+02  0.43106250E-23 -0.23291942E-38
  0.36000000E+02  0.42855020E-23 -0.23153164E-38
  0.36100000E+02  0.42606007E-23 -0.23088806E-38
  0.36200000E+02  0.42359183E-23 -0.22934936E-38
  0.36300000E+02  0.42114523E-23 -0.22930644E-38
  0.36400000E+02  0.41872002E-23 -0.22633688E-38
  0.36500000E+02  0.41631594E-23 -0.22573568E-38
  0.36600000E+02  0.41393275E-23 -0.22373541E-38
  0.36700000E+02  0.41157020E-23 -0.22211870E-38
  0.36800000E+02  0.40922806E-23 -0.22197378E-38
  0.36900000E+02  0.40690609E-23 -0.22059343E-38
  0.37000000E+02  0.40460405E-23 -0.22060594E-38
  0.37100000E+02  0.40232172E-23 -0.21807475E-38
  0.37200000E+02  0.40005887E-23 -0.21650045E-38
  0.37300000E+02  0.39781527E-23 -0.21728962E-38
  0.37400000E+02  0.39559072E-23 -0.21356793E-38
  0.37500000E+02  0.39338498E-23 -0.21404534E-38
  0.37600000E+02  0.39119784E-23 -0.21252576E-38
  0.37700000E+02  0.38902911E-23 -0.21131790E-38
  0.37800000E+02  0.38687856E-23 -0.21013511E-38
  0.37900000E+02  0.38474599E-23 -0.20855224E-38
  0.38000000E+02  0.38263121E-23 -0.20803767E-38
  0.38100000E+02  0.38053401E-23 -0.20690775E-38
  0.38200000E+02  0.37845420E-23 -0.20579457E-38
  0.38300000E+02  0.37639158E-23 -0.20473036E-38
  0.38400000E+02  0.37434596E-23 -0.20398772E-38
  0.38500000E+02  0.37231716E-23 -0.20317566E-38
  0.38600000E+02  0.37030499E-23 -0.20060921E-38
  0.38700000E+02  0.36830926E-23 -0.20071770E-38
  0.38800000E+02  0.36632980E-23 -0.19937964E-38
  0.38900000E+02  0.36436643E-23 -0.19767676E-38
  0.39000000E+02  0.36241897E-23 -0.19719200E-38
  0.39100000E+02  0.36048726E-23 -0.19614413E-38
  0.39200000E+02  0.35857111E-23 -0.19550106E-38
  0.39300000E+02  0.35667036E-23 -0.19322311E-38
  0.39400000E+02  0.35478485E-23 -0.19368660E-38
  0.39500000E+02  0.35291441E-23 -0.19268977E-38
  0.39600000E+02  0.35105888E-23 -0.19086064E-38
  0.39700000E+02  0.34921810E-23 -0.18943889E-38
  0.39800000E+02  0.34739192E-23 -0.19001973E-38
  0.39900000E+02  0.34558017E-23 -0.18902917E-38
  0.40000000E+02  0.34378271E-23 -0.18740519E-38
