  0.00000000E+00 -0.80882190E-18 -0.57649007E-34
  0.10000000E+00 -0.58678873E-18 -0.42459505E-34
  0.20000000E+00 -0.39197083E-18 -0.28021464E-34
  0.30000000E+00 -0.28109720E-18 -0.19439279E-34
  0.40000000E+00 -0.21204432E-18 -0.14148957E-34
  0.50000000E+00 -0.16585486E-18 -0.10678191E-34
  0.60000000E+00 -0.13330084E-18 -0.82870311E-35
  0.70000000E+00 -0.10941185E-18 -0.66250825E-35
  0.80000000E+00 -0.91309447E-19 -0.53963065E-35
  0.90000000E+00 -0.77230729E-19 -0.44783439E-35
  0.10000000E+01 -0.66045491E-19 -0.37805303E-35
  0.11000000E+01 -0.57000732E-19 -0.32328294E-35
  0.12000000E+01 -0.49577948E-19 -0.27849200E-35
  0.13000000E+01 -0.43409770E-19 -0.24235090E-35
  0.14000000E+01 -0.38229338E-19 -0.21330893E-35
  0.15000000E+01 -0.33838521E-19 -0.18836881E-35
  0.16000000E+01 -0.30087355E-19 -0.16772164E-35
  0.17000000E+01 -0.26860381E-19 -0.15097357E-35
  0.18000000E+01 -0.24067354E-19 -0.13557034E-35
  0.19000000E+01 -0.21636785E-19 -0.12295052E-35
  0.20000000E+01 -0.19511359E-19 -0.11152120E-35
  0.21000000E+01 -0.17644633E-19 -0.10165728E-35
  0.22000000E+01 -0.15998614E-19 -0.93239875E-36
  0.23000000E+01 -0.14541951E-19 -0.85942221E-36
  0.24000000E+01 -0.13248574E-19 -0.78996624E-36
  0.25000000E+01 -0.12096656E-19 -0.73044771E-36
  0.26000000E+01 -0.11067800E-19 -0.67564902E-36
  0.27000000E+01 -0.10146419E-19 -0.62816627E-36
  0.28000000E+01 -0.93192311E-20 -0.58522402E-36
  0.29000000E+01 -0.85748687E-20 -0.54594038E-36
  0.30000000E+01 -0.79035572E-20 -0.50998164E-36
  0.31000000E+01 -0.72968591E-20 -0.48035717E-36
  0.32000000E+01 -0.67474635E-20 -0.44975438E-36
  0.33000000E+01 -0.62490136E-20 -0.42373758E-36
  0.34000000E+01 -0.57959646E-20 -0.39896222E-36
  0.35000000E+01 -0.53834654E-20 -0.37715907E-36
  0.36000000E+01 -0.50072598E-20 -0.35611007E-36
  0.37000000E+01 -0.46636034E-20 -0.33687687E-36
  0.38000000E+01 -0.43491944E-20 -0.31959675E-36
  0.39000000E+01 -0.40611140E-20 -0.30286935E-36
  0.40000000E+01 -0.37967762E-20 -0.28774535E-36
  0.41000000E+01 -0.35538852E-20 -0.27361321E-36
  0.42000000E+01 -0.33303986E-20 -0.26063416E-36
  0.43000000E+01 -0.31244960E-20 -0.24891519E-36
  0.44000000E+01 -0.29345517E-20 -0.23762738E-36
  0.45000000E+01 -0.27591116E-20 -0.22667142E-36
  0.46000000E+01 -0.25968725E-20 -0.21689542E-36
  0.47000000E+01 -0.24466649E-20 -0.20736078E-36
  0.48000000E+01 -0.23074375E-20 -0.19890541E-36
  0.49000000E+01 -0.21782435E-20 -0.19096401E-36
  0.50000000E+01 -0.20582295E-20 -0.18373958E-36
  0.51000000E+01 -0.19466248E-20 -0.17650557E-36
  0.52000000E+01 -0.18427327E-20 -0.16974609E-36
  0.53000000E+01 -0.17459222E-20 -0.16253521E-36
  0.54000000E+01 -0.16556213E-20 -0.15700061E-36
  0.55000000E+01 -0.15713111E-20 -0.15021414E-36
  0.56000000E+01 -0.14925195E-20 -0.14540013E-36
  0.57000000E+01 -0.14188173E-20 -0.14048007E-36
  0.58000000E+01 -0.13498133E-20 -0.13584201E-36
  0.59000000E+01 -0.12851510E-20 -0.13024450E-36
  0.60000000E+01 -0.12245045E-20 -0.12644965E-36
  0.61000000E+01 -0.11675762E-20 -0.12206206E-36
  0.62000000E+01 -0.11140938E-20 -0.11796093E-36
  0.63000000E+01 -0.10638077E-20 -0.11440590E-36
  0.64000000E+01 -0.10164892E-20 -0.11104576E-36
  0.65000000E+01 -0.97192838E-21 -0.10749192E-36
  0.66000000E+01 -0.92993235E-21 -0.10425290E-36
  0.67000000E+01 -0.89032377E-21 -0.10093745E-36
  0.68000000E+01 -0.85293939E-21 -0.98076860E-37
  0.69000000E+01 -0.81762884E-21 -0.95149832E-37
  0.70000000E+01 -0.78425344E-21 -0.92574651E-37
  0.71000000E+01 -0.75268523E-21 -0.89594902E-37
  0.72000000E+01 -0.72280600E-21 -0.87403936E-37
  0.73000000E+01 -0.69450646E-21 -0.85051494E-37
  0.74000000E+01 -0.66768550E-21 -0.82714999E-37
  0.75000000E+01 -0.64224950E-21 -0.80391586E-37
  0.76000000E+01 -0.61811169E-21 -0.78228794E-37
  0.77000000E+01 -0.59519160E-21 -0.76315384E-37
  0.78000000E+01 -0.57341452E-21 -0.74240395E-37
  0.79000000E+01 -0.55271108E-21 -0.72237941E-37
  0.80000000E+01 -0.53301677E-21 -0.70252662E-37
  0.81000000E+01 -0.51427160E-21 -0.68556788E-37
  0.82000000E+01 -0.49641971E-21 -0.67208874E-37
  0.83000000E+01 -0.47940907E-21 -0.65473712E-37
  0.84000000E+01 -0.46319116E-21 -0.63751272E-37
  0.85000000E+01 -0.44772073E-21 -0.62355976E-37
  0.86000000E+01 -0.43295553E-21 -0.60811373E-37
  0.87000000E+01 -0.41885611E-21 -0.59567069E-37
  0.88000000E+01 -0.40538557E-21 -0.57864011E-37
  0.89000000E+01 -0.39250942E-21 -0.56847627E-37
  0.90000000E+01 -0.38019535E-21 -0.55559877E-37
  0.91000000E+01 -0.36841313E-21 -0.54240450E-37
  0.92000000E+01 -0.35713442E-21 -0.53171981E-37
  0.93000000E+01 -0.34633265E-21 -0.51773832E-37
  0.94000000E+01 -0.33598287E-21 -0.50532158E-37
  0.95000000E+01 -0.32606169E-21 -0.49622596E-37
  0.96000000E+01 -0.31654713E-21 -0.48600300E-37
  0.97000000E+01 -0.30741852E-21 -0.47760551E-37
  0.98000000E+01 -0.29865644E-21 -0.46702330E-37
  0.99000000E+01 -0.29024259E-21 -0.45526919E-37
  0.10000000E+02 -0.28215978E-21 -0.44807005E-37
  0.10100000E+02 -0.27439179E-21 -0.44038641E-37
  0.10200000E+02 -0.26692335E-21 -0.43071833E-37
  0.10300000E+02 -0.25974006E-21 -0.42193291E-37
  0.10400000E+02 -0.25282833E-21 -0.41390298E-37
  0.10500000E+02 -0.24617533E-21 -0.40612495E-37
  0.10600000E+02 -0.23976895E-21 -0.39854876E-37
  0.10700000E+02 -0.23359776E-21 -0.39141068E-37
  0.10800000E+02 -0.22765094E-21 -0.38352646E-37
  0.10900000E+02 -0.22191826E-21 -0.37770072E-37
  0.11000000E+02 -0.21639006E-21 -0.36909040E-37
  0.11100000E+02 -0.21105715E-21 -0.36361706E-37
  0.11200000E+02 -0.20591089E-21 -0.35795839E-37
  0.11300000E+02 -0.20094304E-21 -0.34958190E-37
  0.11400000E+02 -0.19614583E-21 -0.34290246E-37
  0.11500000E+02 -0.19151186E-21 -0.33580015E-37
  0.11600000E+02 -0.18703414E-21 -0.33194363E-37
  0.11700000E+02 -0.18270600E-21 -0.32732033E-37
  0.11800000E+02 -0.17852114E-21 -0.32007383E-37
  0.11900000E+02 -0.17447356E-21 -0.31455195E-37
  0.12000000E+02 -0.17055757E-21 -0.30983265E-37
  0.12100000E+02 -0.16676774E-21 -0.30452345E-37
  0.12200000E+02 -0.16309893E-21 -0.29913923E-37
  0.12300000E+02 -0.15954623E-21 -0.29480984E-37
  0.12400000E+02 -0.15610499E-21 -0.28960661E-37
  0.12500000E+02 -0.15277075E-21 -0.28600117E-37
  0.12600000E+02 -0.14953929E-21 -0.28091140E-37
  0.12700000E+02 -0.14640658E-21 -0.27666284E-37
  0.12800000E+02 -0.14336878E-21 -0.27217650E-37
  0.12900000E+02 -0.14042222E-21 -0.26793430E-37
  0.13000000E+02 -0.13756342E-21 -0.26373590E-37
  0.13100000E+02 -0.13478903E-21 -0.25987763E-37
  0.13200000E+02 -0.13209587E-21 -0.25600086E-37
  0.13300000E+02 -0.12948090E-21 -0.25215343E-37
  0.13400000E+02 -0.12694123E-21 -0.24891771E-37
  0.13500000E+02 -0.12447408E-21 -0.24373769E-37
  0.13600000E+02 -0.12207679E-21 -0.23983353E-37
  0.13700000E+02 -0.11974683E-21 -0.23737857E-37
  0.13800000E+02 -0.11748179E-21 -0.23414403E-37
  0.13900000E+02 -0.11527933E-21 -0.23020840E-37
  0.14000000E+02 -0.11313723E-21 -0.22749194E-37
  0.14100000E+02 -0.11105338E-21 -0.22373619E-37
  0.14200000E+02 -0.10902574E-21 -0.22058799E-37
  0.14300000E+02 -0.10705235E-21 -0.21797084E-37
  0.14400000E+02 -0.10513135E-21 -0.21526645E-37
  0.14500000E+02 -0.10326095E-21 -0.21077523E-37
  0.14600000E+02 -0.10143943E-21 -0.20961239E-37
  0.14700000E+02 -0.99665141E-22 -0.20599353E-37
  0.14800000E+02 -0.97936504E-22 -0.20288952E-37
  0.14900000E+02 -0.96252004E-22 -0.19999929E-37
  0.15000000E+02 -0.94610185E-22 -0.19755739E-37
  0.15100000E+02 -0.93009648E-22 -0.19561844E-37
  0.15200000E+02 -0.91449052E-22 -0.19329588E-37
  0.15300000E+02 -0.89927108E-22 -0.18977488E-37
  0.15400000E+02 -0.88442575E-22 -0.18749643E-37
  0.15500000E+02 -0.86994262E-22 -0.18562693E-37
  0.15600000E+02 -0.85581025E-22 -0.18302216E-37
  0.15700000E+02 -0.84201761E-22 -0.18034024E-37
  0.15800000E+02 -0.82855411E-22 -0.17842693E-37
  0.15900000E+02 -0.81540956E-22 -0.17587718E-37
  0.16000000E+02 -0.80257413E-22 -0.17363006E-37
  0.16100000E+02 -0.79003839E-22 -0.17203579E-37
  0.16200000E+02 -0.77779324E-22 -0.16957208E-37
  0.16300000E+02 -0.76582991E-22 -0.16783147E-37
  0.16400000E+02 -0.75413997E-22 -0.16497124E-37
  0.16500000E+02 -0.74271527E-22 -0.16339705E-37
  0.16600000E+02 -0.73154799E-22 -0.16117795E-37
  0.16700000E+02 -0.72063055E-22 -0.15932706E-37
  0.16800000E+02 -0.70995567E-22 -0.15715044E-37
  0.16900000E+02 -0.69951633E-22 -0.15554742E-37
  0.17000000E+02 -0.68930573E-22 -0.15386010E-37
  0.17100000E+02 -0.67931734E-22 -0.15250434E-37
  0.17200000E+02 -0.66954483E-22 -0.15002139E-37
  0.17300000E+02 -0.65998212E-22 -0.14902325E-37
  0.17400000E+02 -0.65062330E-22 -0.14729917E-37
  0.17500000E+02 -0.64146270E-22 -0.14583176E-37
  0.17600000E+02 -0.63249482E-22 -0.14346943E-37
  0.17700000E+02 -0.62371435E-22 -0.14237044E-37
  0.17800000E+02 -0.61511616E-22 -0.14034611E-37
  0.17900000E+02 -0.60669530E-22 -0.13891544E-37
  0.18000000E+02 -0.59844697E-22 -0.13661376E-37
  0.18100000E+02 -0.59036654E-22 -0.13503649E-37
  0.18200000E+02 -0.58244952E-22 -0.13427634E-37
  0.18300000E+02 -0.57469158E-22 -0.13256692E-37
  0.18400000E+02 -0.56708852E-22 -0.13113453E-37
  0.18500000E+02 -0.55963628E-22 -0.12952808E-37
  0.18600000E+02 -0.55233092E-22 -0.12865870E-37
  0.18700000E+02 -0.54516866E-22 -0.12711745E-37
  0.18800000E+02 -0.53814579E-22 -0.12535385E-37
  0.18900000E+02 -0.53125876E-22 -0.12433075E-37
  0.19000000E+02 -0.52450410E-22 -0.12304281E-37
  0.19100000E+02 -0.51787846E-22 -0.12189718E-37
  0.19200000E+02 -0.51137861E-22 -0.12027188E-37
  0.19300000E+02 -0.50500140E-22 -0.11908101E-37
  0.19400000E+02 -0.49874377E-22 -0.11762542E-37
  0.19500000E+02 -0.49260278E-22 -0.11703666E-37
  0.19600000E+02 -0.48657555E-22 -0.11534111E-37
  0.19700000E+02 -0.48065932E-22 -0.11453613E-37
  0.19800000E+02 -0.47485137E-22 -0.11283172E-37
  0.19900000E+02 -0.46914910E-22 -0.11207183E-37
  0.20000000E+02 -0.46354997E-22 -0.11053587E-37
  0.20100000E+02 -0.45805152E-22 -0.10960161E-37
  0.20200000E+02 -0.45265135E-22 -0.10887878E-37
  0.20300000E+02 -0.44734714E-22 -0.10769272E-37
  0.20400000E+02 -0.44213664E-22 -0.10612393E-37
  0.20500000E+02 -0.43701767E-22 -0.10569932E-37
  0.20600000E+02 -0.43198809E-22 -0.10411992E-37
  0.20700000E+02 -0.42704584E-22 -0.10358604E-37
  0.20800000E+02 -0.42218891E-22 -0.10268083E-37
  0.20900000E+02 -0.41741536E-22 -0.10133617E-37
  0.21000000E+02 -0.41272330E-22 -0.10046627E-37
  0.21100000E+02 -0.40811087E-22 -0.99944797E-38
  0.21200000E+02 -0.40357629E-22 -0.98501119E-38
  0.21300000E+02 -0.39911782E-22 -0.97881938E-38
  0.21400000E+02 -0.39473376E-22 -0.96781245E-38
  0.21500000E+02 -0.39042247E-22 -0.96163961E-38
  0.21600000E+02 -0.38618236E-22 -0.94984900E-38
  0.21700000E+02 -0.38201185E-22 -0.94378868E-38
  0.21800000E+02 -0.37790944E-22 -0.93532238E-38
  0.21900000E+02 -0.37387364E-22 -0.92607957E-38
  0.22000000E+02 -0.36990304E-22 -0.91663892E-38
  0.22100000E+02 -0.36599621E-22 -0.90940756E-38
  0.22200000E+02 -0.36215182E-22 -0.90329086E-38
  0.22300000E+02 -0.35836853E-22 -0.89234389E-38
  0.22400000E+02 -0.35464505E-22 -0.88579015E-38
  0.22500000E+02 -0.35098012E-22 -0.87826658E-38
  0.22600000E+02 -0.34737253E-22 -0.87152753E-38
  0.22700000E+02 -0.34382108E-22 -0.86146736E-38
  0.22800000E+02 -0.34032461E-22 -0.85312026E-38
  0.22900000E+02 -0.33688198E-22 -0.84881505E-38
  0.23000000E+02 -0.33349210E-22 -0.83572582E-38
  0.23100000E+02 -0.33015389E-22 -0.82958430E-38
  0.23200000E+02 -0.32686631E-22 -0.82374763E-38
  0.23300000E+02 -0.32362832E-22 -0.81744295E-38
  0.23400000E+02 -0.32043894E-22 -0.81267027E-38
  0.23500000E+02 -0.31729719E-22 -0.80427469E-38
  0.23600000E+02 -0.31420214E-22 -0.79381073E-38
  0.23700000E+02 -0.31115284E-22 -0.78912967E-38
  0.23800000E+02 -0.30814841E-22 -0.78424312E-38
  0.23900000E+02 -0.30518796E-22 -0.77819099E-38
  0.24000000E+02 -0.30227063E-22 -0.77008909E-38
  0.24100000E+02 -0.29939560E-22 -0.76316560E-38
  0.24200000E+02 -0.29656203E-22 -0.75686993E-38
  0.24300000E+02 -0.29376914E-22 -0.75187461E-38
  0.24400000E+02 -0.29101615E-22 -0.74272566E-38
  0.24500000E+02 -0.28830229E-22 -0.74025678E-38
  0.24600000E+02 -0.28562683E-22 -0.73603688E-38
  0.24700000E+02 -0.28298903E-22 -0.72842213E-38
  0.24800000E+02 -0.28038820E-22 -0.72374765E-38
  0.24900000E+02 -0.27782364E-22 -0.71518151E-38
  0.25000000E+02 -0.27529468E-22 -0.70791316E-38
  0.25100000E+02 -0.27280065E-22 -0.70167541E-38
  0.25200000E+02 -0.27034092E-22 -0.69658373E-38
  0.25300000E+02 -0.26791485E-22 -0.69414589E-38
  0.25400000E+02 -0.26552183E-22 -0.68856805E-38
  0.25500000E+02 -0.26316125E-22 -0.68068130E-38
  0.25600000E+02 -0.26083254E-22 -0.67716000E-38
  0.25700000E+02 -0.25853512E-22 -0.67336383E-38
  0.25800000E+02 -0.25626841E-22 -0.66767010E-38
  0.25900000E+02 -0.25403189E-22 -0.66145069E-38
  0.26000000E+02 -0.25182500E-22 -0.65561186E-38
  0.26100000E+02 -0.24964723E-22 -0.65033203E-38
  0.26200000E+02 -0.24749805E-22 -0.64389087E-38
  0.26300000E+02 -0.24537698E-22 -0.64017747E-38
  0.26400000E+02 -0.24328352E-22 -0.63670937E-38
  0.26500000E+02 -0.24121718E-22 -0.63001786E-38
  0.26600000E+02 -0.23917750E-22 -0.62602881E-38
  0.26700000E+02 -0.23716402E-22 -0.62084487E-38
  0.26800000E+02 -0.23517628E-22 -0.61506703E-38
  0.26900000E+02 -0.23321386E-22 -0.61414979E-38
  0.27000000E+02 -0.23127631E-22 -0.61024694E-38
  0.27100000E+02 -0.22936321E-22 -0.60536333E-38
  0.27200000E+02 -0.22747416E-22 -0.60064534E-38
  0.27300000E+02 -0.22560874E-22 -0.59757435E-38
  0.27400000E+02 -0.22376657E-22 -0.58976937E-38
  0.27500000E+02 -0.22194725E-22 -0.58766682E-38
  0.27600000E+02 -0.22015041E-22 -0.58214001E-38
  0.27700000E+02 -0.21837567E-22 -0.57678725E-38
  0.27800000E+02 -0.21662267E-22 -0.57367746E-38
  0.27900000E+02 -0.21489105E-22 -0.57007079E-38
  0.28000000E+02 -0.21318047E-22 -0.56651699E-38
  0.28100000E+02 -0.21149058E-22 -0.56142911E-38
  0.28200000E+02 -0.20982104E-22 -0.55707739E-38
  0.28300000E+02 -0.20817154E-22 -0.55390497E-38
  0.28400000E+02 -0.20654174E-22 -0.55076366E-38
  0.28500000E+02 -0.20493133E-22 -0.54540909E-38
  0.28600000E+02 -0.20334001E-22 -0.53930184E-38
  0.28700000E+02 -0.20176746E-22 -0.53577526E-38
  0.28800000E+02 -0.20021340E-22 -0.53507686E-38
  0.28900000E+02 -0.19867753E-22 -0.53023702E-38
  0.29000000E+02 -0.19715956E-22 -0.52764560E-38
  0.29100000E+02 -0.19565923E-22 -0.52433756E-38
  0.29200000E+02 -0.19417624E-22 -0.51993120E-38
  0.29300000E+02 -0.19271034E-22 -0.51784513E-38
  0.29400000E+02 -0.19126126E-22 -0.51255776E-38
  0.29500000E+02 -0.18982874E-22 -0.50934245E-38
  0.29600000E+02 -0.18841252E-22 -0.50649291E-38
  0.29700000E+02 -0.18701237E-22 -0.50093472E-38
  0.29800000E+02 -0.18562803E-22 -0.49886927E-38
  0.29900000E+02 -0.18425927E-22 -0.49477852E-38
  0.30000000E+02 -0.18290584E-22 -0.49368219E-38
  0.30100000E+02 -0.18156753E-22 -0.48882221E-38
  0.30200000E+02 -0.18024410E-22 -0.48534878E-38
  0.30300000E+02 -0.17893533E-22 -0.48541536E-38
  0.30400000E+02 -0.17764100E-22 -0.48013649E-38
  0.30500000E+02 -0.17636091E-22 -0.47824118E-38
  0.30600000E+02 -0.17509483E-22 -0.47499809E-38
  0.30700000E+02 -0.17384257E-22 -0.47051874E-38
  0.30800000E+02 -0.17260392E-22 -0.46725041E-38
  0.30900000E+02 -0.17137869E-22 -0.46591201E-38
  0.31000000E+02 -0.17016667E-22 -0.46225639E-38
  0.31100000E+02 -0.16896769E-22 -0.45876284E-38
  0.31200000E+02 -0.16778154E-22 -0.45725844E-38
  0.31300000E+02 -0.16660805E-22 -0.45410854E-38
  0.31400000E+02 -0.16544703E-22 -0.45018643E-38
  0.31500000E+02 -0.16429831E-22 -0.44708483E-38
  0.31600000E+02 -0.16316171E-22 -0.44425363E-38
  0.31700000E+02 -0.16203706E-22 -0.44074613E-38
  0.31800000E+02 -0.16092419E-22 -0.44021091E-38
  0.31900000E+02 -0.15982294E-22 -0.43566928E-38
  0.32000000E+02 -0.15873314E-22 -0.43363492E-38
  0.32100000E+02 -0.15765463E-22 -0.43074615E-38
  0.32200000E+02 -0.15658726E-22 -0.42669477E-38
  0.32300000E+02 -0.15553087E-22 -0.42460157E-38
  0.32400000E+02 -0.15448532E-22 -0.42345063E-38
  0.32500000E+02 -0.15345044E-22 -0.42110447E-38
  0.32600000E+02 -0.15242610E-22 -0.41785557E-38
  0.32700000E+02 -0.15141215E-22 -0.41515769E-38
  0.32800000E+02 -0.15040845E-22 -0.41264641E-38
  0.32900000E+02 -0.14941486E-22 -0.40950405E-38
  0.33000000E+02 -0.14843124E-22 -0.40720429E-38
  0.33100000E+02 -0.14745747E-22 -0.40605482E-38
  0.33200000E+02 -0.14649340E-22 -0.40173976E-38
  0.33300000E+02 -0.14553890E-22 -0.39850911E-38
  0.33400000E+02 -0.14459386E-22 -0.39829803E-38
  0.33500000E+02 -0.14365814E-22 -0.39491053E-38
  0.33600000E+02 -0.14273162E-22 -0.39355434E-38
  0.33700000E+02 -0.14181418E-22 -0.39013267E-38
  0.33800000E+02 -0.14090570E-22 -0.38871447E-38
  0.33900000E+02 -0.14000606E-22 -0.38614562E-38
  0.34000000E+02 -0.13911515E-22 -0.38481040E-38
  0.34100000E+02 -0.13823286E-22 -0.38171033E-38
  0.34200000E+02 -0.13735906E-22 -0.38014291E-38
  0.34300000E+02 -0.13649365E-22 -0.37573698E-38
  0.34400000E+02 -0.13563653E-22 -0.37477548E-38
  0.34500000E+02 -0.13478758E-22 -0.37334804E-38
  0.34600000E+02 -0.13394671E-22 -0.37129270E-38
  0.34700000E+02 -0.13311380E-22 -0.36820260E-38
  0.34800000E+02 -0.13228876E-22 -0.36677599E-38
  0.34900000E+02 -0.13147149E-22 -0.36318112E-38
  0.35000000E+02 -0.13066189E-22 -0.36178827E-38
  0.35100000E+02 -0.12985986E-22 -0.35902687E-38
  0.35200000E+02 -0.12906531E-22 -0.35872701E-38
  0.35300000E+02 -0.12827814E-22 -0.35584247E-38
  0.35400000E+02 -0.12749826E-22 -0.35506092E-38
  0.35500000E+02 -0.12672559E-22 -0.35272041E-38
  0.35600000E+02 -0.12596002E-22 -0.35102888E-38
  0.35700000E+02 -0.12520148E-22 -0.34827451E-38
  0.35800000E+02 -0.12444988E-22 -0.34794688E-38
  0.35900000E+02 -0.12370513E-22 -0.34362047E-38
  0.36000000E+02 -0.12296715E-22 -0.34123338E-38
  0.36100000E+02 -0.12223585E-22 -0.34100580E-38
  0.36200000E+02 -0.12151116E-22 -0.33775293E-38
  0.36300000E+02 -0.12079299E-22 -0.33858786E-38
  0.36400000E+02 -0.12008127E-22 -0.33463754E-38
  0.36500000E+02 -0.11937591E-22 -0.33239906E-38
  0.36600000E+02 -0.11867685E-22 -0.33099399E-38
  0.36700000E+02 -0.11798400E-22 -0.32923101E-38
  0.36800000E+02 -0.11729729E-22 -0.32767022E-38
  0.36900000E+02 -0.11661665E-22 -0.32474307E-38
  0.37000000E+02 -0.11594201E-22 -0.32452388E-38
  0.37100000E+02 -0.11527329E-22 -0.32236948E-38
  0.37200000E+02 -0.11461043E-22 -0.32070429E-38
  0.37300000E+02 -0.11395336E-22 -0.31887197E-38
  0.37400000E+02 -0.11330200E-22 -0.31740481E-38
  0.37500000E+02 -0.11265629E-22 -0.31528640E-38
  0.37600000E+02 -0.11201617E-22 -0.31406853E-38
  0.37700000E+02 -0.11138157E-22 -0.31219155E-38
  0.37800000E+02 -0.11075243E-22 -0.31056666E-38
  0.37900000E+02 -0.11012869E-22 -0.30804391E-38
  0.38000000E+02 -0.10951027E-22 -0.30685601E-38
  0.38100000E+02 -0.10889713E-22 -0.30530985E-38
  0.38200000E+02 -0.10828919E-22 -0.30369606E-38
  0.38300000E+02 -0.10768641E-22 -0.30346813E-38
  0.38400000E+02 -0.10708872E-22 -0.30158646E-38
  0.38500000E+02 -0.10649606E-22 -0.29932775E-38
  0.38600000E+02 -0.10590838E-22 -0.29754908E-38
  0.38700000E+02 -0.10532562E-22 -0.29633503E-38
  0.38800000E+02 -0.10474773E-22 -0.29529988E-38
  0.38900000E+02 -0.10417465E-22 -0.29294623E-38
  0.39000000E+02 -0.10360633E-22 -0.29237340E-38
  0.39100000E+02 -0.10304271E-22 -0.29002339E-38
  0.39200000E+02 -0.10248374E-22 -0.28972142E-38
  0.39300000E+02 -0.10192938E-22 -0.28670444E-38
  0.39400000E+02 -0.10137956E-22 -0.28657222E-38
  0.39500000E+02 -0.10083424E-22 -0.28509413E-38
  0.39600000E+02 -0.10029338E-22 -0.28390715E-38
  0.39700000E+02 -0.99756914E-23 -0.28188687E-38
  0.39800000E+02 -0.99224802E-23 -0.27908141E-38
  0.39900000E+02 -0.98696996E-23 -0.27908912E-38
  0.40000000E+02 -0.98173449E-23 -0.27658088E-38
