  0.00000000E+00 -0.24818603E-23  0.16405136E-36
  0.10000000E+00 -0.14456259E-23  0.11719935E-36
  0.20000000E+00 -0.77257491E-24  0.78837574E-37
  0.30000000E+00 -0.52536871E-24  0.56083355E-37
  0.40000000E+00 -0.41569416E-24  0.41602015E-37
  0.50000000E+00 -0.35632455E-24  0.32382404E-37
  0.60000000E+00 -0.31920773E-24  0.25816790E-37
  0.70000000E+00 -0.29352171E-24  0.21216611E-37
  0.80000000E+00 -0.27437151E-24  0.17827155E-37
  0.90000000E+00 -0.25925980E-24  0.15202719E-37
  0.10000000E+01 -0.24679481E-24  0.13226690E-37
  0.11000000E+01 -0.23614835E-24  0.11580136E-37
  0.12000000E+01 -0.22680221E-24  0.10304320E-37
  0.13000000E+01 -0.21841901E-24  0.91995149E-38
  0.14000000E+01 -0.21077183E-24  0.82356020E-38
  0.15000000E+01 -0.20370375E-24  0.74785914E-38
  0.16000000E+01 -0.19710368E-24  0.68042960E-38
  0.17000000E+01 -0.19089130E-24  0.62093819E-38
  0.18000000E+01 -0.18500741E-24  0.56717245E-38
  0.19000000E+01 -0.17940760E-24  0.52184925E-38
  0.20000000E+01 -0.17405801E-24  0.48272548E-38
  0.21000000E+01 -0.16893242E-24  0.44698560E-38
  0.22000000E+01 -0.16401017E-24  0.41210502E-38
  0.23000000E+01 -0.15927471E-24  0.38331578E-38
  0.24000000E+01 -0.15471261E-24  0.36036945E-38
  0.25000000E+01 -0.15031274E-24  0.33428866E-38
  0.26000000E+01 -0.14606577E-24  0.31272019E-38
  0.27000000E+01 -0.14196367E-24  0.29260813E-38
  0.28000000E+01 -0.13799951E-24  0.27361520E-38
  0.29000000E+01 -0.13416714E-24  0.25959534E-38
  0.30000000E+01 -0.13046105E-24  0.24180101E-38
  0.31000000E+01 -0.12687623E-24  0.22641328E-38
  0.32000000E+01 -0.12340808E-24  0.21358862E-38
  0.33000000E+01 -0.12005231E-24  0.20170951E-38
  0.34000000E+01 -0.11680491E-24  0.19076556E-38
  0.35000000E+01 -0.11366209E-24  0.17987303E-38
  0.36000000E+01 -0.11062022E-24  0.17096607E-38
  0.37000000E+01 -0.10767587E-24  0.16130220E-38
  0.38000000E+01 -0.10482573E-24  0.15272110E-38
  0.39000000E+01 -0.10206662E-24  0.14587172E-38
  0.40000000E+01 -0.99395455E-25  0.13891802E-38
  0.41000000E+01 -0.96809287E-25  0.13218558E-38
  0.42000000E+01 -0.94305245E-25  0.12549641E-38
  0.43000000E+01 -0.91880557E-25  0.11835827E-38
  0.44000000E+01 -0.89532537E-25  0.11201120E-38
  0.45000000E+01 -0.87258587E-25  0.10793264E-38
  0.46000000E+01 -0.85056188E-25  0.10271256E-38
  0.47000000E+01 -0.82922902E-25  0.98575645E-39
  0.48000000E+01 -0.80856370E-25  0.93595907E-39
  0.49000000E+01 -0.78854305E-25  0.88217583E-39
  0.50000000E+01 -0.76914497E-25  0.85430157E-39
  0.51000000E+01 -0.75034807E-25  0.80601507E-39
  0.52000000E+01 -0.73213167E-25  0.77449967E-39
  0.53000000E+01 -0.71447577E-25  0.74236793E-39
  0.54000000E+01 -0.69736105E-25  0.70362163E-39
  0.55000000E+01 -0.68076884E-25  0.67088169E-39
  0.56000000E+01 -0.66468112E-25  0.64223940E-39
  0.57000000E+01 -0.64908047E-25  0.62214901E-39
  0.58000000E+01 -0.63395011E-25  0.60073208E-39
  0.59000000E+01 -0.61927383E-25  0.56227174E-39
  0.60000000E+01 -0.60503598E-25  0.54721059E-39
  0.61000000E+01 -0.59122150E-25  0.51787429E-39
  0.62000000E+01 -0.57781583E-25  0.49982284E-39
  0.63000000E+01 -0.56480497E-25  0.48121469E-39
  0.64000000E+01 -0.55217541E-25  0.46367928E-39
  0.65000000E+01 -0.53991411E-25  0.44426182E-39
  0.66000000E+01 -0.52800855E-25  0.42613034E-39
  0.67000000E+01 -0.51644661E-25  0.40122718E-39
  0.68000000E+01 -0.50521667E-25  0.39193042E-39
  0.69000000E+01 -0.49430750E-25  0.37676749E-39
  0.70000000E+01 -0.48370828E-25  0.36410898E-39
  0.71000000E+01 -0.47340861E-25  0.34600543E-39
  0.72000000E+01 -0.46339847E-25  0.33261529E-39
  0.73000000E+01 -0.45366818E-25  0.31611120E-39
  0.74000000E+01 -0.44420845E-25  0.30386780E-39
  0.75000000E+01 -0.43501031E-25  0.29282646E-39
  0.76000000E+01 -0.42606513E-25  0.28252178E-39
  0.77000000E+01 -0.41736460E-25  0.27147886E-39
  0.78000000E+01 -0.40890070E-25  0.26065747E-39
  0.79000000E+01 -0.40066572E-25  0.24566337E-39
  0.80000000E+01 -0.39265222E-25  0.23974219E-39
  0.81000000E+01 -0.38485305E-25  0.23423115E-39
  0.82000000E+01 -0.37726129E-25  0.22265300E-39
  0.83000000E+01 -0.36987031E-25  0.21369102E-39
  0.84000000E+01 -0.36267368E-25  0.20576910E-39
  0.85000000E+01 -0.35566523E-25  0.19624294E-39
  0.86000000E+01 -0.34883902E-25  0.19247330E-39
  0.87000000E+01 -0.34218929E-25  0.18387463E-39
  0.88000000E+01 -0.33571052E-25  0.17187543E-39
  0.89000000E+01 -0.32939737E-25  0.16575970E-39
  0.90000000E+01 -0.32324469E-25  0.16271810E-39
  0.91000000E+01 -0.31724753E-25  0.15033258E-39
  0.92000000E+01 -0.31140110E-25  0.14934269E-39
  0.93000000E+01 -0.30570077E-25  0.14334111E-39
  0.94000000E+01 -0.30014211E-25  0.13688449E-39
  0.95000000E+01 -0.29472080E-25  0.12777569E-39
  0.96000000E+01 -0.28943271E-25  0.12696402E-39
  0.97000000E+01 -0.28427382E-25  0.11900537E-39
  0.98000000E+01 -0.27924028E-25  0.11774383E-39
  0.99000000E+01 -0.27432836E-25  0.10963788E-39
  0.10000000E+02 -0.26953444E-25  0.10769703E-39
  0.10100000E+02 -0.26485507E-25  0.10120325E-39
  0.10200000E+02 -0.26028686E-25  0.98824653E-40
  0.10300000E+02 -0.25582659E-25  0.94091660E-40
  0.10400000E+02 -0.25147111E-25  0.92713862E-40
  0.10500000E+02 -0.24721739E-25  0.86390459E-40
  0.10600000E+02 -0.24306251E-25  0.84591173E-40
  0.10700000E+02 -0.23900364E-25  0.80358940E-40
  0.10800000E+02 -0.23503805E-25  0.76646985E-40
  0.10900000E+02 -0.23116308E-25  0.74478105E-40
  0.11000000E+02 -0.22737618E-25  0.72267568E-40
  0.11100000E+02 -0.22367488E-25  0.68054346E-40
  0.11200000E+02 -0.22005679E-25  0.62915387E-40
  0.11300000E+02 -0.21651959E-25  0.61598439E-40
  0.11400000E+02 -0.21306105E-25  0.60488620E-40
  0.11500000E+02 -0.20967900E-25  0.56724523E-40
  0.11600000E+02 -0.20637134E-25  0.54442040E-40
  0.11700000E+02 -0.20313605E-25  0.49242598E-40
  0.11800000E+02 -0.19997115E-25  0.49592863E-40
  0.11900000E+02 -0.19687476E-25  0.44990178E-40
  0.12000000E+02 -0.19384502E-25  0.44289202E-40
  0.12100000E+02 -0.19088016E-25  0.42268226E-40
  0.12200000E+02 -0.18797844E-25  0.40238594E-40
  0.12300000E+02 -0.18513820E-25  0.38505057E-40
  0.12400000E+02 -0.18235781E-25  0.36700250E-40
  0.12500000E+02 -0.17963570E-25  0.33537618E-40
  0.12600000E+02 -0.17697035E-25  0.31467120E-40
  0.12700000E+02 -0.17436028E-25  0.30147545E-40
  0.12800000E+02 -0.17180407E-25  0.28412190E-40
  0.12900000E+02 -0.16930033E-25  0.25373900E-40
  0.13000000E+02 -0.16684770E-25  0.25254004E-40
  0.13100000E+02 -0.16444490E-25  0.22527226E-40
  0.13200000E+02 -0.16209064E-25  0.21645026E-40
  0.13300000E+02 -0.15978371E-25  0.20951736E-40
  0.13400000E+02 -0.15752292E-25  0.20967687E-40
  0.13500000E+02 -0.15530710E-25  0.19791535E-40
  0.13600000E+02 -0.15313515E-25  0.16850140E-40
  0.13700000E+02 -0.15100596E-25  0.15112230E-40
  0.13800000E+02 -0.14891849E-25  0.15255647E-40
  0.13900000E+02 -0.14687171E-25  0.11534700E-40
  0.14000000E+02 -0.14486462E-25  0.12540405E-40
  0.14100000E+02 -0.14289625E-25  0.92504060E-41
  0.14200000E+02 -0.14096568E-25  0.89561110E-41
  0.14300000E+02 -0.13907198E-25  0.78273524E-41
  0.14400000E+02 -0.13721427E-25  0.68203828E-41
  0.14500000E+02 -0.13539170E-25  0.57683055E-41
  0.14600000E+02 -0.13360341E-25  0.51231130E-41
  0.14700000E+02 -0.13184861E-25  0.52607194E-41
  0.14800000E+02 -0.13012649E-25  0.47439049E-41
  0.14900000E+02 -0.12843630E-25  0.17919514E-41
  0.15000000E+02 -0.12677729E-25  0.17403089E-41
  0.15100000E+02 -0.12514873E-25  0.22408649E-41
  0.15200000E+02 -0.12354991E-25  0.13655119E-41
  0.15300000E+02 -0.12198015E-25  0.78381632E-42
  0.15400000E+02 -0.12043879E-25 -0.16978147E-41
  0.15500000E+02 -0.11892516E-25 -0.19948901E-41
  0.15600000E+02 -0.11743865E-25 -0.29582022E-41
  0.15700000E+02 -0.11597864E-25 -0.29967786E-41
  0.15800000E+02 -0.11454452E-25 -0.27924575E-41
  0.15900000E+02 -0.11313573E-25 -0.43454141E-41
  0.16000000E+02 -0.11175168E-25 -0.39354715E-41
  0.16100000E+02 -0.11039183E-25 -0.51708846E-41
  0.16200000E+02 -0.10905565E-25 -0.52713849E-41
  0.16300000E+02 -0.10774261E-25 -0.58975354E-41
  0.16400000E+02 -0.10645220E-25 -0.57988452E-41
  0.16500000E+02 -0.10518392E-25 -0.77522158E-41
  0.16600000E+02 -0.10393730E-25 -0.80132858E-41
  0.16700000E+02 -0.10271187E-25 -0.80378622E-41
  0.16800000E+02 -0.10150716E-25 -0.92889410E-41
  0.16900000E+02 -0.10032274E-25 -0.86402609E-41
  0.17000000E+02 -0.99158162E-26 -0.95667964E-41
  0.17100000E+02 -0.98013008E-26 -0.10676080E-40
  0.17200000E+02 -0.96886865E-26 -0.94843929E-41
  0.17300000E+02 -0.95779331E-26 -0.10350752E-40
  0.17400000E+02 -0.94690014E-26 -0.11197699E-40
  0.17500000E+02 -0.93618533E-26 -0.11588407E-40
  0.17600000E+02 -0.92564514E-26 -0.11984262E-40
  0.17700000E+02 -0.91527595E-26 -0.12014372E-40
  0.17800000E+02 -0.90507421E-26 -0.11956902E-40
  0.17900000E+02 -0.89503648E-26 -0.12267808E-40
  0.18000000E+02 -0.88515939E-26 -0.12865529E-40
  0.18100000E+02 -0.87543964E-26 -0.12815502E-40
  0.18200000E+02 -0.86587404E-26 -0.12638124E-40
  0.18300000E+02 -0.85645946E-26 -0.14133573E-40
  0.18400000E+02 -0.84719285E-26 -0.13713676E-40
  0.18500000E+02 -0.83807123E-26 -0.14288711E-40
  0.18600000E+02 -0.82909170E-26 -0.13449969E-40
  0.18700000E+02 -0.82025142E-26 -0.13914339E-40
  0.18800000E+02 -0.81154763E-26 -0.15163832E-40
  0.18900000E+02 -0.80297763E-26 -0.14273464E-40
  0.19000000E+02 -0.79453877E-26 -0.14784434E-40
  0.19100000E+02 -0.78622850E-26 -0.15664147E-40
  0.19200000E+02 -0.77804428E-26 -0.15604304E-40
  0.19300000E+02 -0.76998368E-26 -0.14980410E-40
  0.19400000E+02 -0.76204428E-26 -0.15112732E-40
  0.19500000E+02 -0.75422375E-26 -0.15625762E-40
  0.19600000E+02 -0.74651981E-26 -0.16227288E-40
  0.19700000E+02 -0.73893022E-26 -0.16512126E-40
  0.19800000E+02 -0.73145279E-26 -0.15497028E-40
  0.19900000E+02 -0.72408540E-26 -0.15107660E-40
  0.20000000E+02 -0.71682597E-26 -0.16386682E-40
  0.20100000E+02 -0.70967245E-26 -0.16764030E-40
  0.20200000E+02 -0.70262285E-26 -0.17070632E-40
  0.20300000E+02 -0.69567524E-26 -0.17742786E-40
  0.20400000E+02 -0.68882771E-26 -0.15985663E-40
  0.20500000E+02 -0.68207841E-26 -0.16741138E-40
  0.20600000E+02 -0.67542552E-26 -0.17032027E-40
  0.20700000E+02 -0.66886726E-26 -0.17299266E-40
  0.20800000E+02 -0.66240189E-26 -0.17235773E-40
  0.20900000E+02 -0.65602772E-26 -0.17235617E-40
  0.21000000E+02 -0.64974309E-26 -0.17141390E-40
  0.21100000E+02 -0.64354638E-26 -0.17632850E-40
  0.21200000E+02 -0.63743599E-26 -0.16902640E-40
  0.21300000E+02 -0.63141038E-26 -0.17881085E-40
  0.21400000E+02 -0.62546802E-26 -0.17568897E-40
  0.21500000E+02 -0.61960743E-26 -0.18013800E-40
  0.21600000E+02 -0.61382714E-26 -0.17949244E-40
  0.21700000E+02 -0.60812575E-26 -0.18593810E-40
  0.21800000E+02 -0.60250185E-26 -0.17643950E-40
  0.21900000E+02 -0.59695409E-26 -0.17678131E-40
  0.22000000E+02 -0.59148112E-26 -0.18225632E-40
  0.22100000E+02 -0.58608164E-26 -0.18163519E-40
  0.22200000E+02 -0.58075438E-26 -0.17699623E-40
  0.22300000E+02 -0.57549809E-26 -0.17874230E-40
  0.22400000E+02 -0.57031153E-26 -0.18377410E-40
  0.22500000E+02 -0.56519351E-26 -0.17836621E-40
  0.22600000E+02 -0.56014286E-26 -0.18144690E-40
  0.22700000E+02 -0.55515842E-26 -0.17733286E-40
  0.22800000E+02 -0.55023907E-26 -0.18222931E-40
  0.22900000E+02 -0.54538371E-26 -0.17935062E-40
  0.23000000E+02 -0.54059125E-26 -0.18428329E-40
  0.23100000E+02 -0.53586064E-26 -0.18507837E-40
  0.23200000E+02 -0.53119084E-26 -0.17836985E-40
  0.23300000E+02 -0.52658084E-26 -0.18508083E-40
  0.23400000E+02 -0.52202964E-26 -0.18868841E-40
  0.23500000E+02 -0.51753626E-26 -0.17823364E-40
  0.23600000E+02 -0.51309976E-26 -0.18385372E-40
  0.23700000E+02 -0.50871919E-26 -0.18494120E-40
  0.23800000E+02 -0.50439365E-26 -0.18749401E-40
  0.23900000E+02 -0.50012222E-26 -0.18873317E-40
  0.24000000E+02 -0.49590403E-26 -0.18471552E-40
  0.24100000E+02 -0.49173821E-26 -0.18387028E-40
  0.24200000E+02 -0.48762393E-26 -0.18087611E-40
  0.24300000E+02 -0.48356034E-26 -0.18121420E-40
  0.24400000E+02 -0.47954664E-26 -0.17633382E-40
  0.24500000E+02 -0.47558203E-26 -0.18220188E-40
  0.24600000E+02 -0.47166572E-26 -0.17836945E-40
  0.24700000E+02 -0.46779695E-26 -0.18461169E-40
  0.24800000E+02 -0.46397496E-26 -0.17476702E-40
  0.24900000E+02 -0.46019903E-26 -0.18061327E-40
  0.25000000E+02 -0.45646842E-26 -0.18144147E-40
  0.25100000E+02 -0.45278243E-26 -0.17983210E-40
  0.25200000E+02 -0.44914035E-26 -0.17675489E-40
  0.25300000E+02 -0.44554152E-26 -0.17767218E-40
  0.25400000E+02 -0.44198524E-26 -0.17953604E-40
  0.25500000E+02 -0.43847088E-26 -0.17538972E-40
  0.25600000E+02 -0.43499779E-26 -0.18070256E-40
  0.25700000E+02 -0.43156532E-26 -0.17892153E-40
  0.25800000E+02 -0.42817287E-26 -0.18204356E-40
  0.25900000E+02 -0.42481982E-26 -0.17484853E-40
  0.26000000E+02 -0.42150557E-26 -0.18086478E-40
  0.26100000E+02 -0.41822954E-26 -0.17685478E-40
  0.26200000E+02 -0.41499115E-26 -0.17612821E-40
  0.26300000E+02 -0.41178984E-26 -0.18104269E-40
  0.26400000E+02 -0.40862505E-26 -0.17378186E-40
  0.26500000E+02 -0.40549623E-26 -0.17838456E-40
  0.26600000E+02 -0.40240285E-26 -0.17506047E-40
  0.26700000E+02 -0.39934439E-26 -0.17691516E-40
  0.26800000E+02 -0.39632033E-26 -0.17456493E-40
  0.26900000E+02 -0.39333016E-26 -0.17565885E-40
  0.27000000E+02 -0.39037339E-26 -0.17459295E-40
  0.27100000E+02 -0.38744952E-26 -0.17484829E-40
  0.27200000E+02 -0.38455809E-26 -0.17189348E-40
  0.27300000E+02 -0.38169861E-26 -0.17030785E-40
  0.27400000E+02 -0.37887062E-26 -0.17288345E-40
  0.27500000E+02 -0.37607368E-26 -0.17107188E-40
  0.27600000E+02 -0.37330732E-26 -0.16727657E-40
  0.27700000E+02 -0.37057113E-26 -0.17140445E-40
  0.27800000E+02 -0.36786465E-26 -0.17223691E-40
  0.27900000E+02 -0.36518748E-26 -0.16950304E-40
  0.28000000E+02 -0.36253919E-26 -0.16853207E-40
  0.28100000E+02 -0.35991938E-26 -0.16754524E-40
  0.28200000E+02 -0.35732764E-26 -0.16709856E-40
  0.28300000E+02 -0.35476358E-26 -0.17068350E-40
  0.28400000E+02 -0.35222681E-26 -0.17196945E-40
  0.28500000E+02 -0.34971695E-26 -0.16180379E-40
  0.28600000E+02 -0.34723363E-26 -0.16859710E-40
  0.28700000E+02 -0.34477648E-26 -0.16209647E-40
  0.28800000E+02 -0.34234513E-26 -0.16636590E-40
  0.28900000E+02 -0.33993923E-26 -0.16378187E-40
  0.29000000E+02 -0.33755843E-26 -0.16219758E-40
  0.29100000E+02 -0.33520239E-26 -0.16687821E-40
  0.29200000E+02 -0.33287076E-26 -0.16705815E-40
  0.29300000E+02 -0.33056322E-26 -0.17000452E-40
  0.29400000E+02 -0.32827944E-26 -0.15833844E-40
  0.29500000E+02 -0.32601909E-26 -0.16023808E-40
  0.29600000E+02 -0.32378187E-26 -0.16344955E-40
  0.29700000E+02 -0.32156745E-26 -0.16296276E-40
  0.29800000E+02 -0.31937554E-26 -0.15990091E-40
  0.29900000E+02 -0.31720583E-26 -0.16208851E-40
  0.30000000E+02 -0.31505803E-26 -0.16016291E-40
  0.30100000E+02 -0.31293185E-26 -0.15979740E-40
  0.30200000E+02 -0.31082699E-26 -0.15880696E-40
  0.30300000E+02 -0.30874319E-26 -0.15502478E-40
  0.30400000E+02 -0.30668015E-26 -0.15813767E-40
  0.30500000E+02 -0.30463762E-26 -0.15765116E-40
  0.30600000E+02 -0.30261532E-26 -0.15551429E-40
  0.30700000E+02 -0.30061298E-26 -0.15793905E-40
  0.30800000E+02 -0.29863035E-26 -0.15735508E-40
  0.30900000E+02 -0.29666718E-26 -0.15478291E-40
  0.31000000E+02 -0.29472320E-26 -0.15352456E-40
  0.31100000E+02 -0.29279818E-26 -0.15314586E-40
  0.31200000E+02 -0.29089187E-26 -0.15199620E-40
  0.31300000E+02 -0.28900403E-26 -0.15304858E-40
  0.31400000E+02 -0.28713443E-26 -0.15518530E-40
  0.31500000E+02 -0.28528283E-26 -0.15303693E-40
  0.31600000E+02 -0.28344900E-26 -0.15183675E-40
  0.31700000E+02 -0.28163273E-26 -0.14947144E-40
  0.31800000E+02 -0.27983378E-26 -0.15215442E-40
  0.31900000E+02 -0.27805194E-26 -0.15140989E-40
  0.32000000E+02 -0.27628700E-26 -0.14898099E-40
  0.32100000E+02 -0.27453874E-26 -0.14633690E-40
  0.32200000E+02 -0.27280696E-26 -0.15218939E-40
  0.32300000E+02 -0.27109146E-26 -0.15142837E-40
  0.32400000E+02 -0.26939202E-26 -0.14838166E-40
  0.32500000E+02 -0.26770845E-26 -0.14922272E-40
  0.32600000E+02 -0.26604056E-26 -0.14587099E-40
  0.32700000E+02 -0.26438816E-26 -0.14635565E-40
  0.32800000E+02 -0.26275104E-26 -0.14546246E-40
  0.32900000E+02 -0.26112904E-26 -0.14863697E-40
  0.33000000E+02 -0.25952196E-26 -0.14278259E-40
  0.33100000E+02 -0.25792962E-26 -0.14357300E-40
  0.33200000E+02 -0.25635184E-26 -0.14405784E-40
  0.33300000E+02 -0.25478845E-26 -0.14381050E-40
  0.33400000E+02 -0.25323928E-26 -0.14154395E-40
  0.33500000E+02 -0.25170415E-26 -0.13880649E-40
  0.33600000E+02 -0.25018289E-26 -0.14084998E-40
  0.33700000E+02 -0.24867535E-26 -0.13944656E-40
  0.33800000E+02 -0.24718135E-26 -0.13883043E-40
  0.33900000E+02 -0.24570074E-26 -0.13852003E-40
  0.34000000E+02 -0.24423336E-26 -0.13767413E-40
  0.34100000E+02 -0.24277905E-26 -0.13752847E-40
  0.34200000E+02 -0.24133765E-26 -0.13633666E-40
  0.34300000E+02 -0.23990903E-26 -0.13795677E-40
  0.34400000E+02 -0.23849302E-26 -0.13391881E-40
  0.34500000E+02 -0.23708947E-26 -0.14053534E-40
  0.34600000E+02 -0.23569826E-26 -0.13399641E-40
  0.34700000E+02 -0.23431922E-26 -0.13391812E-40
  0.34800000E+02 -0.23295223E-26 -0.13578351E-40
  0.34900000E+02 -0.23159713E-26 -0.13199196E-40
  0.35000000E+02 -0.23025381E-26 -0.13328360E-40
  0.35100000E+02 -0.22892211E-26 -0.13559564E-40
  0.35200000E+02 -0.22760190E-26 -0.13337377E-40
  0.35300000E+02 -0.22629306E-26 -0.13331481E-40
  0.35400000E+02 -0.22499546E-26 -0.13141015E-40
  0.35500000E+02 -0.22370897E-26 -0.13488958E-40
  0.35600000E+02 -0.22243346E-26 -0.12918502E-40
  0.35700000E+02 -0.22116880E-26 -0.13232538E-40
  0.35800000E+02 -0.21991489E-26 -0.13253988E-40
  0.35900000E+02 -0.21867158E-26 -0.13173256E-40
  0.36000000E+02 -0.21743878E-26 -0.12848225E-40
  0.36100000E+02 -0.21621635E-26 -0.12976678E-40
  0.36200000E+02 -0.21500419E-26 -0.13002756E-40
  0.36300000E+02 -0.21380218E-26 -0.12834658E-40
  0.36400000E+02 -0.21261020E-26 -0.12919093E-40
  0.36500000E+02 -0.21142815E-26 -0.12622955E-40
  0.36600000E+02 -0.21025592E-26 -0.12739168E-40
  0.36700000E+02 -0.20909340E-26 -0.12726778E-40
  0.36800000E+02 -0.20794048E-26 -0.12445370E-40
  0.36900000E+02 -0.20679706E-26 -0.12575501E-40
  0.37000000E+02 -0.20566303E-26 -0.12266085E-40
  0.37100000E+02 -0.20453829E-26 -0.12719688E-40
  0.37200000E+02 -0.20342274E-26 -0.12584670E-40
  0.37300000E+02 -0.20231629E-26 -0.12473745E-40
  0.37400000E+02 -0.20121883E-26 -0.12304852E-40
  0.37500000E+02 -0.20013026E-26 -0.12343780E-40
  0.37600000E+02 -0.19905050E-26 -0.11979336E-40
  0.37700000E+02 -0.19797944E-26 -0.12171301E-40
  0.37800000E+02 -0.19691700E-26 -0.12302702E-40
  0.37900000E+02 -0.19586308E-26 -0.12041623E-40
  0.38000000E+02 -0.19481759E-26 -0.11996625E-40
  0.38100000E+02 -0.19378044E-26 -0.11920281E-40
  0.38200000E+02 -0.19275155E-26 -0.11844049E-40
  0.38300000E+02 -0.19173082E-26 -0.11822416E-40
  0.38400000E+02 -0.19071817E-26 -0.11940171E-40
  0.38500000E+02 -0.18971352E-26 -0.12095513E-40
  0.38600000E+02 -0.18871679E-26 -0.11867546E-40
  0.38700000E+02 -0.18772788E-26 -0.11620629E-40
  0.38800000E+02 -0.18674672E-26 -0.11609986E-40
  0.38900000E+02 -0.18577323E-26 -0.11591789E-40
  0.39000000E+02 -0.18480733E-26 -0.11751477E-40
  0.39100000E+02 -0.18384893E-26 -0.11554782E-40
  0.39200000E+02 -0.18289797E-26 -0.11481537E-40
  0.39300000E+02 -0.18195437E-26 -0.11742750E-40
  0.39400000E+02 -0.18101805E-26 -0.11417928E-40
  0.39500000E+02 -0.18008893E-26 -0.11092474E-40
  0.39600000E+02 -0.17916695E-26 -0.11584256E-40
  0.39700000E+02 -0.17825203E-26 -0.11216134E-40
  0.39800000E+02 -0.17734409E-26 -0.11096156E-40
  0.39900000E+02 -0.17644307E-26 -0.11153400E-40
  0.40000000E+02 -0.17554890E-26 -0.11092655E-40
