  0.00000000E+00  0.16451812E-19 -0.68960170E-35
  0.10000000E+00  0.11255165E-19 -0.41235102E-35
  0.20000000E+00  0.59535408E-20 -0.24231767E-35
  0.30000000E+00  0.29964345E-20 -0.15883077E-35
  0.40000000E+00  0.13782186E-20 -0.11230952E-35
  0.50000000E+00  0.46751250E-21 -0.83162193E-36
  0.60000000E+00 -0.58736988E-22 -0.64077442E-36
  0.70000000E+00 -0.36721875E-21 -0.50604983E-36
  0.80000000E+00 -0.54745351E-21 -0.40582367E-36
  0.90000000E+00 -0.64968615E-21 -0.33219085E-36
  0.10000000E+01 -0.70329270E-21 -0.27438053E-36
  0.11000000E+01 -0.72607015E-21 -0.22848960E-36
  0.12000000E+01 -0.72912946E-21 -0.18921830E-36
  0.13000000E+01 -0.71958141E-21 -0.15911541E-36
  0.14000000E+01 -0.70206802E-21 -0.13494290E-36
  0.15000000E+01 -0.67966617E-21 -0.11385539E-36
  0.16000000E+01 -0.65443730E-21 -0.96411329E-37
  0.17000000E+01 -0.62777108E-21 -0.81742842E-37
  0.18000000E+01 -0.60060533E-21 -0.70130501E-37
  0.19000000E+01 -0.57356999E-21 -0.59485067E-37
  0.20000000E+01 -0.54708286E-21 -0.50294252E-37
  0.21000000E+01 -0.52141450E-21 -0.42556593E-37
  0.22000000E+01 -0.49673278E-21 -0.36349908E-37
  0.23000000E+01 -0.47313378E-21 -0.30462869E-37
  0.24000000E+01 -0.45066346E-21 -0.25687703E-37
  0.25000000E+01 -0.42933305E-21 -0.21344532E-37
  0.26000000E+01 -0.40912992E-21 -0.18059950E-37
  0.27000000E+01 -0.39002539E-21 -0.14841357E-37
  0.28000000E+01 -0.37198029E-21 -0.12122080E-37
  0.29000000E+01 -0.35494898E-21 -0.91631926E-38
  0.30000000E+01 -0.33888219E-21 -0.72176961E-38
  0.31000000E+01 -0.32372905E-21 -0.54438695E-38
  0.32000000E+01 -0.30943852E-21 -0.39104828E-38
  0.33000000E+01 -0.29596037E-21 -0.23700155E-38
  0.34000000E+01 -0.28324585E-21 -0.11959755E-38
  0.35000000E+01 -0.27124813E-21 -0.22746778E-39
  0.36000000E+01 -0.25992258E-21  0.90816503E-39
  0.37000000E+01 -0.24922689E-21  0.16130416E-38
  0.38000000E+01 -0.23912114E-21  0.24705744E-38
  0.39000000E+01 -0.22956779E-21  0.32075836E-38
  0.40000000E+01 -0.22053164E-21  0.37865310E-38
  0.41000000E+01 -0.21197977E-21  0.41348373E-38
  0.42000000E+01 -0.20388140E-21  0.44545616E-38
  0.43000000E+01 -0.19620780E-21  0.49740429E-38
  0.44000000E+01 -0.18893221E-21  0.52771237E-38
  0.45000000E+01 -0.18202969E-21  0.56226358E-38
  0.46000000E+01 -0.17547699E-21  0.57829928E-38
  0.47000000E+01 -0.16925249E-21  0.59634294E-38
  0.48000000E+01 -0.16333603E-21  0.61827982E-38
  0.49000000E+01 -0.15770888E-21  0.62425839E-38
  0.50000000E+01 -0.15235356E-21  0.65199931E-38
  0.51000000E+01 -0.14725382E-21  0.65914411E-38
  0.52000000E+01 -0.14239450E-21  0.66345666E-38
  0.53000000E+01 -0.13776149E-21  0.66447941E-38
  0.54000000E+01 -0.13334162E-21  0.67449672E-38
  0.55000000E+01 -0.12912263E-21  0.67852448E-38
  0.56000000E+01 -0.12509305E-21  0.67958937E-38
  0.57000000E+01 -0.12124220E-21  0.69115655E-38
  0.58000000E+01 -0.11756009E-21  0.67704052E-38
  0.59000000E+01 -0.11403738E-21  0.67788724E-38
  0.60000000E+01 -0.11066536E-21  0.68172536E-38
  0.61000000E+01 -0.10743587E-21  0.67622487E-38
  0.62000000E+01 -0.10434125E-21  0.67404696E-38
  0.63000000E+01 -0.10137436E-21  0.66980798E-38
  0.64000000E+01 -0.98528491E-22  0.66927230E-38
  0.65000000E+01 -0.95797357E-22  0.66712052E-38
  0.66000000E+01 -0.93175058E-22  0.66615320E-38
  0.67000000E+01 -0.90656058E-22  0.65347096E-38
  0.68000000E+01 -0.88235156E-22  0.65507796E-38
  0.69000000E+01 -0.85907463E-22  0.64523718E-38
  0.70000000E+01 -0.83668383E-22  0.63845103E-38
  0.71000000E+01 -0.81513592E-22  0.63795391E-38
  0.72000000E+01 -0.79439016E-22  0.63283321E-38
  0.73000000E+01 -0.77440821E-22  0.62353467E-38
  0.74000000E+01 -0.75515391E-22  0.62078745E-38
  0.75000000E+01 -0.73659318E-22  0.61520121E-38
  0.76000000E+01 -0.71869383E-22  0.60851751E-38
  0.77000000E+01 -0.70142551E-22  0.60081315E-38
  0.78000000E+01 -0.68475953E-22  0.59635670E-38
  0.79000000E+01 -0.66866877E-22  0.58863495E-38
  0.80000000E+01 -0.65312759E-22  0.58566812E-38
  0.81000000E+01 -0.63811175E-22  0.57984765E-38
  0.82000000E+01 -0.62359828E-22  0.56872579E-38
  0.83000000E+01 -0.60956543E-22  0.56677914E-38
  0.84000000E+01 -0.59599261E-22  0.56209937E-38
  0.85000000E+01 -0.58286028E-22  0.55377152E-38
  0.86000000E+01 -0.57014991E-22  0.54931302E-38
  0.87000000E+01 -0.55784393E-22  0.54547962E-38
  0.88000000E+01 -0.54592564E-22  0.54068695E-38
  0.89000000E+01 -0.53437920E-22  0.53204486E-38
  0.90000000E+01 -0.52318954E-22  0.52762937E-38
  0.91000000E+01 -0.51234233E-22  0.52319380E-38
  0.92000000E+01 -0.50182397E-22  0.51821815E-38
  0.93000000E+01 -0.49162147E-22  0.51128205E-38
  0.94000000E+01 -0.48172252E-22  0.50624352E-38
  0.95000000E+01 -0.47211534E-22  0.49975533E-38
  0.96000000E+01 -0.46278876E-22  0.49266166E-38
  0.97000000E+01 -0.45373210E-22  0.48725048E-38
  0.98000000E+01 -0.44493517E-22  0.48430525E-38
  0.99000000E+01 -0.43638828E-22  0.47822473E-38
  0.10000000E+02 -0.42808215E-22  0.47503759E-38
  0.10100000E+02 -0.42000795E-22  0.46857317E-38
  0.10200000E+02 -0.41215722E-22  0.46404905E-38
  0.10300000E+02 -0.40452190E-22  0.45768114E-38
  0.10400000E+02 -0.39709426E-22  0.45279029E-38
  0.10500000E+02 -0.38986694E-22  0.44901840E-38
  0.10600000E+02 -0.38283287E-22  0.44543253E-38
  0.10700000E+02 -0.37598531E-22  0.43785236E-38
  0.10800000E+02 -0.36931779E-22  0.43658026E-38
  0.10900000E+02 -0.36282412E-22  0.42952519E-38
  0.11000000E+02 -0.35649838E-22  0.42707091E-38
  0.11100000E+02 -0.35033489E-22  0.42043705E-38
  0.11200000E+02 -0.34432819E-22  0.41574264E-38
  0.11300000E+02 -0.33847308E-22  0.41262898E-38
  0.11400000E+02 -0.33276455E-22  0.40805919E-38
  0.11500000E+02 -0.32719779E-22  0.40356992E-38
  0.11600000E+02 -0.32176819E-22  0.39953775E-38
  0.11700000E+02 -0.31647132E-22  0.39452180E-38
  0.11800000E+02 -0.31130294E-22  0.39017049E-38
  0.11900000E+02 -0.30625896E-22  0.38747715E-38
  0.12000000E+02 -0.30133545E-22  0.38380006E-38
  0.12100000E+02 -0.29652864E-22  0.38042843E-38
  0.12200000E+02 -0.29183491E-22  0.37483799E-38
  0.12300000E+02 -0.28725077E-22  0.37274399E-38
  0.12400000E+02 -0.28277286E-22  0.36852513E-38
  0.12500000E+02 -0.27839796E-22  0.36437277E-38
  0.12600000E+02 -0.27412294E-22  0.36108107E-38
  0.12700000E+02 -0.26994483E-22  0.35602117E-38
  0.12800000E+02 -0.26586073E-22  0.35458307E-38
  0.12900000E+02 -0.26186787E-22  0.34860435E-38
  0.13000000E+02 -0.25796358E-22  0.34655849E-38
  0.13100000E+02 -0.25414526E-22  0.34333070E-38
  0.13200000E+02 -0.25041045E-22  0.33851179E-38
  0.13300000E+02 -0.24675673E-22  0.33542651E-38
  0.13400000E+02 -0.24318179E-22  0.33297773E-38
  0.13500000E+02 -0.23968341E-22  0.32994010E-38
  0.13600000E+02 -0.23625942E-22  0.32672084E-38
  0.13700000E+02 -0.23290775E-22  0.32200314E-38
  0.13800000E+02 -0.22962638E-22  0.31906860E-38
  0.13900000E+02 -0.22641339E-22  0.31877136E-38
  0.14000000E+02 -0.22326689E-22  0.31401798E-38
  0.14100000E+02 -0.22018508E-22  0.31208265E-38
  0.14200000E+02 -0.21716621E-22  0.30833749E-38
  0.14300000E+02 -0.21420858E-22  0.30577288E-38
  0.14400000E+02 -0.21131056E-22  0.30236183E-38
  0.14500000E+02 -0.20847057E-22  0.29956149E-38
  0.14600000E+02 -0.20568709E-22  0.29761350E-38
  0.14700000E+02 -0.20295862E-22  0.29464959E-38
  0.14800000E+02 -0.20028375E-22  0.29077580E-38
  0.14900000E+02 -0.19766107E-22  0.28875067E-38
  0.15000000E+02 -0.19508926E-22  0.28540261E-38
  0.15100000E+02 -0.19256701E-22  0.28345224E-38
  0.15200000E+02 -0.19009307E-22  0.27970164E-38
  0.15300000E+02 -0.18766622E-22  0.27808172E-38
  0.15400000E+02 -0.18528527E-22  0.27519178E-38
  0.15500000E+02 -0.18294908E-22  0.27349745E-38
  0.15600000E+02 -0.18065654E-22  0.27136492E-38
  0.15700000E+02 -0.17840659E-22  0.26777174E-38
  0.15800000E+02 -0.17619817E-22  0.26442250E-38
  0.15900000E+02 -0.17403027E-22  0.26375087E-38
  0.16000000E+02 -0.17190192E-22  0.26060854E-38
  0.16100000E+02 -0.16981217E-22  0.25848503E-38
  0.16200000E+02 -0.16776008E-22  0.25638471E-38
  0.16300000E+02 -0.16574477E-22  0.25457937E-38
  0.16400000E+02 -0.16376537E-22  0.25158657E-38
  0.16500000E+02 -0.16182104E-22  0.24838395E-38
  0.16600000E+02 -0.15991094E-22  0.24720917E-38
  0.16700000E+02 -0.15803430E-22  0.24473278E-38
  0.16800000E+02 -0.15619033E-22  0.24393577E-38
  0.16900000E+02 -0.15437829E-22  0.24103259E-38
  0.17000000E+02 -0.15259744E-22  0.23866425E-38
  0.17100000E+02 -0.15084708E-22  0.23680932E-38
  0.17200000E+02 -0.14912652E-22  0.23401107E-38
  0.17300000E+02 -0.14743509E-22  0.23232779E-38
  0.17400000E+02 -0.14577214E-22  0.23000729E-38
  0.17500000E+02 -0.14413704E-22  0.22855960E-38
  0.17600000E+02 -0.14252916E-22  0.22689690E-38
  0.17700000E+02 -0.14094792E-22  0.22491272E-38
  0.17800000E+02 -0.13939272E-22  0.22403205E-38
  0.17900000E+02 -0.13786301E-22  0.22082817E-38
  0.18000000E+02 -0.13635823E-22  0.21912139E-38
  0.18100000E+02 -0.13487784E-22  0.21809013E-38
  0.18200000E+02 -0.13342133E-22  0.21505780E-38
  0.18300000E+02 -0.13198818E-22  0.21424971E-38
  0.18400000E+02 -0.13057790E-22  0.21222606E-38
  0.18500000E+02 -0.12919000E-22  0.21024572E-38
  0.18600000E+02 -0.12782403E-22  0.20826193E-38
  0.18700000E+02 -0.12647951E-22  0.20671779E-38
  0.18800000E+02 -0.12515601E-22  0.20557671E-38
  0.18900000E+02 -0.12385309E-22  0.20301911E-38
  0.19000000E+02 -0.12257033E-22  0.20180200E-38
  0.19100000E+02 -0.12130732E-22  0.20010075E-38
  0.19200000E+02 -0.12006365E-22  0.19830346E-38
  0.19300000E+02 -0.11883893E-22  0.19653993E-38
  0.19400000E+02 -0.11763279E-22  0.19521748E-38
  0.19500000E+02 -0.11644484E-22  0.19390580E-38
  0.19600000E+02 -0.11527473E-22  0.19218741E-38
  0.19700000E+02 -0.11412210E-22  0.19028756E-38
  0.19800000E+02 -0.11298661E-22  0.18953163E-38
  0.19900000E+02 -0.11186792E-22  0.18748913E-38
  0.20000000E+02 -0.11076570E-22  0.18653214E-38
  0.20100000E+02 -0.10967963E-22  0.18421607E-38
  0.20200000E+02 -0.10860939E-22  0.18369203E-38
  0.20300000E+02 -0.10755469E-22  0.18189815E-38
  0.20400000E+02 -0.10651523E-22  0.18020560E-38
  0.20500000E+02 -0.10549071E-22  0.17950154E-38
  0.20600000E+02 -0.10448084E-22  0.17811008E-38
  0.20700000E+02 -0.10348536E-22  0.17635572E-38
  0.20800000E+02 -0.10250399E-22  0.17501011E-38
  0.20900000E+02 -0.10153647E-22  0.17327447E-38
  0.21000000E+02 -0.10058253E-22  0.17205769E-38
  0.21100000E+02 -0.99641932E-23  0.17097938E-38
  0.21200000E+02 -0.98714420E-23  0.17001525E-38
  0.21300000E+02 -0.97799757E-23  0.16807977E-38
  0.21400000E+02 -0.96897706E-23  0.16675034E-38
  0.21500000E+02 -0.96008037E-23  0.16575502E-38
  0.21600000E+02 -0.95130526E-23  0.16454536E-38
  0.21700000E+02 -0.94264952E-23  0.16355711E-38
  0.21800000E+02 -0.93411101E-23  0.16232950E-38
  0.21900000E+02 -0.92568763E-23  0.16139260E-38
  0.22000000E+02 -0.91737732E-23  0.15969643E-38
  0.22100000E+02 -0.90917808E-23  0.15889039E-38
  0.22200000E+02 -0.90108793E-23  0.15676308E-38
  0.22300000E+02 -0.89310496E-23  0.15614449E-38
  0.22400000E+02 -0.88522729E-23  0.15524227E-38
  0.22500000E+02 -0.87745307E-23  0.15465668E-38
  0.22600000E+02 -0.86978052E-23  0.15267523E-38
  0.22700000E+02 -0.86220787E-23  0.15163996E-38
  0.22800000E+02 -0.85473340E-23  0.15085593E-38
  0.22900000E+02 -0.84735543E-23  0.14965295E-38
  0.23000000E+02 -0.84007230E-23  0.14885544E-38
  0.23100000E+02 -0.83288239E-23  0.14755124E-38
  0.23200000E+02 -0.82578414E-23  0.14634141E-38
  0.23300000E+02 -0.81877600E-23  0.14566248E-38
  0.23400000E+02 -0.81185644E-23  0.14436856E-38
  0.23500000E+02 -0.80502399E-23  0.14333964E-38
  0.23600000E+02 -0.79827719E-23  0.14256188E-38
  0.23700000E+02 -0.79161462E-23  0.14127897E-38
  0.23800000E+02 -0.78503489E-23  0.14000135E-38
  0.23900000E+02 -0.77853664E-23  0.13952360E-38
  0.24000000E+02 -0.77211853E-23  0.13822012E-38
  0.24100000E+02 -0.76577924E-23  0.13772569E-38
  0.24200000E+02 -0.75951751E-23  0.13629015E-38
  0.24300000E+02 -0.75333206E-23  0.13548749E-38
  0.24400000E+02 -0.74722168E-23  0.13452915E-38
  0.24500000E+02 -0.74118515E-23  0.13402388E-38
  0.24600000E+02 -0.73522128E-23  0.13258786E-38
  0.24700000E+02 -0.72932893E-23  0.13202709E-38
  0.24800000E+02 -0.72350696E-23  0.13086769E-38
  0.24900000E+02 -0.71775425E-23  0.13018653E-38
  0.25000000E+02 -0.71206971E-23  0.12931082E-38
  0.25100000E+02 -0.70645226E-23  0.12824518E-38
  0.25200000E+02 -0.70090087E-23  0.12731361E-38
  0.25300000E+02 -0.69541450E-23  0.12654836E-38
  0.25400000E+02 -0.68999214E-23  0.12555224E-38
  0.25500000E+02 -0.68463281E-23  0.12480863E-38
  0.25600000E+02 -0.67933553E-23  0.12420617E-38
  0.25700000E+02 -0.67409934E-23  0.12331800E-38
  0.25800000E+02 -0.66892333E-23  0.12247517E-38
  0.25900000E+02 -0.66380656E-23  0.12135687E-38
  0.26000000E+02 -0.65874814E-23  0.12096987E-38
  0.26100000E+02 -0.65374720E-23  0.11992895E-38
  0.26200000E+02 -0.64880285E-23  0.11955859E-38
  0.26300000E+02 -0.64391426E-23  0.11827237E-38
  0.26400000E+02 -0.63908059E-23  0.11768208E-38
  0.26500000E+02 -0.63430103E-23  0.11714639E-38
  0.26600000E+02 -0.62957476E-23  0.11591652E-38
  0.26700000E+02 -0.62490101E-23  0.11578421E-38
  0.26800000E+02 -0.62027900E-23  0.11494370E-38
  0.26900000E+02 -0.61570796E-23  0.11418217E-38
  0.27000000E+02 -0.61118717E-23  0.11313200E-38
  0.27100000E+02 -0.60671587E-23  0.11267506E-38
  0.27200000E+02 -0.60229336E-23  0.11182043E-38
  0.27300000E+02 -0.59791892E-23  0.11112791E-38
  0.27400000E+02 -0.59359187E-23  0.11020547E-38
  0.27500000E+02 -0.58931153E-23  0.10972821E-38
  0.27600000E+02 -0.58507722E-23  0.10880472E-38
  0.27700000E+02 -0.58088829E-23  0.10808497E-38
  0.27800000E+02 -0.57674410E-23  0.10742769E-38
  0.27900000E+02 -0.57264401E-23  0.10679957E-38
  0.28000000E+02 -0.56858740E-23  0.10613670E-38
  0.28100000E+02 -0.56457365E-23  0.10547807E-38
  0.28200000E+02 -0.56060217E-23  0.10495215E-38
  0.28300000E+02 -0.55667237E-23  0.10431670E-38
  0.28400000E+02 -0.55278367E-23  0.10398948E-38
  0.28500000E+02 -0.54893549E-23  0.10314607E-38
  0.28600000E+02 -0.54512728E-23  0.10233703E-38
  0.28700000E+02 -0.54135848E-23  0.10172736E-38
  0.28800000E+02 -0.53762856E-23  0.10128887E-38
  0.28900000E+02 -0.53393698E-23  0.10057546E-38
  0.29000000E+02 -0.53028322E-23  0.99897051E-39
  0.29100000E+02 -0.52666677E-23  0.99220282E-39
  0.29200000E+02 -0.52308712E-23  0.98801350E-39
  0.29300000E+02 -0.51954378E-23  0.97891280E-39
  0.29400000E+02 -0.51603625E-23  0.97605246E-39
  0.29500000E+02 -0.51256405E-23  0.96921179E-39
  0.29600000E+02 -0.50912672E-23  0.96679166E-39
  0.29700000E+02 -0.50572379E-23  0.95718191E-39
  0.29800000E+02 -0.50235481E-23  0.95160375E-39
  0.29900000E+02 -0.49901931E-23  0.94797054E-39
  0.30000000E+02 -0.49571687E-23  0.94198885E-39
  0.30100000E+02 -0.49244704E-23  0.93471287E-39
  0.30200000E+02 -0.48920940E-23  0.93003993E-39
  0.30300000E+02 -0.48600353E-23  0.92328343E-39
  0.30400000E+02 -0.48282902E-23  0.91977215E-39
  0.30500000E+02 -0.47968546E-23  0.91373177E-39
  0.30600000E+02 -0.47657244E-23  0.90907652E-39
  0.30700000E+02 -0.47348958E-23  0.90533156E-39
  0.30800000E+02 -0.47043649E-23  0.89738945E-39
  0.30900000E+02 -0.46741278E-23  0.89396940E-39
  0.31000000E+02 -0.46441808E-23  0.88745618E-39
  0.31100000E+02 -0.46145203E-23  0.88406216E-39
  0.31200000E+02 -0.45851425E-23  0.87830343E-39
  0.31300000E+02 -0.45560439E-23  0.87283796E-39
  0.31400000E+02 -0.45272210E-23  0.86950455E-39
  0.31500000E+02 -0.44986703E-23  0.86128221E-39
  0.31600000E+02 -0.44703884E-23  0.85755184E-39
  0.31700000E+02 -0.44423719E-23  0.85218614E-39
  0.31800000E+02 -0.44146175E-23  0.84945762E-39
  0.31900000E+02 -0.43871221E-23  0.84174104E-39
  0.32000000E+02 -0.43598823E-23  0.84070658E-39
  0.32100000E+02 -0.43328950E-23  0.83790870E-39
  0.32200000E+02 -0.43061572E-23  0.82925222E-39
  0.32300000E+02 -0.42796657E-23  0.82547853E-39
  0.32400000E+02 -0.42534175E-23  0.82177559E-39
  0.32500000E+02 -0.42274097E-23  0.81763534E-39
  0.32600000E+02 -0.42016394E-23  0.81146556E-39
  0.32700000E+02 -0.41761036E-23  0.80846874E-39
  0.32800000E+02 -0.41507996E-23  0.80521818E-39
  0.32900000E+02 -0.41257245E-23  0.79814189E-39
  0.33000000E+02 -0.41008756E-23  0.79459757E-39
  0.33100000E+02 -0.40762503E-23  0.79008765E-39
  0.33200000E+02 -0.40518457E-23  0.78536506E-39
  0.33300000E+02 -0.40276593E-23  0.78171631E-39
  0.33400000E+02 -0.40036885E-23  0.77662722E-39
  0.33500000E+02 -0.39799308E-23  0.77217168E-39
  0.33600000E+02 -0.39563836E-23  0.76830746E-39
  0.33700000E+02 -0.39330445E-23  0.76443601E-39
  0.33800000E+02 -0.39099110E-23  0.75951721E-39
  0.33900000E+02 -0.38869807E-23  0.75889707E-39
  0.34000000E+02 -0.38642513E-23  0.75304374E-39
  0.34100000E+02 -0.38417203E-23  0.74895420E-39
  0.34200000E+02 -0.38193856E-23  0.74550186E-39
  0.34300000E+02 -0.37972448E-23  0.74184015E-39
  0.34400000E+02 -0.37752958E-23  0.73677873E-39
  0.34500000E+02 -0.37535362E-23  0.73174326E-39
  0.34600000E+02 -0.37319639E-23  0.72899945E-39
  0.34700000E+02 -0.37105768E-23  0.72567132E-39
  0.34800000E+02 -0.36893728E-23  0.72169623E-39
  0.34900000E+02 -0.36683498E-23  0.71817237E-39
  0.35000000E+02 -0.36475058E-23  0.71368905E-39
  0.35100000E+02 -0.36268387E-23  0.70972700E-39
  0.35200000E+02 -0.36063464E-23  0.70603081E-39
  0.35300000E+02 -0.35860272E-23  0.70314431E-39
  0.35400000E+02 -0.35658790E-23  0.69827171E-39
  0.35500000E+02 -0.35458998E-23  0.69699882E-39
  0.35600000E+02 -0.35260879E-23  0.69271847E-39
  0.35700000E+02 -0.35064414E-23  0.68901980E-39
  0.35800000E+02 -0.34869584E-23  0.68432016E-39
  0.35900000E+02 -0.34676372E-23  0.68028522E-39
  0.36000000E+02 -0.34484758E-23  0.67758959E-39
  0.36100000E+02 -0.34294727E-23  0.67363384E-39
  0.36200000E+02 -0.34106260E-23  0.67152442E-39
  0.36300000E+02 -0.33919341E-23  0.66786368E-39
  0.36400000E+02 -0.33733952E-23  0.66393330E-39
  0.36500000E+02 -0.33550076E-23  0.66069415E-39
  0.36600000E+02 -0.33367699E-23  0.65851389E-39
  0.36700000E+02 -0.33186802E-23  0.65268929E-39
  0.36800000E+02 -0.33007371E-23  0.65077596E-39
  0.36900000E+02 -0.32829390E-23  0.64811616E-39
  0.37000000E+02 -0.32652842E-23  0.64473555E-39
  0.37100000E+02 -0.32477713E-23  0.64070087E-39
  0.37200000E+02 -0.32303988E-23  0.63748078E-39
  0.37300000E+02 -0.32131651E-23  0.63527264E-39
  0.37400000E+02 -0.31960688E-23  0.63155007E-39
  0.37500000E+02 -0.31791084E-23  0.62943709E-39
  0.37600000E+02 -0.31622825E-23  0.62592973E-39
  0.37700000E+02 -0.31455897E-23  0.62363058E-39
  0.37800000E+02 -0.31290285E-23  0.61943878E-39
  0.37900000E+02 -0.31125977E-23  0.61686869E-39
  0.38000000E+02 -0.30962957E-23  0.61417150E-39
  0.38100000E+02 -0.30801214E-23  0.61073347E-39
  0.38200000E+02 -0.30640734E-23  0.60831695E-39
  0.38300000E+02 -0.30481502E-23  0.60555790E-39
  0.38400000E+02 -0.30323508E-23  0.60156986E-39
  0.38500000E+02 -0.30166737E-23  0.60026272E-39
  0.38600000E+02 -0.30011178E-23  0.59672530E-39
  0.38700000E+02 -0.29856817E-23  0.59435888E-39
  0.38800000E+02 -0.29703643E-23  0.59119238E-39
  0.38900000E+02 -0.29551644E-23  0.58802066E-39
  0.39000000E+02 -0.29400807E-23  0.58613482E-39
  0.39100000E+02 -0.29251120E-23  0.58311450E-39
  0.39200000E+02 -0.29102573E-23  0.57878116E-39
  0.39300000E+02 -0.28955153E-23  0.57638495E-39
  0.39400000E+02 -0.28808849E-23  0.57548650E-39
  0.39500000E+02 -0.28663650E-23  0.57225906E-39
  0.39600000E+02 -0.28519545E-23  0.56787485E-39
  0.39700000E+02 -0.28376523E-23  0.56775009E-39
  0.39800000E+02 -0.28234573E-23  0.56356430E-39
  0.39900000E+02 -0.28093684E-23  0.56114228E-39
  0.40000000E+02 -0.27953846E-23  0.55831425E-39
