  0.00000000E+00 -0.11268705E-20  0.26805417E-34
  0.10000000E+00 -0.88444374E-21  0.18659283E-34
  0.20000000E+00 -0.50885849E-21  0.10477475E-34
  0.30000000E+00 -0.30206941E-21  0.61780658E-35
  0.40000000E+00 -0.19460962E-21  0.38193990E-35
  0.50000000E+00 -0.13487638E-21  0.25057157E-35
  0.60000000E+00 -0.99011430E-22  0.17137819E-35
  0.70000000E+00 -0.75969236E-22  0.12201504E-35
  0.80000000E+00 -0.60317244E-22  0.90858860E-36
  0.90000000E+00 -0.49195635E-22  0.68384249E-36
  0.10000000E+01 -0.41000366E-22  0.52885738E-36
  0.11000000E+01 -0.34779902E-22  0.42311499E-36
  0.12000000E+01 -0.29941729E-22  0.34181491E-36
  0.13000000E+01 -0.26101185E-22  0.28140323E-36
  0.14000000E+01 -0.22999451E-22  0.23462360E-36
  0.15000000E+01 -0.20456944E-22  0.19766796E-36
  0.16000000E+01 -0.18345718E-22  0.16844013E-36
  0.17000000E+01 -0.16572508E-22  0.14691201E-36
  0.18000000E+01 -0.15067972E-22  0.12696682E-36
  0.19000000E+01 -0.13779651E-22  0.11232079E-36
  0.20000000E+01 -0.12667257E-22  0.99263052E-37
  0.21000000E+01 -0.11699431E-22  0.87947155E-37
  0.22000000E+01 -0.10851475E-22  0.78975234E-37
  0.23000000E+01 -0.10103726E-22  0.71279508E-37
  0.24000000E+01 -0.94403858E-23  0.65500780E-37
  0.25000000E+01 -0.88486439E-23  0.58833127E-37
  0.26000000E+01 -0.83180342E-23  0.54236294E-37
  0.27000000E+01 -0.78399415E-23  0.49454644E-37
  0.28000000E+01 -0.74072264E-23  0.45934801E-37
  0.29000000E+01 -0.70139347E-23  0.41974786E-37
  0.30000000E+01 -0.66550710E-23  0.39248841E-37
  0.31000000E+01 -0.63264209E-23  0.36259627E-37
  0.32000000E+01 -0.60244099E-23  0.33632521E-37
  0.33000000E+01 -0.57459908E-23  0.31952663E-37
  0.34000000E+01 -0.54885532E-23  0.29742162E-37
  0.35000000E+01 -0.52498508E-23  0.27688611E-37
  0.36000000E+01 -0.50279418E-23  0.26561171E-37
  0.37000000E+01 -0.48211406E-23  0.24795223E-37
  0.38000000E+01 -0.46279780E-23  0.23445899E-37
  0.39000000E+01 -0.44471681E-23  0.22025396E-37
  0.40000000E+01 -0.42775815E-23  0.20820519E-37
  0.41000000E+01 -0.41182223E-23  0.19822197E-37
  0.42000000E+01 -0.39682095E-23  0.18883488E-37
  0.43000000E+01 -0.38267609E-23  0.17943828E-37
  0.44000000E+01 -0.36931799E-23  0.17128612E-37
  0.45000000E+01 -0.35668440E-23  0.16004725E-37
  0.46000000E+01 -0.34471952E-23  0.15506150E-37
  0.47000000E+01 -0.33337322E-23  0.14666749E-37
  0.48000000E+01 -0.32260030E-23  0.14071471E-37
  0.49000000E+01 -0.31235990E-23  0.13585165E-37
  0.50000000E+01 -0.30261502E-23  0.12865431E-37
  0.51000000E+01 -0.29333203E-23  0.12405323E-37
  0.52000000E+01 -0.28448031E-23  0.11944590E-37
  0.53000000E+01 -0.27603192E-23  0.11366495E-37
  0.54000000E+01 -0.26796130E-23  0.11006424E-37
  0.55000000E+01 -0.26024502E-23  0.10641758E-37
  0.56000000E+01 -0.25286157E-23  0.10193764E-37
  0.57000000E+01 -0.24579114E-23  0.98549922E-38
  0.58000000E+01 -0.23901548E-23  0.95378308E-38
  0.59000000E+01 -0.23251774E-23  0.91330323E-38
  0.60000000E+01 -0.22628230E-23  0.87036461E-38
  0.61000000E+01 -0.22029472E-23  0.83945815E-38
  0.62000000E+01 -0.21454159E-23  0.82121598E-38
  0.63000000E+01 -0.20901042E-23  0.78592346E-38
  0.64000000E+01 -0.20368961E-23  0.76824170E-38
  0.65000000E+01 -0.19856834E-23  0.73473076E-38
  0.66000000E+01 -0.19363651E-23  0.71302310E-38
  0.67000000E+01 -0.18888468E-23  0.68611393E-38
  0.68000000E+01 -0.18430402E-23  0.66793350E-38
  0.69000000E+01 -0.17988626E-23  0.64270109E-38
  0.70000000E+01 -0.17562362E-23  0.62683722E-38
  0.71000000E+01 -0.17150884E-23  0.60864352E-38
  0.72000000E+01 -0.16753505E-23  0.59197832E-38
  0.73000000E+01 -0.16369583E-23  0.57658462E-38
  0.74000000E+01 -0.15998510E-23  0.55897700E-38
  0.75000000E+01 -0.15639714E-23  0.54098295E-38
  0.76000000E+01 -0.15292656E-23  0.52276531E-38
  0.77000000E+01 -0.14956828E-23  0.50966582E-38
  0.78000000E+01 -0.14631747E-23  0.49687685E-38
  0.79000000E+01 -0.14316959E-23  0.48087127E-38
  0.80000000E+01 -0.14012032E-23  0.46617333E-38
  0.81000000E+01 -0.13716560E-23  0.45557309E-38
  0.82000000E+01 -0.13430154E-23  0.44283524E-38
  0.83000000E+01 -0.13152449E-23  0.43281614E-38
  0.84000000E+01 -0.12883097E-23  0.41683096E-38
  0.85000000E+01 -0.12621766E-23  0.40914208E-38
  0.86000000E+01 -0.12368142E-23  0.39517126E-38
  0.87000000E+01 -0.12121928E-23  0.38844697E-38
  0.88000000E+01 -0.11882838E-23  0.37602347E-38
  0.89000000E+01 -0.11650602E-23  0.36243674E-38
  0.90000000E+01 -0.11424962E-23  0.36339118E-38
  0.91000000E+01 -0.11205673E-23  0.34757993E-38
  0.92000000E+01 -0.10992501E-23  0.33969387E-38
  0.93000000E+01 -0.10785221E-23  0.33297977E-38
  0.94000000E+01 -0.10583621E-23  0.32343460E-38
  0.95000000E+01 -0.10387497E-23  0.31449388E-38
  0.96000000E+01 -0.10196655E-23  0.30709203E-38
  0.97000000E+01 -0.10010907E-23  0.30227886E-38
  0.98000000E+01 -0.98300777E-24  0.29329449E-38
  0.99000000E+01 -0.96539954E-24  0.29245461E-38
  0.10000000E+02 -0.94824976E-24  0.27993645E-38
  0.10100000E+02 -0.93154283E-24  0.27540651E-38
  0.10200000E+02 -0.91526383E-24  0.26763697E-38
  0.10300000E+02 -0.89939843E-24  0.26421729E-38
  0.10400000E+02 -0.88393293E-24  0.25535987E-38
  0.10500000E+02 -0.86885416E-24  0.25434421E-38
  0.10600000E+02 -0.85414951E-24  0.24549559E-38
  0.10700000E+02 -0.83980686E-24  0.24152190E-38
  0.10800000E+02 -0.82581458E-24  0.23420465E-38
  0.10900000E+02 -0.81216151E-24  0.23095340E-38
  0.11000000E+02 -0.79883692E-24  0.22574348E-38
  0.11100000E+02 -0.78583051E-24  0.21492973E-38
  0.11200000E+02 -0.77313236E-24  0.21672467E-38
  0.11300000E+02 -0.76073294E-24  0.21350444E-38
  0.11400000E+02 -0.74862310E-24  0.20814348E-38
  0.11500000E+02 -0.73679401E-24  0.20391822E-38
  0.11600000E+02 -0.72523718E-24  0.19935038E-38
  0.11700000E+02 -0.71394445E-24  0.19163797E-38
  0.11800000E+02 -0.70290795E-24  0.18938710E-38
  0.11900000E+02 -0.69212009E-24  0.18701990E-38
  0.12000000E+02 -0.68157357E-24  0.18299556E-38
  0.12100000E+02 -0.67126135E-24  0.18106705E-38
  0.12200000E+02 -0.66117664E-24  0.17610059E-38
  0.12300000E+02 -0.65131291E-24  0.17383198E-38
  0.12400000E+02 -0.64166383E-24  0.16556337E-38
  0.12500000E+02 -0.63222331E-24  0.16789467E-38
  0.12600000E+02 -0.62298547E-24  0.16217111E-38
  0.12700000E+02 -0.61394465E-24  0.16009779E-38
  0.12800000E+02 -0.60509536E-24  0.15602433E-38
  0.12900000E+02 -0.59643231E-24  0.15378500E-38
  0.13000000E+02 -0.58795038E-24  0.15257353E-38
  0.13100000E+02 -0.57964464E-24  0.14769444E-38
  0.13200000E+02 -0.57151031E-24  0.14517010E-38
  0.13300000E+02 -0.56354278E-24  0.14391878E-38
  0.13400000E+02 -0.55573758E-24  0.14159282E-38
  0.13500000E+02 -0.54809041E-24  0.13973593E-38
  0.13600000E+02 -0.54059708E-24  0.13666015E-38
  0.13700000E+02 -0.53325356E-24  0.13283299E-38
  0.13800000E+02 -0.52605593E-24  0.13074018E-38
  0.13900000E+02 -0.51900042E-24  0.12990186E-38
  0.14000000E+02 -0.51208337E-24  0.12501477E-38
  0.14100000E+02 -0.50530122E-24  0.12437630E-38
  0.14200000E+02 -0.49865054E-24  0.12233582E-38
  0.14300000E+02 -0.49212800E-24  0.12136409E-38
  0.14400000E+02 -0.48573039E-24  0.11727456E-38
  0.14500000E+02 -0.47945457E-24  0.11623046E-38
  0.14600000E+02 -0.47329751E-24  0.11372261E-38
  0.14700000E+02 -0.46725629E-24  0.11160220E-38
  0.14800000E+02 -0.46132806E-24  0.11028730E-38
  0.14900000E+02 -0.45551004E-24  0.10980055E-38
  0.15000000E+02 -0.44979958E-24  0.10620276E-38
  0.15100000E+02 -0.44419407E-24  0.10695235E-38
  0.15200000E+02 -0.43869098E-24  0.10318635E-38
  0.15300000E+02 -0.43328788E-24  0.10391375E-38
  0.15400000E+02 -0.42798239E-24  0.10049143E-38
  0.15500000E+02 -0.42277220E-24  0.98656562E-39
  0.15600000E+02 -0.41765508E-24  0.97202455E-39
  0.15700000E+02 -0.41262884E-24  0.96260947E-39
  0.15800000E+02 -0.40769140E-24  0.96357038E-39
  0.15900000E+02 -0.40284068E-24  0.92899988E-39
  0.16000000E+02 -0.39807469E-24  0.93192729E-39
  0.16100000E+02 -0.39339152E-24  0.88740481E-39
  0.16200000E+02 -0.38878926E-24  0.88394833E-39
  0.16300000E+02 -0.38426609E-24  0.87596910E-39
  0.16400000E+02 -0.37982023E-24  0.87631187E-39
  0.16500000E+02 -0.37544996E-24  0.84219455E-39
  0.16600000E+02 -0.37115359E-24  0.84484688E-39
  0.16700000E+02 -0.36692948E-24  0.81872753E-39
  0.16800000E+02 -0.36277605E-24  0.80370439E-39
  0.16900000E+02 -0.35869174E-24  0.80928904E-39
  0.17000000E+02 -0.35467506E-24  0.79314264E-39
  0.17100000E+02 -0.35072453E-24  0.77640604E-39
  0.17200000E+02 -0.34683873E-24  0.76465648E-39
  0.17300000E+02 -0.34301626E-24  0.75171932E-39
  0.17400000E+02 -0.33925578E-24  0.76269836E-39
  0.17500000E+02 -0.33555598E-24  0.73553809E-39
  0.17600000E+02 -0.33191556E-24  0.72699461E-39
  0.17700000E+02 -0.32833327E-24  0.71495790E-39
  0.17800000E+02 -0.32480791E-24  0.70332799E-39
  0.17900000E+02 -0.32133829E-24  0.69288120E-39
  0.18000000E+02 -0.31792324E-24  0.67509460E-39
  0.18100000E+02 -0.31456166E-24  0.67782688E-39
  0.18200000E+02 -0.31125243E-24  0.67328688E-39
  0.18300000E+02 -0.30799449E-24  0.67857697E-39
  0.18400000E+02 -0.30478680E-24  0.65017540E-39
  0.18500000E+02 -0.30162834E-24  0.63934243E-39
  0.18600000E+02 -0.29851812E-24  0.63079128E-39
  0.18700000E+02 -0.29545517E-24  0.62226488E-39
  0.18800000E+02 -0.29243856E-24  0.61637646E-39
  0.18900000E+02 -0.28946736E-24  0.61333609E-39
  0.19000000E+02 -0.28654067E-24  0.61096642E-39
  0.19100000E+02 -0.28365762E-24  0.59509799E-39
  0.19200000E+02 -0.28081736E-24  0.58864258E-39
  0.19300000E+02 -0.27801905E-24  0.58155765E-39
  0.19400000E+02 -0.27526188E-24  0.56908408E-39
  0.19500000E+02 -0.27254505E-24  0.56286908E-39
  0.19600000E+02 -0.26986780E-24  0.56380718E-39
  0.19700000E+02 -0.26722936E-24  0.54010672E-39
  0.19800000E+02 -0.26462900E-24  0.52958245E-39
  0.19900000E+02 -0.26206598E-24  0.54095724E-39
  0.20000000E+02 -0.25953962E-24  0.52899172E-39
  0.20100000E+02 -0.25704922E-24  0.52360778E-39
  0.20200000E+02 -0.25459410E-24  0.51324744E-39
  0.20300000E+02 -0.25217362E-24  0.51332321E-39
  0.20400000E+02 -0.24978713E-24  0.50716999E-39
  0.20500000E+02 -0.24743400E-24  0.49859574E-39
  0.20600000E+02 -0.24511362E-24  0.49208612E-39
  0.20700000E+02 -0.24282539E-24  0.48968420E-39
  0.20800000E+02 -0.24056872E-24  0.48998521E-39
  0.20900000E+02 -0.23834305E-24  0.48077165E-39
  0.21000000E+02 -0.23614781E-24  0.47370078E-39
  0.21100000E+02 -0.23398246E-24  0.46303813E-39
  0.21200000E+02 -0.23184645E-24  0.45820984E-39
  0.21300000E+02 -0.22973928E-24  0.45881161E-39
  0.21400000E+02 -0.22766042E-24  0.44239516E-39
  0.21500000E+02 -0.22560938E-24  0.45563837E-39
  0.21600000E+02 -0.22358567E-24  0.43354108E-39
  0.21700000E+02 -0.22158881E-24  0.43548530E-39
  0.21800000E+02 -0.21961832E-24  0.43908078E-39
  0.21900000E+02 -0.21767376E-24  0.42902786E-39
  0.22000000E+02 -0.21575466E-24  0.42165241E-39
  0.22100000E+02 -0.21386060E-24  0.41380011E-39
  0.22200000E+02 -0.21199115E-24  0.41605378E-39
  0.22300000E+02 -0.21014588E-24  0.40933656E-39
  0.22400000E+02 -0.20832438E-24  0.40037466E-39
  0.22500000E+02 -0.20652624E-24  0.40581373E-39
  0.22600000E+02 -0.20475109E-24  0.40077127E-39
  0.22700000E+02 -0.20299852E-24  0.38832834E-39
  0.22800000E+02 -0.20126815E-24  0.38660653E-39
  0.22900000E+02 -0.19955963E-24  0.37835527E-39
  0.23000000E+02 -0.19787258E-24  0.38312646E-39
  0.23100000E+02 -0.19620666E-24  0.38090982E-39
  0.23200000E+02 -0.19456150E-24  0.36789713E-39
  0.23300000E+02 -0.19293678E-24  0.36758076E-39
  0.23400000E+02 -0.19133215E-24  0.35996989E-39
  0.23500000E+02 -0.18974730E-24  0.35801967E-39
  0.23600000E+02 -0.18818189E-24  0.35447084E-39
  0.23700000E+02 -0.18663561E-24  0.34457893E-39
  0.23800000E+02 -0.18510816E-24  0.35214494E-39
  0.23900000E+02 -0.18359924E-24  0.34833283E-39
  0.24000000E+02 -0.18210854E-24  0.34043071E-39
  0.24100000E+02 -0.18063579E-24  0.33658757E-39
  0.24200000E+02 -0.17918068E-24  0.33791460E-39
  0.24300000E+02 -0.17774295E-24  0.32571403E-39
  0.24400000E+02 -0.17632233E-24  0.32865080E-39
  0.24500000E+02 -0.17491853E-24  0.32647443E-39
  0.24600000E+02 -0.17353131E-24  0.32563817E-39
  0.24700000E+02 -0.17216039E-24  0.31910042E-39
  0.24800000E+02 -0.17080554E-24  0.31495059E-39
  0.24900000E+02 -0.16946650E-24  0.31655824E-39
  0.25000000E+02 -0.16814303E-24  0.31067357E-39
  0.25100000E+02 -0.16683488E-24  0.30382927E-39
  0.25200000E+02 -0.16554184E-24  0.30389070E-39
  0.25300000E+02 -0.16426366E-24  0.30643436E-39
  0.25400000E+02 -0.16300011E-24  0.29727392E-39
  0.25500000E+02 -0.16175099E-24  0.29519463E-39
  0.25600000E+02 -0.16051607E-24  0.28994437E-39
  0.25700000E+02 -0.15929514E-24  0.29180127E-39
  0.25800000E+02 -0.15808799E-24  0.29119812E-39
  0.25900000E+02 -0.15689441E-24  0.28651899E-39
  0.26000000E+02 -0.15571421E-24  0.27939225E-39
  0.26100000E+02 -0.15454718E-24  0.28484932E-39
  0.26200000E+02 -0.15339314E-24  0.27969051E-39
  0.26300000E+02 -0.15225189E-24  0.27320794E-39
  0.26400000E+02 -0.15112324E-24  0.27106074E-39
  0.26500000E+02 -0.15000701E-24  0.27282415E-39
  0.26600000E+02 -0.14890302E-24  0.26995737E-39
  0.26700000E+02 -0.14781109E-24  0.26717028E-39
  0.26800000E+02 -0.14673106E-24  0.26238117E-39
  0.26900000E+02 -0.14566274E-24  0.26481629E-39
  0.27000000E+02 -0.14460597E-24  0.25562533E-39
  0.27100000E+02 -0.14356058E-24  0.25482539E-39
  0.27200000E+02 -0.14252642E-24  0.25316128E-39
  0.27300000E+02 -0.14150333E-24  0.25137521E-39
  0.27400000E+02 -0.14049114E-24  0.24769155E-39
  0.27500000E+02 -0.13948971E-24  0.24400068E-39
  0.27600000E+02 -0.13849888E-24  0.24978423E-39
  0.27700000E+02 -0.13751851E-24  0.24450825E-39
  0.27800000E+02 -0.13654844E-24  0.24213251E-39
  0.27900000E+02 -0.13558854E-24  0.23950115E-39
  0.28000000E+02 -0.13463867E-24  0.23656547E-39
  0.28100000E+02 -0.13369869E-24  0.23680538E-39
  0.28200000E+02 -0.13276845E-24  0.23511302E-39
  0.28300000E+02 -0.13184784E-24  0.23108133E-39
  0.28400000E+02 -0.13093671E-24  0.22985745E-39
  0.28500000E+02 -0.13003494E-24  0.22611005E-39
  0.28600000E+02 -0.12914240E-24  0.22679653E-39
  0.28700000E+02 -0.12825896E-24  0.22935907E-39
  0.28800000E+02 -0.12738451E-24  0.22139514E-39
  0.28900000E+02 -0.12651892E-24  0.22475180E-39
  0.29000000E+02 -0.12566207E-24  0.22292064E-39
  0.29100000E+02 -0.12481386E-24  0.21610823E-39
  0.29200000E+02 -0.12397415E-24  0.21739851E-39
  0.29300000E+02 -0.12314284E-24  0.20936182E-39
  0.29400000E+02 -0.12231982E-24  0.21055530E-39
  0.29500000E+02 -0.12150498E-24  0.20890197E-39
  0.29600000E+02 -0.12069821E-24  0.20876262E-39
  0.29700000E+02 -0.11989940E-24  0.20672854E-39
  0.29800000E+02 -0.11910846E-24  0.20580904E-39
  0.29900000E+02 -0.11832527E-24  0.20385488E-39
  0.30000000E+02 -0.11754975E-24  0.20250383E-39
  0.30100000E+02 -0.11678179E-24  0.19775451E-39
  0.30200000E+02 -0.11602128E-24  0.19948609E-39
  0.30300000E+02 -0.11526815E-24  0.19590168E-39
  0.30400000E+02 -0.11452228E-24  0.19634547E-39
  0.30500000E+02 -0.11378360E-24  0.19505025E-39
  0.30600000E+02 -0.11305200E-24  0.19323693E-39
  0.30700000E+02 -0.11232741E-24  0.19165675E-39
  0.30800000E+02 -0.11160972E-24  0.18753472E-39
  0.30900000E+02 -0.11089885E-24  0.18572580E-39
  0.31000000E+02 -0.11019472E-24  0.19027033E-39
  0.31100000E+02 -0.10949724E-24  0.18236744E-39
  0.31200000E+02 -0.10880634E-24  0.18283111E-39
  0.31300000E+02 -0.10812191E-24  0.18524904E-39
  0.31400000E+02 -0.10744390E-24  0.18109286E-39
  0.31500000E+02 -0.10677221E-24  0.17933001E-39
  0.31600000E+02 -0.10610677E-24  0.18058454E-39
  0.31700000E+02 -0.10544751E-24  0.17731096E-39
  0.31800000E+02 -0.10479434E-24  0.17633814E-39
  0.31900000E+02 -0.10414719E-24  0.17405074E-39
  0.32000000E+02 -0.10350599E-24  0.17463446E-39
  0.32100000E+02 -0.10287067E-24  0.17132959E-39
  0.32200000E+02 -0.10224115E-24  0.17434601E-39
  0.32300000E+02 -0.10161737E-24  0.16587389E-39
  0.32400000E+02 -0.10099925E-24  0.16725043E-39
  0.32500000E+02 -0.10038673E-24  0.16703715E-39
  0.32600000E+02 -0.99779745E-25  0.16375537E-39
  0.32700000E+02 -0.99178220E-25  0.16644353E-39
  0.32800000E+02 -0.98582094E-25  0.16579996E-39
  0.32900000E+02 -0.97991303E-25  0.16013815E-39
  0.33000000E+02 -0.97405784E-25  0.16305483E-39
  0.33100000E+02 -0.96825475E-25  0.16076312E-39
  0.33200000E+02 -0.96250315E-25  0.15736536E-39
  0.33300000E+02 -0.95680242E-25  0.16103453E-39
  0.33400000E+02 -0.95115197E-25  0.15760799E-39
  0.33500000E+02 -0.94555122E-25  0.15698601E-39
  0.33600000E+02 -0.93999958E-25  0.15507022E-39
  0.33700000E+02 -0.93449650E-25  0.15089952E-39
  0.33800000E+02 -0.92904139E-25  0.15116227E-39
  0.33900000E+02 -0.92363372E-25  0.14891424E-39
  0.34000000E+02 -0.91827293E-25  0.15120898E-39
  0.34100000E+02 -0.91295849E-25  0.15070470E-39
  0.34200000E+02 -0.90768986E-25  0.14820247E-39
  0.34300000E+02 -0.90246653E-25  0.14803541E-39
  0.34400000E+02 -0.89728798E-25  0.14747879E-39
  0.34500000E+02 -0.89215369E-25  0.15000661E-39
  0.34600000E+02 -0.88706317E-25  0.14550320E-39
  0.34700000E+02 -0.88201593E-25  0.14634569E-39
  0.34800000E+02 -0.87701147E-25  0.13964711E-39
  0.34900000E+02 -0.87204932E-25  0.14244766E-39
  0.35000000E+02 -0.86712900E-25  0.14438497E-39
  0.35100000E+02 -0.86225005E-25  0.13926869E-39
  0.35200000E+02 -0.85741200E-25  0.13759230E-39
  0.35300000E+02 -0.85261441E-25  0.13725812E-39
  0.35400000E+02 -0.84785681E-25  0.13917970E-39
  0.35500000E+02 -0.84313878E-25  0.13520523E-39
  0.35600000E+02 -0.83845987E-25  0.13925171E-39
  0.35700000E+02 -0.83381966E-25  0.13503692E-39
  0.35800000E+02 -0.82921772E-25  0.13282351E-39
  0.35900000E+02 -0.82465364E-25  0.13502718E-39
  0.36000000E+02 -0.82012699E-25  0.13472041E-39
  0.36100000E+02 -0.81563738E-25  0.13410805E-39
  0.36200000E+02 -0.81118440E-25  0.12759055E-39
  0.36300000E+02 -0.80676766E-25  0.13167640E-39
  0.36400000E+02 -0.80238676E-25  0.12944126E-39
  0.36500000E+02 -0.79804132E-25  0.12657979E-39
  0.36600000E+02 -0.79373097E-25  0.12688085E-39
  0.36700000E+02 -0.78945532E-25  0.12862952E-39
  0.36800000E+02 -0.78521400E-25  0.12941823E-39
  0.36900000E+02 -0.78100665E-25  0.12499534E-39
  0.37000000E+02 -0.77683291E-25  0.12613777E-39
  0.37100000E+02 -0.77269243E-25  0.12546243E-39
  0.37200000E+02 -0.76858485E-25  0.12265529E-39
  0.37300000E+02 -0.76450982E-25  0.12245253E-39
  0.37400000E+02 -0.76046700E-25  0.12093667E-39
  0.37500000E+02 -0.75645607E-25  0.11970154E-39
  0.37600000E+02 -0.75247667E-25  0.12192767E-39
  0.37700000E+02 -0.74852849E-25  0.12445829E-39
  0.37800000E+02 -0.74461120E-25  0.12244270E-39
  0.37900000E+02 -0.74072448E-25  0.11862454E-39
  0.38000000E+02 -0.73686801E-25  0.11801789E-39
  0.38100000E+02 -0.73304148E-25  0.11454342E-39
  0.38200000E+02 -0.72924459E-25  0.11518104E-39
  0.38300000E+02 -0.72547702E-25  0.11595611E-39
  0.38400000E+02 -0.72173848E-25  0.11609092E-39
  0.38500000E+02 -0.71802868E-25  0.11215427E-39
  0.38600000E+02 -0.71434731E-25  0.11384143E-39
  0.38700000E+02 -0.71069410E-25  0.11168422E-39
  0.38800000E+02 -0.70706874E-25  0.11257317E-39
  0.38900000E+02 -0.70347098E-25  0.10977339E-39
  0.39000000E+02 -0.69990051E-25  0.11227827E-39
  0.39100000E+02 -0.69635708E-25  0.10913461E-39
  0.39200000E+02 -0.69284041E-25  0.10832260E-39
  0.39300000E+02 -0.68935022E-25  0.10949024E-39
  0.39400000E+02 -0.68588627E-25  0.10866562E-39
  0.39500000E+02 -0.68244827E-25  0.10954211E-39
  0.39600000E+02 -0.67903599E-25  0.10715990E-39
  0.39700000E+02 -0.67564916E-25  0.10631804E-39
  0.39800000E+02 -0.67228752E-25  0.10759761E-39
  0.39900000E+02 -0.66895084E-25  0.10405226E-39
  0.40000000E+02 -0.66563887E-25  0.10677042E-39
