  0.00000000E+00 -0.81332426E-18 -0.13791729E-33
  0.10000000E+00 -0.71281440E-18 -0.11212599E-33
  0.20000000E+00 -0.53958449E-18 -0.72623621E-34
  0.30000000E+00 -0.40359348E-18 -0.46522838E-34
  0.40000000E+00 -0.31044511E-18 -0.31401608E-34
  0.50000000E+00 -0.24618996E-18 -0.22380045E-34
  0.60000000E+00 -0.20031160E-18 -0.16685019E-34
  0.70000000E+00 -0.16639821E-18 -0.12893636E-34
  0.80000000E+00 -0.14057346E-18 -0.10253440E-34
  0.90000000E+00 -0.12041725E-18 -0.83449516E-35
  0.10000000E+01 -0.10435942E-18 -0.69218915E-35
  0.11000000E+01 -0.91344024E-19 -0.58328612E-35
  0.12000000E+01 -0.80638303E-19 -0.49809808E-35
  0.13000000E+01 -0.71719896E-19 -0.43020555E-35
  0.14000000E+01 -0.64207681E-19 -0.37522307E-35
  0.15000000E+01 -0.57817952E-19 -0.33007356E-35
  0.16000000E+01 -0.52335769E-19 -0.29254648E-35
  0.17000000E+01 -0.47595743E-19 -0.26102039E-35
  0.18000000E+01 -0.43468840E-19 -0.23428384E-35
  0.19000000E+01 -0.39853128E-19 -0.21141670E-35
  0.20000000E+01 -0.36667180E-19 -0.19170973E-35
  0.21000000E+01 -0.33845279E-19 -0.17460905E-35
  0.22000000E+01 -0.31333891E-19 -0.15967691E-35
  0.23000000E+01 -0.29089038E-19 -0.14656361E-35
  0.24000000E+01 -0.27074302E-19 -0.13498707E-35
  0.25000000E+01 -0.25259312E-19 -0.12471767E-35
  0.26000000E+01 -0.23618567E-19 -0.11556703E-35
  0.27000000E+01 -0.22130526E-19 -0.10737937E-35
  0.28000000E+01 -0.20776884E-19 -0.10002503E-35
  0.29000000E+01 -0.19542005E-19 -0.93395340E-36
  0.30000000E+01 -0.18412465E-19 -0.87398734E-36
  0.31000000E+01 -0.17376687E-19 -0.81957585E-36
  0.32000000E+01 -0.16424640E-19 -0.77005756E-36
  0.33000000E+01 -0.15547600E-19 -0.72486625E-36
  0.34000000E+01 -0.14737949E-19 -0.68351489E-36
  0.35000000E+01 -0.13989008E-19 -0.64558278E-36
  0.36000000E+01 -0.13294906E-19 -0.61070504E-36
  0.37000000E+01 -0.12650461E-19 -0.57856396E-36
  0.38000000E+01 -0.12051089E-19 -0.54888191E-36
  0.39000000E+01 -0.11492719E-19 -0.52141546E-36
  0.40000000E+01 -0.10971728E-19 -0.49595042E-36
  0.41000000E+01 -0.10484884E-19 -0.47229779E-36
  0.42000000E+01 -0.10029293E-19 -0.45029026E-36
  0.43000000E+01 -0.96023622E-20 -0.42977932E-36
  0.44000000E+01 -0.92017589E-20 -0.41063278E-36
  0.45000000E+01 -0.88253825E-20 -0.39273270E-36
  0.46000000E+01 -0.84713364E-20 -0.37597354E-36
  0.47000000E+01 -0.81379050E-20 -0.36026069E-36
  0.48000000E+01 -0.78235333E-20 -0.34550909E-36
  0.49000000E+01 -0.75268094E-20 -0.33164214E-36
  0.50000000E+01 -0.72464488E-20 -0.31859070E-36
  0.51000000E+01 -0.69812812E-20 -0.30629224E-36
  0.52000000E+01 -0.67302383E-20 -0.29469007E-36
  0.53000000E+01 -0.64923435E-20 -0.28373275E-36
  0.54000000E+01 -0.62667026E-20 -0.27337347E-36
  0.55000000E+01 -0.60524958E-20 -0.26356961E-36
  0.56000000E+01 -0.58489700E-20 -0.25428224E-36
  0.57000000E+01 -0.56554330E-20 -0.24547580E-36
  0.58000000E+01 -0.54712471E-20 -0.23711771E-36
  0.59000000E+01 -0.52958246E-20 -0.22917812E-36
  0.60000000E+01 -0.51286229E-20 -0.22162960E-36
  0.61000000E+01 -0.49691405E-20 -0.21444694E-36
  0.62000000E+01 -0.48169131E-20 -0.20760691E-36
  0.63000000E+01 -0.46715109E-20 -0.20108811E-36
  0.64000000E+01 -0.45325351E-20 -0.19487077E-36
  0.65000000E+01 -0.43996153E-20 -0.18893662E-36
  0.66000000E+01 -0.42724074E-20 -0.18326875E-36
  0.67000000E+01 -0.41505913E-20 -0.17785149E-36
  0.68000000E+01 -0.40338687E-20 -0.17267031E-36
  0.69000000E+01 -0.39219617E-20 -0.16771170E-36
  0.70000000E+01 -0.38146107E-20 -0.16296313E-36
  0.71000000E+01 -0.37115736E-20 -0.15841292E-36
  0.72000000E+01 -0.36126239E-20 -0.15405019E-36
  0.73000000E+01 -0.35175496E-20 -0.14986479E-36
  0.74000000E+01 -0.34261524E-20 -0.14584725E-36
  0.75000000E+01 -0.33382463E-20 -0.14198875E-36
  0.76000000E+01 -0.32536568E-20 -0.13828100E-36
  0.77000000E+01 -0.31722203E-20 -0.13471626E-36
  0.78000000E+01 -0.30937830E-20 -0.13128728E-36
  0.79000000E+01 -0.30182003E-20 -0.12798727E-36
  0.80000000E+01 -0.29453361E-20 -0.12480985E-36
  0.81000000E+01 -0.28750624E-20 -0.12174904E-36
  0.82000000E+01 -0.28072586E-20 -0.11879919E-36
  0.83000000E+01 -0.27418109E-20 -0.11595503E-36
  0.84000000E+01 -0.26786121E-20 -0.11321157E-36
  0.85000000E+01 -0.26175607E-20 -0.11056411E-36
  0.86000000E+01 -0.25585612E-20 -0.10800825E-36
  0.87000000E+01 -0.25015231E-20 -0.10553980E-36
  0.88000000E+01 -0.24463609E-20 -0.10315483E-36
  0.89000000E+01 -0.23929937E-20 -0.10084963E-36
  0.90000000E+01 -0.23413447E-20 -0.98620675E-37
  0.91000000E+01 -0.22913414E-20 -0.96464654E-37
  0.92000000E+01 -0.22429149E-20 -0.94378422E-37
  0.93000000E+01 -0.21960000E-20 -0.92359002E-37
  0.94000000E+01 -0.21505346E-20 -0.90403576E-37
  0.95000000E+01 -0.21064600E-20 -0.88509473E-37
  0.96000000E+01 -0.20637203E-20 -0.86674158E-37
  0.97000000E+01 -0.20222622E-20 -0.84895227E-37
  0.98000000E+01 -0.19820354E-20 -0.83170397E-37
  0.99000000E+01 -0.19429918E-20 -0.81497499E-37
  0.10000000E+02 -0.19050855E-20 -0.79874473E-37
  0.10100000E+02 -0.18682731E-20 -0.78299358E-37
  0.10200000E+02 -0.18325130E-20 -0.76770291E-37
  0.10300000E+02 -0.17977656E-20 -0.75285494E-37
  0.10400000E+02 -0.17639932E-20 -0.73843280E-37
  0.10500000E+02 -0.17311599E-20 -0.72442036E-37
  0.10600000E+02 -0.16992312E-20 -0.71080229E-37
  0.10700000E+02 -0.16681744E-20 -0.69756393E-37
  0.10800000E+02 -0.16379581E-20 -0.68469132E-37
  0.10900000E+02 -0.16085523E-20 -0.67217113E-37
  0.11000000E+02 -0.15799285E-20 -0.65999064E-37
  0.11100000E+02 -0.15520592E-20 -0.64813767E-37
  0.11200000E+02 -0.15249183E-20 -0.63660061E-37
  0.11300000E+02 -0.14984807E-20 -0.62536834E-37
  0.11400000E+02 -0.14727223E-20 -0.61443025E-37
  0.11500000E+02 -0.14476202E-20 -0.60377615E-37
  0.11600000E+02 -0.14231523E-20 -0.59339632E-37
  0.11700000E+02 -0.13992976E-20 -0.58328143E-37
  0.11800000E+02 -0.13760357E-20 -0.57342256E-37
  0.11900000E+02 -0.13533473E-20 -0.56381114E-37
  0.12000000E+02 -0.13312137E-20 -0.55443899E-37
  0.12100000E+02 -0.13096170E-20 -0.54529823E-37
  0.12200000E+02 -0.12885400E-20 -0.53638131E-37
  0.12300000E+02 -0.12679663E-20 -0.52768101E-37
  0.12400000E+02 -0.12478799E-20 -0.51919036E-37
  0.12500000E+02 -0.12282658E-20 -0.51090270E-37
  0.12600000E+02 -0.12091091E-20 -0.50281162E-37
  0.12700000E+02 -0.11903959E-20 -0.49491094E-37
  0.12800000E+02 -0.11721126E-20 -0.48719477E-37
  0.12900000E+02 -0.11542461E-20 -0.47965739E-37
  0.13000000E+02 -0.11367840E-20 -0.47229334E-37
  0.13100000E+02 -0.11197141E-20 -0.46509735E-37
  0.13200000E+02 -0.11030248E-20 -0.45806435E-37
  0.13300000E+02 -0.10867049E-20 -0.45118946E-37
  0.13400000E+02 -0.10707437E-20 -0.44446799E-37
  0.13500000E+02 -0.10551306E-20 -0.43789541E-37
  0.13600000E+02 -0.10398557E-20 -0.43146735E-37
  0.13700000E+02 -0.10249093E-20 -0.42517962E-37
  0.13800000E+02 -0.10102821E-20 -0.41902817E-37
  0.13900000E+02 -0.99596505E-21 -0.41300910E-37
  0.14000000E+02 -0.98194947E-21 -0.40711863E-37
  0.14100000E+02 -0.96822699E-21 -0.40135313E-37
  0.14200000E+02 -0.95478950E-21 -0.39570910E-37
  0.14300000E+02 -0.94162918E-21 -0.39018315E-37
  0.14400000E+02 -0.92873848E-21 -0.38477202E-37
  0.14500000E+02 -0.91611010E-21 -0.37947255E-37
  0.14600000E+02 -0.90373698E-21 -0.37428169E-37
  0.14700000E+02 -0.89161230E-21 -0.36919650E-37
  0.14800000E+02 -0.87972948E-21 -0.36421413E-37
  0.14900000E+02 -0.86808213E-21 -0.35933184E-37
  0.15000000E+02 -0.85666408E-21 -0.35454696E-37
  0.15100000E+02 -0.84546937E-21 -0.34985692E-37
  0.15200000E+02 -0.83449222E-21 -0.34525924E-37
  0.15300000E+02 -0.82372704E-21 -0.34075150E-37
  0.15400000E+02 -0.81316842E-21 -0.33633139E-37
  0.15500000E+02 -0.80281111E-21 -0.33199664E-37
  0.15600000E+02 -0.79265004E-21 -0.32774508E-37
  0.15700000E+02 -0.78268030E-21 -0.32357459E-37
  0.15800000E+02 -0.77289711E-21 -0.31948312E-37
  0.15900000E+02 -0.76329586E-21 -0.31546870E-37
  0.16000000E+02 -0.75387208E-21 -0.31152941E-37
  0.16100000E+02 -0.74462142E-21 -0.30766337E-37
  0.16200000E+02 -0.73553967E-21 -0.30386880E-37
  0.16300000E+02 -0.72662276E-21 -0.30014393E-37
  0.16400000E+02 -0.71786673E-21 -0.29648708E-37
  0.16500000E+02 -0.70926774E-21 -0.29289661E-37
  0.16600000E+02 -0.70082205E-21 -0.28937091E-37
  0.16700000E+02 -0.69252606E-21 -0.28590844E-37
  0.16800000E+02 -0.68437625E-21 -0.28250769E-37
  0.16900000E+02 -0.67636922E-21 -0.27916722E-37
  0.17000000E+02 -0.66850164E-21 -0.27588560E-37
  0.17100000E+02 -0.66077031E-21 -0.27266146E-37
  0.17200000E+02 -0.65317210E-21 -0.26949348E-37
  0.17300000E+02 -0.64570399E-21 -0.26638034E-37
  0.17400000E+02 -0.63836301E-21 -0.26332081E-37
  0.17500000E+02 -0.63114631E-21 -0.26031365E-37
  0.17600000E+02 -0.62405110E-21 -0.25735767E-37
  0.17700000E+02 -0.61707467E-21 -0.25445173E-37
  0.17800000E+02 -0.61021440E-21 -0.25159469E-37
  0.17900000E+02 -0.60346771E-21 -0.24878548E-37
  0.18000000E+02 -0.59683211E-21 -0.24602303E-37
  0.18100000E+02 -0.59030520E-21 -0.24330630E-37
  0.18200000E+02 -0.58388460E-21 -0.24063430E-37
  0.18300000E+02 -0.57756802E-21 -0.23800605E-37
  0.18400000E+02 -0.57135324E-21 -0.23542060E-37
  0.18500000E+02 -0.56523808E-21 -0.23287703E-37
  0.18600000E+02 -0.55922043E-21 -0.23037444E-37
  0.18700000E+02 -0.55329822E-21 -0.22791195E-37
  0.18800000E+02 -0.54746945E-21 -0.22548871E-37
  0.18900000E+02 -0.54173217E-21 -0.22310390E-37
  0.19000000E+02 -0.53608447E-21 -0.22075670E-37
  0.19100000E+02 -0.53052450E-21 -0.21844633E-37
  0.19200000E+02 -0.52505047E-21 -0.21617203E-37
  0.19300000E+02 -0.51966060E-21 -0.21393304E-37
  0.19400000E+02 -0.51435318E-21 -0.21172864E-37
  0.19500000E+02 -0.50912654E-21 -0.20955812E-37
  0.19600000E+02 -0.50397906E-21 -0.20742079E-37
  0.19700000E+02 -0.49890914E-21 -0.20531599E-37
  0.19800000E+02 -0.49391523E-21 -0.20324304E-37
  0.19900000E+02 -0.48899583E-21 -0.20120132E-37
  0.20000000E+02 -0.48414946E-21 -0.19919020E-37
  0.20100000E+02 -0.47937469E-21 -0.19720907E-37
  0.20200000E+02 -0.47467011E-21 -0.19525734E-37
  0.20300000E+02 -0.47003435E-21 -0.19333443E-37
  0.20400000E+02 -0.46546609E-21 -0.19143977E-37
  0.20500000E+02 -0.46096401E-21 -0.18957282E-37
  0.20600000E+02 -0.45652686E-21 -0.18773304E-37
  0.20700000E+02 -0.45215338E-21 -0.18591990E-37
  0.20800000E+02 -0.44784236E-21 -0.18413290E-37
  0.20900000E+02 -0.44359263E-21 -0.18237153E-37
  0.21000000E+02 -0.43940303E-21 -0.18063530E-37
  0.21100000E+02 -0.43527243E-21 -0.17892374E-37
  0.21200000E+02 -0.43119972E-21 -0.17723639E-37
  0.21300000E+02 -0.42718384E-21 -0.17557279E-37
  0.21400000E+02 -0.42322373E-21 -0.17393249E-37
  0.21500000E+02 -0.41931837E-21 -0.17231507E-37
  0.21600000E+02 -0.41546674E-21 -0.17072009E-37
  0.21700000E+02 -0.41166788E-21 -0.16914716E-37
  0.21800000E+02 -0.40792082E-21 -0.16759586E-37
  0.21900000E+02 -0.40422463E-21 -0.16606580E-37
  0.22000000E+02 -0.40057839E-21 -0.16455659E-37
  0.22100000E+02 -0.39698120E-21 -0.16306785E-37
  0.22200000E+02 -0.39343219E-21 -0.16159923E-37
  0.22300000E+02 -0.38993051E-21 -0.16015035E-37
  0.22400000E+02 -0.38647532E-21 -0.15872086E-37
  0.22500000E+02 -0.38306579E-21 -0.15731043E-37
  0.22600000E+02 -0.37970113E-21 -0.15591871E-37
  0.22700000E+02 -0.37638056E-21 -0.15454537E-37
  0.22800000E+02 -0.37310331E-21 -0.15319009E-37
  0.22900000E+02 -0.36986862E-21 -0.15185257E-37
  0.23000000E+02 -0.36667578E-21 -0.15053248E-37
  0.23100000E+02 -0.36352405E-21 -0.14922952E-37
  0.23200000E+02 -0.36041274E-21 -0.14794341E-37
  0.23300000E+02 -0.35734116E-21 -0.14667385E-37
  0.23400000E+02 -0.35430863E-21 -0.14542056E-37
  0.23500000E+02 -0.35131450E-21 -0.14418326E-37
  0.23600000E+02 -0.34835812E-21 -0.14296169E-37
  0.23700000E+02 -0.34543887E-21 -0.14175557E-37
  0.23800000E+02 -0.34255611E-21 -0.14056465E-37
  0.23900000E+02 -0.33970926E-21 -0.13938867E-37
  0.24000000E+02 -0.33689770E-21 -0.13822739E-37
  0.24100000E+02 -0.33412087E-21 -0.13708056E-37
  0.24200000E+02 -0.33137820E-21 -0.13594794E-37
  0.24300000E+02 -0.32866912E-21 -0.13482930E-37
  0.24400000E+02 -0.32599309E-21 -0.13372441E-37
  0.24500000E+02 -0.32334958E-21 -0.13263304E-37
  0.24600000E+02 -0.32073806E-21 -0.13155498E-37
  0.24700000E+02 -0.31815802E-21 -0.13049000E-37
  0.24800000E+02 -0.31560895E-21 -0.12943791E-37
  0.24900000E+02 -0.31309036E-21 -0.12839849E-37
  0.25000000E+02 -0.31060177E-21 -0.12737154E-37
  0.25100000E+02 -0.30814270E-21 -0.12635686E-37
  0.25200000E+02 -0.30571270E-21 -0.12535425E-37
  0.25300000E+02 -0.30331129E-21 -0.12436353E-37
  0.25400000E+02 -0.30093804E-21 -0.12338451E-37
  0.25500000E+02 -0.29859251E-21 -0.12241700E-37
  0.25600000E+02 -0.29627427E-21 -0.12146083E-37
  0.25700000E+02 -0.29398290E-21 -0.12051582E-37
  0.25800000E+02 -0.29171797E-21 -0.11958179E-37
  0.25900000E+02 -0.28947910E-21 -0.11865858E-37
  0.26000000E+02 -0.28726588E-21 -0.11774602E-37
  0.26100000E+02 -0.28507792E-21 -0.11684395E-37
  0.26200000E+02 -0.28291484E-21 -0.11595220E-37
  0.26300000E+02 -0.28077626E-21 -0.11507063E-37
  0.26400000E+02 -0.27866181E-21 -0.11419906E-37
  0.26500000E+02 -0.27657114E-21 -0.11333737E-37
  0.26600000E+02 -0.27450388E-21 -0.11248539E-37
  0.26700000E+02 -0.27245970E-21 -0.11164298E-37
  0.26800000E+02 -0.27043824E-21 -0.11081000E-37
  0.26900000E+02 -0.26843918E-21 -0.10998630E-37
  0.27000000E+02 -0.26646218E-21 -0.10917176E-37
  0.27100000E+02 -0.26450692E-21 -0.10836623E-37
  0.27200000E+02 -0.26257308E-21 -0.10756959E-37
  0.27300000E+02 -0.26066035E-21 -0.10678170E-37
  0.27400000E+02 -0.25876843E-21 -0.10600243E-37
  0.27500000E+02 -0.25689702E-21 -0.10523166E-37
  0.27600000E+02 -0.25504581E-21 -0.10446927E-37
  0.27700000E+02 -0.25321452E-21 -0.10371514E-37
  0.27800000E+02 -0.25140287E-21 -0.10296914E-37
  0.27900000E+02 -0.24961058E-21 -0.10223116E-37
  0.28000000E+02 -0.24783737E-21 -0.10150109E-37
  0.28100000E+02 -0.24608296E-21 -0.10077881E-37
  0.28200000E+02 -0.24434711E-21 -0.10006421E-37
  0.28300000E+02 -0.24262954E-21 -0.99357190E-38
  0.28400000E+02 -0.24093001E-21 -0.98657635E-38
  0.28500000E+02 -0.23924825E-21 -0.97965443E-38
  0.28600000E+02 -0.23758402E-21 -0.97280510E-38
  0.28700000E+02 -0.23593709E-21 -0.96602736E-38
  0.28800000E+02 -0.23430720E-21 -0.95932021E-38
  0.28900000E+02 -0.23269414E-21 -0.95268268E-38
  0.29000000E+02 -0.23109765E-21 -0.94611380E-38
  0.29100000E+02 -0.22951753E-21 -0.93961264E-38
  0.29200000E+02 -0.22795355E-21 -0.93317826E-38
  0.29300000E+02 -0.22640549E-21 -0.92680975E-38
  0.29400000E+02 -0.22487312E-21 -0.92050622E-38
  0.29500000E+02 -0.22335625E-21 -0.91426678E-38
  0.29600000E+02 -0.22185467E-21 -0.90809057E-38
  0.29700000E+02 -0.22036816E-21 -0.90197675E-38
  0.29800000E+02 -0.21889653E-21 -0.89592446E-38
  0.29900000E+02 -0.21743958E-21 -0.88993289E-38
  0.30000000E+02 -0.21599712E-21 -0.88400123E-38
  0.30100000E+02 -0.21456896E-21 -0.87812869E-38
  0.30200000E+02 -0.21315490E-21 -0.87231447E-38
  0.30300000E+02 -0.21175476E-21 -0.86655782E-38
  0.30400000E+02 -0.21036836E-21 -0.86085797E-38
  0.30500000E+02 -0.20899552E-21 -0.85521417E-38
  0.30600000E+02 -0.20763606E-21 -0.84962571E-38
  0.30700000E+02 -0.20628982E-21 -0.84409184E-38
  0.30800000E+02 -0.20495662E-21 -0.83861188E-38
  0.30900000E+02 -0.20363628E-21 -0.83318511E-38
  0.31000000E+02 -0.20232866E-21 -0.82781085E-38
  0.31100000E+02 -0.20103358E-21 -0.82248843E-38
  0.31200000E+02 -0.19975089E-21 -0.81721718E-38
  0.31300000E+02 -0.19848043E-21 -0.81199646E-38
  0.31400000E+02 -0.19722204E-21 -0.80682560E-38
  0.31500000E+02 -0.19597556E-21 -0.80170399E-38
  0.31600000E+02 -0.19474086E-21 -0.79663099E-38
  0.31700000E+02 -0.19351779E-21 -0.79160600E-38
  0.31800000E+02 -0.19230619E-21 -0.78662842E-38
  0.31900000E+02 -0.19110592E-21 -0.78169764E-38
  0.32000000E+02 -0.18991685E-21 -0.77681308E-38
  0.32100000E+02 -0.18873884E-21 -0.77197416E-38
  0.32200000E+02 -0.18757174E-21 -0.76718033E-38
  0.32300000E+02 -0.18641543E-21 -0.76243102E-38
  0.32400000E+02 -0.18526977E-21 -0.75772568E-38
  0.32500000E+02 -0.18413463E-21 -0.75306377E-38
  0.32600000E+02 -0.18300988E-21 -0.74844475E-38
  0.32700000E+02 -0.18189540E-21 -0.74386811E-38
  0.32800000E+02 -0.18079107E-21 -0.73933333E-38
  0.32900000E+02 -0.17969675E-21 -0.73483989E-38
  0.33000000E+02 -0.17861233E-21 -0.73038730E-38
  0.33100000E+02 -0.17753769E-21 -0.72597506E-38
  0.33200000E+02 -0.17647271E-21 -0.72160268E-38
  0.33300000E+02 -0.17541728E-21 -0.71726970E-38
  0.33400000E+02 -0.17437129E-21 -0.71297563E-38
  0.33500000E+02 -0.17333461E-21 -0.70872001E-38
  0.33600000E+02 -0.17230715E-21 -0.70450239E-38
  0.33700000E+02 -0.17128879E-21 -0.70032231E-38
  0.33800000E+02 -0.17027942E-21 -0.69617932E-38
  0.33900000E+02 -0.16927895E-21 -0.69207300E-38
  0.34000000E+02 -0.16828726E-21 -0.68800291E-38
  0.34100000E+02 -0.16730425E-21 -0.68396862E-38
  0.34200000E+02 -0.16632983E-21 -0.67996971E-38
  0.34300000E+02 -0.16536388E-21 -0.67600578E-38
  0.34400000E+02 -0.16440633E-21 -0.67207642E-38
  0.34500000E+02 -0.16345706E-21 -0.66818122E-38
  0.34600000E+02 -0.16251598E-21 -0.66431979E-38
  0.34700000E+02 -0.16158300E-21 -0.66049175E-38
  0.34800000E+02 -0.16065803E-21 -0.65669670E-38
  0.34900000E+02 -0.15974097E-21 -0.65293427E-38
  0.35000000E+02 -0.15883173E-21 -0.64920409E-38
  0.35100000E+02 -0.15793023E-21 -0.64550579E-38
  0.35200000E+02 -0.15703638E-21 -0.64183900E-38
  0.35300000E+02 -0.15615010E-21 -0.63820338E-38
  0.35400000E+02 -0.15527129E-21 -0.63459856E-38
  0.35500000E+02 -0.15439987E-21 -0.63102420E-38
  0.35600000E+02 -0.15353576E-21 -0.62747997E-38
  0.35700000E+02 -0.15267889E-21 -0.62396551E-38
  0.35800000E+02 -0.15182916E-21 -0.62048050E-38
  0.35900000E+02 -0.15098650E-21 -0.61702461E-38
  0.36000000E+02 -0.15015083E-21 -0.61359752E-38
  0.36100000E+02 -0.14932208E-21 -0.61019891E-38
  0.36200000E+02 -0.14850016E-21 -0.60682846E-38
  0.36300000E+02 -0.14768501E-21 -0.60348586E-38
  0.36400000E+02 -0.14687655E-21 -0.60017081E-38
  0.36500000E+02 -0.14607470E-21 -0.59688300E-38
  0.36600000E+02 -0.14527940E-21 -0.59362215E-38
  0.36700000E+02 -0.14449058E-21 -0.59038794E-38
  0.36800000E+02 -0.14370815E-21 -0.58718010E-38
  0.36900000E+02 -0.14293206E-21 -0.58399833E-38
  0.37000000E+02 -0.14216224E-21 -0.58084237E-38
  0.37100000E+02 -0.14139861E-21 -0.57771192E-38
  0.37200000E+02 -0.14064112E-21 -0.57460671E-38
  0.37300000E+02 -0.13988969E-21 -0.57152647E-38
  0.37400000E+02 -0.13914427E-21 -0.56847095E-38
  0.37500000E+02 -0.13840479E-21 -0.56543986E-38
  0.37600000E+02 -0.13767118E-21 -0.56243296E-38
  0.37700000E+02 -0.13694339E-21 -0.55944998E-38
  0.37800000E+02 -0.13622134E-21 -0.55649067E-38
  0.37900000E+02 -0.13550499E-21 -0.55355479E-38
  0.38000000E+02 -0.13479428E-21 -0.55064208E-38
  0.38100000E+02 -0.13408913E-21 -0.54775231E-38
  0.38200000E+02 -0.13338951E-21 -0.54488522E-38
  0.38300000E+02 -0.13269534E-21 -0.54204060E-38
  0.38400000E+02 -0.13200657E-21 -0.53921819E-38
  0.38500000E+02 -0.13132315E-21 -0.53641778E-38
  0.38600000E+02 -0.13064502E-21 -0.53363913E-38
  0.38700000E+02 -0.12997212E-21 -0.53088202E-38
  0.38800000E+02 -0.12930441E-21 -0.52814622E-38
  0.38900000E+02 -0.12864183E-21 -0.52543152E-38
  0.39000000E+02 -0.12798432E-21 -0.52273770E-38
  0.39100000E+02 -0.12733184E-21 -0.52006455E-38
  0.39200000E+02 -0.12668433E-21 -0.51741185E-38
  0.39300000E+02 -0.12604175E-21 -0.51477940E-38
  0.39400000E+02 -0.12540404E-21 -0.51216699E-38
  0.39500000E+02 -0.12477115E-21 -0.50957442E-38
  0.39600000E+02 -0.12414305E-21 -0.50700150E-38
  0.39700000E+02 -0.12351967E-21 -0.50444801E-38
  0.39800000E+02 -0.12290097E-21 -0.50191377E-38
  0.39900000E+02 -0.12228691E-21 -0.49939858E-38
  0.40000000E+02 -0.12167743E-21 -0.49690225E-38
