  0.00000000E+00  0.81582807E-21 -0.10396767E-34
  0.10000000E+00  0.57425385E-21 -0.60038846E-35
  0.20000000E+00  0.32958558E-21 -0.45342504E-35
  0.30000000E+00  0.19564753E-21 -0.36356499E-35
  0.40000000E+00  0.12146132E-21 -0.28993798E-35
  0.50000000E+00  0.78158875E-22 -0.23355355E-35
  0.60000000E+00  0.51684444E-22 -0.18902415E-35
  0.70000000E+00  0.34898555E-22 -0.15420041E-35
  0.80000000E+00  0.23960182E-22 -0.12776048E-35
  0.90000000E+00  0.16689793E-22 -0.10676587E-35
  0.10000000E+01  0.11792509E-22 -0.90867094E-36
  0.11000000E+01  0.84686684E-23 -0.78227784E-36
  0.12000000E+01  0.62082085E-23 -0.67788182E-36
  0.13000000E+01  0.46769138E-23 -0.59460637E-36
  0.14000000E+01  0.36508547E-23 -0.52771281E-36
  0.15000000E+01  0.29772108E-23 -0.47058124E-36
  0.16000000E+01  0.25501131E-23 -0.42276469E-36
  0.17000000E+01  0.22953303E-23 -0.38355526E-36
  0.18000000E+01  0.21603242E-23 -0.34881682E-36
  0.19000000E+01  0.21076531E-23 -0.31942794E-36
  0.20000000E+01  0.21105135E-23 -0.29384531E-36
  0.21000000E+01  0.21496786E-23 -0.27208285E-36
  0.22000000E+01  0.22113635E-23 -0.25194419E-36
  0.23000000E+01  0.22857203E-23 -0.23487671E-36
  0.24000000E+01  0.23657638E-23 -0.21934954E-36
  0.25000000E+01  0.24465979E-23 -0.20562680E-36
  0.26000000E+01  0.25248545E-23 -0.19286942E-36
  0.27000000E+01  0.25982831E-23 -0.18184345E-36
  0.28000000E+01  0.26654493E-23 -0.17145891E-36
  0.29000000E+01  0.27255120E-23 -0.16249952E-36
  0.30000000E+01  0.27780589E-23 -0.15384342E-36
  0.31000000E+01  0.28229839E-23 -0.14566743E-36
  0.32000000E+01  0.28603964E-23 -0.13895137E-36
  0.33000000E+01  0.28905537E-23 -0.13183773E-36
  0.34000000E+01  0.29138111E-23 -0.12580514E-36
  0.35000000E+01  0.29305849E-23 -0.12016006E-36
  0.36000000E+01  0.29413257E-23 -0.11469003E-36
  0.37000000E+01  0.29464983E-23 -0.10981175E-36
  0.38000000E+01  0.29465676E-23 -0.10520958E-36
  0.39000000E+01  0.29419892E-23 -0.10083203E-36
  0.40000000E+01  0.29332018E-23 -0.96996076E-37
  0.41000000E+01  0.29206234E-23 -0.92957428E-37
  0.42000000E+01  0.29046480E-23 -0.89297996E-37
  0.43000000E+01  0.28856447E-23 -0.85983681E-37
  0.44000000E+01  0.28639565E-23 -0.82674211E-37
  0.45000000E+01  0.28399011E-23 -0.79789477E-37
  0.46000000E+01  0.28137711E-23 -0.76864061E-37
  0.47000000E+01  0.27858349E-23 -0.74116834E-37
  0.48000000E+01  0.27563384E-23 -0.71560453E-37
  0.49000000E+01  0.27255055E-23 -0.69146678E-37
  0.50000000E+01  0.26935402E-23 -0.66902303E-37
  0.51000000E+01  0.26606273E-23 -0.64739473E-37
  0.52000000E+01  0.26269344E-23 -0.62653808E-37
  0.53000000E+01  0.25926125E-23 -0.60567892E-37
  0.54000000E+01  0.25577982E-23 -0.58766069E-37
  0.55000000E+01  0.25226139E-23 -0.56896221E-37
  0.56000000E+01  0.24871697E-23 -0.55209048E-37
  0.57000000E+01  0.24515642E-23 -0.53589771E-37
  0.58000000E+01  0.24158855E-23 -0.51977839E-37
  0.59000000E+01  0.23802119E-23 -0.50500008E-37
  0.60000000E+01  0.23446132E-23 -0.48967176E-37
  0.61000000E+01  0.23091514E-23 -0.47640284E-37
  0.62000000E+01  0.22738810E-23 -0.46343061E-37
  0.63000000E+01  0.22388502E-23 -0.44938179E-37
  0.64000000E+01  0.22041012E-23 -0.43850186E-37
  0.65000000E+01  0.21696709E-23 -0.42574631E-37
  0.66000000E+01  0.21355914E-23 -0.41567126E-37
  0.67000000E+01  0.21018904E-23 -0.40403227E-37
  0.68000000E+01  0.20685916E-23 -0.39499208E-37
  0.69000000E+01  0.20357153E-23 -0.38453453E-37
  0.70000000E+01  0.20032784E-23 -0.37455192E-37
  0.71000000E+01  0.19712952E-23 -0.36542738E-37
  0.72000000E+01  0.19397772E-23 -0.35660268E-37
  0.73000000E+01  0.19087336E-23 -0.34787547E-37
  0.74000000E+01  0.18781716E-23 -0.33904220E-37
  0.75000000E+01  0.18480966E-23 -0.33148250E-37
  0.76000000E+01  0.18185122E-23 -0.32357191E-37
  0.77000000E+01  0.17894207E-23 -0.31584384E-37
  0.78000000E+01  0.17608229E-23 -0.30872442E-37
  0.79000000E+01  0.17327186E-23 -0.30192704E-37
  0.80000000E+01  0.17051064E-23 -0.29553750E-37
  0.81000000E+01  0.16779840E-23 -0.28877171E-37
  0.82000000E+01  0.16513485E-23 -0.28242703E-37
  0.83000000E+01  0.16251961E-23 -0.27690501E-37
  0.84000000E+01  0.15995225E-23 -0.27098647E-37
  0.85000000E+01  0.15743227E-23 -0.26485887E-37
  0.86000000E+01  0.15495914E-23 -0.25972158E-37
  0.87000000E+01  0.15253229E-23 -0.25379391E-37
  0.88000000E+01  0.15015109E-23 -0.24866216E-37
  0.89000000E+01  0.14781491E-23 -0.24306934E-37
  0.90000000E+01  0.14552309E-23 -0.23870943E-37
  0.91000000E+01  0.14327495E-23 -0.23372499E-37
  0.92000000E+01  0.14106977E-23 -0.22987050E-37
  0.93000000E+01  0.13890686E-23 -0.22507371E-37
  0.94000000E+01  0.13678548E-23 -0.22072645E-37
  0.95000000E+01  0.13470492E-23 -0.21639285E-37
  0.96000000E+01  0.13266443E-23 -0.21212856E-37
  0.97000000E+01  0.13066327E-23 -0.20810774E-37
  0.98000000E+01  0.12870072E-23 -0.20416072E-37
  0.99000000E+01  0.12677604E-23 -0.20070824E-37
  0.10000000E+02  0.12488849E-23 -0.19675961E-37
  0.10100000E+02  0.12303734E-23 -0.19318735E-37
  0.10200000E+02  0.12122189E-23 -0.18990989E-37
  0.10300000E+02  0.11944140E-23 -0.18612241E-37
  0.10400000E+02  0.11769517E-23 -0.18319201E-37
  0.10500000E+02  0.11598250E-23 -0.18025385E-37
  0.10600000E+02  0.11430269E-23 -0.17693475E-37
  0.10700000E+02  0.11265507E-23 -0.17364571E-37
  0.10800000E+02  0.11103897E-23 -0.17085199E-37
  0.10900000E+02  0.10945371E-23 -0.16775854E-37
  0.11000000E+02  0.10789865E-23 -0.16514557E-37
  0.11100000E+02  0.10637314E-23 -0.16236439E-37
  0.11200000E+02  0.10487657E-23 -0.15958578E-37
  0.11300000E+02  0.10340830E-23 -0.15702218E-37
  0.11400000E+02  0.10196773E-23 -0.15479939E-37
  0.11500000E+02  0.10055427E-23 -0.15187105E-37
  0.11600000E+02  0.99167326E-24 -0.14951953E-37
  0.11700000E+02  0.97806333E-24 -0.14717988E-37
  0.11800000E+02  0.96470728E-24 -0.14475084E-37
  0.11900000E+02  0.95159960E-24 -0.14250575E-37
  0.12000000E+02  0.93873492E-24 -0.14050578E-37
  0.12100000E+02  0.92610797E-24 -0.13822910E-37
  0.12200000E+02  0.91371359E-24 -0.13621055E-37
  0.12300000E+02  0.90154673E-24 -0.13411627E-37
  0.12400000E+02  0.88960246E-24 -0.13216815E-37
  0.12500000E+02  0.87787596E-24 -0.13002722E-37
  0.12600000E+02  0.86636249E-24 -0.12816406E-37
  0.12700000E+02  0.85505746E-24 -0.12628836E-37
  0.12800000E+02  0.84395634E-24 -0.12435085E-37
  0.12900000E+02  0.83305473E-24 -0.12246267E-37
  0.13000000E+02  0.82234832E-24 -0.12092175E-37
  0.13100000E+02  0.81183289E-24 -0.11931680E-37
  0.13200000E+02  0.80150435E-24 -0.11756277E-37
  0.13300000E+02  0.79135867E-24 -0.11569872E-37
  0.13400000E+02  0.78139192E-24 -0.11424755E-37
  0.13500000E+02  0.77160027E-24 -0.11264557E-37
  0.13600000E+02  0.76197997E-24 -0.11117052E-37
  0.13700000E+02  0.75252738E-24 -0.10949191E-37
  0.13800000E+02  0.74323891E-24 -0.10813176E-37
  0.13900000E+02  0.73411108E-24 -0.10667475E-37
  0.14000000E+02  0.72514048E-24 -0.10504749E-37
  0.14100000E+02  0.71632379E-24 -0.10362714E-37
  0.14200000E+02  0.70765776E-24 -0.10231516E-37
  0.14300000E+02  0.69913922E-24 -0.10090157E-37
  0.14400000E+02  0.69076506E-24 -0.99772514E-38
  0.14500000E+02  0.68253228E-24 -0.98402960E-38
  0.14600000E+02  0.67443791E-24 -0.97146547E-38
  0.14700000E+02  0.66647907E-24 -0.95886307E-38
  0.14800000E+02  0.65865295E-24 -0.94710666E-38
  0.14900000E+02  0.65095680E-24 -0.93347550E-38
  0.15000000E+02  0.64338793E-24 -0.92283047E-38
  0.15100000E+02  0.63594373E-24 -0.91063250E-38
  0.15200000E+02  0.62862164E-24 -0.89942663E-38
  0.15300000E+02  0.62141914E-24 -0.88874456E-38
  0.15400000E+02  0.61433382E-24 -0.87867808E-38
  0.15500000E+02  0.60736328E-24 -0.86642850E-38
  0.15600000E+02  0.60050519E-24 -0.85667166E-38
  0.15700000E+02  0.59375728E-24 -0.84633185E-38
  0.15800000E+02  0.58711733E-24 -0.83609475E-38
  0.15900000E+02  0.58058318E-24 -0.82605861E-38
  0.16000000E+02  0.57415271E-24 -0.81652978E-38
  0.16100000E+02  0.56782384E-24 -0.80747964E-38
  0.16200000E+02  0.56159455E-24 -0.79754548E-38
  0.16300000E+02  0.55546288E-24 -0.78767988E-38
  0.16400000E+02  0.54942689E-24 -0.77880168E-38
  0.16500000E+02  0.54348470E-24 -0.76994333E-38
  0.16600000E+02  0.53763447E-24 -0.76094259E-38
  0.16700000E+02  0.53187439E-24 -0.75214478E-38
  0.16800000E+02  0.52620272E-24 -0.74444596E-38
  0.16900000E+02  0.52061774E-24 -0.73509088E-38
  0.17000000E+02  0.51511776E-24 -0.72801472E-38
  0.17100000E+02  0.50970115E-24 -0.71942574E-38
  0.17200000E+02  0.50436631E-24 -0.71262268E-38
  0.17300000E+02  0.49911166E-24 -0.70391814E-38
  0.17400000E+02  0.49393568E-24 -0.69661200E-38
  0.17500000E+02  0.48883687E-24 -0.68825063E-38
  0.17600000E+02  0.48381377E-24 -0.68159295E-38
  0.17700000E+02  0.47886494E-24 -0.67354005E-38
  0.17800000E+02  0.47398900E-24 -0.66580647E-38
  0.17900000E+02  0.46918456E-24 -0.65900565E-38
  0.18000000E+02  0.46445030E-24 -0.65201689E-38
  0.18100000E+02  0.45978491E-24 -0.64580534E-38
  0.18200000E+02  0.45518711E-24 -0.63862152E-38
  0.18300000E+02  0.45065564E-24 -0.63124829E-38
  0.18400000E+02  0.44618930E-24 -0.62443045E-38
  0.18500000E+02  0.44178687E-24 -0.61849264E-38
  0.18600000E+02  0.43744720E-24 -0.61281867E-38
  0.18700000E+02  0.43316913E-24 -0.60695817E-38
  0.18800000E+02  0.42895155E-24 -0.59980625E-38
  0.18900000E+02  0.42479336E-24 -0.59441249E-38
  0.19000000E+02  0.42069350E-24 -0.58763846E-38
  0.19100000E+02  0.41665090E-24 -0.58212349E-38
  0.19200000E+02  0.41266455E-24 -0.57626514E-38
  0.19300000E+02  0.40873345E-24 -0.57058955E-38
  0.19400000E+02  0.40485661E-24 -0.56414599E-38
  0.19500000E+02  0.40103306E-24 -0.55951782E-38
  0.19600000E+02  0.39726187E-24 -0.55401116E-38
  0.19700000E+02  0.39354212E-24 -0.54831802E-38
  0.19800000E+02  0.38987290E-24 -0.54350673E-38
  0.19900000E+02  0.38625334E-24 -0.53780818E-38
  0.20000000E+02  0.38268256E-24 -0.53217297E-38
  0.20100000E+02  0.37915972E-24 -0.52807422E-38
  0.20200000E+02  0.37568399E-24 -0.52226212E-38
  0.20300000E+02  0.37225457E-24 -0.51832299E-38
  0.20400000E+02  0.36887065E-24 -0.51226754E-38
  0.20500000E+02  0.36553146E-24 -0.50775133E-38
  0.20600000E+02  0.36223623E-24 -0.50335079E-38
  0.20700000E+02  0.35898423E-24 -0.49909104E-38
  0.20800000E+02  0.35577471E-24 -0.49399089E-38
  0.20900000E+02  0.35260696E-24 -0.48972983E-38
  0.21000000E+02  0.34948028E-24 -0.48509941E-38
  0.21100000E+02  0.34639398E-24 -0.48083332E-38
  0.21200000E+02  0.34334740E-24 -0.47579821E-38
  0.21300000E+02  0.34033986E-24 -0.47115773E-38
  0.21400000E+02  0.33737072E-24 -0.46824520E-38
  0.21500000E+02  0.33443934E-24 -0.46289727E-38
  0.21600000E+02  0.33154512E-24 -0.45949454E-38
  0.21700000E+02  0.32868743E-24 -0.45502635E-38
  0.21800000E+02  0.32586568E-24 -0.45119090E-38
  0.21900000E+02  0.32307928E-24 -0.44724926E-38
  0.22000000E+02  0.32032767E-24 -0.44269975E-38
  0.22100000E+02  0.31761027E-24 -0.43906694E-38
  0.22200000E+02  0.31492654E-24 -0.43497613E-38
  0.22300000E+02  0.31227594E-24 -0.43190119E-38
  0.22400000E+02  0.30965794E-24 -0.42851580E-38
  0.22500000E+02  0.30707201E-24 -0.42363232E-38
  0.22600000E+02  0.30451765E-24 -0.42021608E-38
  0.22700000E+02  0.30199436E-24 -0.41701729E-38
  0.22800000E+02  0.29950164E-24 -0.41387991E-38
  0.22900000E+02  0.29703902E-24 -0.40978897E-38
  0.23000000E+02  0.29460602E-24 -0.40621013E-38
  0.23100000E+02  0.29220219E-24 -0.40242182E-38
  0.23200000E+02  0.28982707E-24 -0.40026629E-38
  0.23300000E+02  0.28748020E-24 -0.39663504E-38
  0.23400000E+02  0.28516117E-24 -0.39313319E-38
  0.23500000E+02  0.28286952E-24 -0.38987283E-38
  0.23600000E+02  0.28060486E-24 -0.38675406E-38
  0.23700000E+02  0.27836676E-24 -0.38360076E-38
  0.23800000E+02  0.27615481E-24 -0.38111423E-38
  0.23900000E+02  0.27396863E-24 -0.37794087E-38
  0.24000000E+02  0.27180782E-24 -0.37423412E-38
  0.24100000E+02  0.26967199E-24 -0.37093538E-38
  0.24200000E+02  0.26756077E-24 -0.36887241E-38
  0.24300000E+02  0.26547380E-24 -0.36562863E-38
  0.24400000E+02  0.26341070E-24 -0.36205264E-38
  0.24500000E+02  0.26137113E-24 -0.35973031E-38
  0.24600000E+02  0.25935473E-24 -0.35692704E-38
  0.24700000E+02  0.25736116E-24 -0.35383141E-38
  0.24800000E+02  0.25539009E-24 -0.35153003E-38
  0.24900000E+02  0.25344118E-24 -0.34897336E-38
  0.25000000E+02  0.25151410E-24 -0.34577410E-38
  0.25100000E+02  0.24960855E-24 -0.34331424E-38
  0.25200000E+02  0.24772420E-24 -0.34041684E-38
  0.25300000E+02  0.24586075E-24 -0.33779318E-38
  0.25400000E+02  0.24401790E-24 -0.33512085E-38
  0.25500000E+02  0.24219534E-24 -0.33259470E-38
  0.25600000E+02  0.24039280E-24 -0.33019082E-38
  0.25700000E+02  0.23860997E-24 -0.32775987E-38
  0.25800000E+02  0.23684658E-24 -0.32507124E-38
  0.25900000E+02  0.23510235E-24 -0.32254230E-38
  0.26000000E+02  0.23337702E-24 -0.32044203E-38
  0.26100000E+02  0.23167030E-24 -0.31810270E-38
  0.26200000E+02  0.22998195E-24 -0.31540233E-38
  0.26300000E+02  0.22831170E-24 -0.31336742E-38
  0.26400000E+02  0.22665930E-24 -0.31075723E-38
  0.26500000E+02  0.22502450E-24 -0.30904646E-38
  0.26600000E+02  0.22340705E-24 -0.30646773E-38
  0.26700000E+02  0.22180671E-24 -0.30437044E-38
  0.26800000E+02  0.22022326E-24 -0.30207012E-38
  0.26900000E+02  0.21865644E-24 -0.29976023E-38
  0.27000000E+02  0.21710605E-24 -0.29741618E-38
  0.27100000E+02  0.21557184E-24 -0.29564489E-38
  0.27200000E+02  0.21405360E-24 -0.29306150E-38
  0.27300000E+02  0.21255112E-24 -0.29112750E-38
  0.27400000E+02  0.21106417E-24 -0.28924484E-38
  0.27500000E+02  0.20959255E-24 -0.28697805E-38
  0.27600000E+02  0.20813605E-24 -0.28525318E-38
  0.27700000E+02  0.20669447E-24 -0.28310537E-38
  0.27800000E+02  0.20526761E-24 -0.28097299E-38
  0.27900000E+02  0.20385527E-24 -0.27911777E-38
  0.28000000E+02  0.20245725E-24 -0.27743622E-38
  0.28100000E+02  0.20107337E-24 -0.27533135E-38
  0.28200000E+02  0.19970344E-24 -0.27376118E-38
  0.28300000E+02  0.19834728E-24 -0.27148940E-38
  0.28400000E+02  0.19700470E-24 -0.26962366E-38
  0.28500000E+02  0.19567553E-24 -0.26793167E-38
  0.28600000E+02  0.19435959E-24 -0.26611130E-38
  0.28700000E+02  0.19305671E-24 -0.26429393E-38
  0.28800000E+02  0.19176671E-24 -0.26248836E-38
  0.28900000E+02  0.19048944E-24 -0.26065309E-38
  0.29000000E+02  0.18922472E-24 -0.25917335E-38
  0.29100000E+02  0.18797240E-24 -0.25694951E-38
  0.29200000E+02  0.18673231E-24 -0.25534936E-38
  0.29300000E+02  0.18550430E-24 -0.25367034E-38
  0.29400000E+02  0.18428822E-24 -0.25225376E-38
  0.29500000E+02  0.18308391E-24 -0.25008918E-38
  0.29600000E+02  0.18189122E-24 -0.24853510E-38
  0.29700000E+02  0.18071000E-24 -0.24696507E-38
  0.29800000E+02  0.17954012E-24 -0.24534204E-38
  0.29900000E+02  0.17838143E-24 -0.24391585E-38
  0.30000000E+02  0.17723378E-24 -0.24232191E-38
  0.30100000E+02  0.17609705E-24 -0.24046738E-38
  0.30200000E+02  0.17497108E-24 -0.23905605E-38
  0.30300000E+02  0.17385576E-24 -0.23735267E-38
  0.30400000E+02  0.17275095E-24 -0.23618460E-38
  0.30500000E+02  0.17165651E-24 -0.23435147E-38
  0.30600000E+02  0.17057232E-24 -0.23315632E-38
  0.30700000E+02  0.16949825E-24 -0.23174013E-38
  0.30800000E+02  0.16843419E-24 -0.22972482E-38
  0.30900000E+02  0.16738000E-24 -0.22882808E-38
  0.31000000E+02  0.16633557E-24 -0.22700031E-38
  0.31100000E+02  0.16530077E-24 -0.22553093E-38
  0.31200000E+02  0.16427550E-24 -0.22429338E-38
  0.31300000E+02  0.16325963E-24 -0.22315262E-38
  0.31400000E+02  0.16225306E-24 -0.22152679E-38
  0.31500000E+02  0.16125566E-24 -0.22001657E-38
  0.31600000E+02  0.16026734E-24 -0.21870222E-38
  0.31700000E+02  0.15928798E-24 -0.21754688E-38
  0.31800000E+02  0.15831747E-24 -0.21591969E-38
  0.31900000E+02  0.15735571E-24 -0.21471011E-38
  0.32000000E+02  0.15640261E-24 -0.21339042E-38
  0.32100000E+02  0.15545804E-24 -0.21233251E-38
  0.32200000E+02  0.15452192E-24 -0.21080536E-38
  0.32300000E+02  0.15359414E-24 -0.20960774E-38
  0.32400000E+02  0.15267461E-24 -0.20804953E-38
  0.32500000E+02  0.15176323E-24 -0.20710725E-38
  0.32600000E+02  0.15085991E-24 -0.20578039E-38
  0.32700000E+02  0.14996454E-24 -0.20466520E-38
  0.32800000E+02  0.14907705E-24 -0.20291070E-38
  0.32900000E+02  0.14819733E-24 -0.20217841E-38
  0.33000000E+02  0.14732530E-24 -0.20083322E-38
  0.33100000E+02  0.14646087E-24 -0.19983766E-38
  0.33200000E+02  0.14560396E-24 -0.19843755E-38
  0.33300000E+02  0.14475447E-24 -0.19753562E-38
  0.33400000E+02  0.14391232E-24 -0.19633125E-38
  0.33500000E+02  0.14307743E-24 -0.19524178E-38
  0.33600000E+02  0.14224972E-24 -0.19402306E-38
  0.33700000E+02  0.14142910E-24 -0.19301941E-38
  0.33800000E+02  0.14061550E-24 -0.19157654E-38
  0.33900000E+02  0.13980883E-24 -0.19038850E-38
  0.34000000E+02  0.13900902E-24 -0.18930311E-38
  0.34100000E+02  0.13821599E-24 -0.18844182E-38
  0.34200000E+02  0.13742967E-24 -0.18748622E-38
  0.34300000E+02  0.13664998E-24 -0.18597758E-38
  0.34400000E+02  0.13587685E-24 -0.18504708E-38
  0.34500000E+02  0.13511020E-24 -0.18404052E-38
  0.34600000E+02  0.13434996E-24 -0.18289220E-38
  0.34700000E+02  0.13359607E-24 -0.18200161E-38
  0.34800000E+02  0.13284845E-24 -0.18097945E-38
  0.34900000E+02  0.13210703E-24 -0.17981739E-38
  0.35000000E+02  0.13137175E-24 -0.17889693E-38
  0.35100000E+02  0.13064254E-24 -0.17763496E-38
  0.35200000E+02  0.12991933E-24 -0.17671126E-38
  0.35300000E+02  0.12920206E-24 -0.17581396E-38
  0.35400000E+02  0.12849066E-24 -0.17482376E-38
  0.35500000E+02  0.12778508E-24 -0.17406081E-38
  0.35600000E+02  0.12708524E-24 -0.17284583E-38
  0.35700000E+02  0.12639108E-24 -0.17197354E-38
  0.35800000E+02  0.12570255E-24 -0.17109027E-38
  0.35900000E+02  0.12501959E-24 -0.17007003E-38
  0.36000000E+02  0.12434213E-24 -0.16937515E-38
  0.36100000E+02  0.12367012E-24 -0.16850875E-38
  0.36200000E+02  0.12300350E-24 -0.16744211E-38
  0.36300000E+02  0.12234221E-24 -0.16646863E-38
  0.36400000E+02  0.12168620E-24 -0.16564796E-38
  0.36500000E+02  0.12103541E-24 -0.16460581E-38
  0.36600000E+02  0.12038978E-24 -0.16406643E-38
  0.36700000E+02  0.11974927E-24 -0.16312653E-38
  0.36800000E+02  0.11911381E-24 -0.16217961E-38
  0.36900000E+02  0.11848336E-24 -0.16119901E-38
  0.37000000E+02  0.11785787E-24 -0.16030614E-38
  0.37100000E+02  0.11723727E-24 -0.15922865E-38
  0.37200000E+02  0.11662153E-24 -0.15871301E-38
  0.37300000E+02  0.11601059E-24 -0.15784468E-38
  0.37400000E+02  0.11540440E-24 -0.15703820E-38
  0.37500000E+02  0.11480291E-24 -0.15618622E-38
  0.37600000E+02  0.11420608E-24 -0.15522165E-38
  0.37700000E+02  0.11361386E-24 -0.15454422E-38
  0.37800000E+02  0.11302620E-24 -0.15350876E-38
  0.37900000E+02  0.11244305E-24 -0.15311903E-38
  0.38000000E+02  0.11186438E-24 -0.15213148E-38
  0.38100000E+02  0.11129012E-24 -0.15145788E-38
  0.38200000E+02  0.11072024E-24 -0.15049777E-38
  0.38300000E+02  0.11015470E-24 -0.14993632E-38
  0.38400000E+02  0.10959345E-24 -0.14902897E-38
  0.38500000E+02  0.10903645E-24 -0.14819410E-38
  0.38600000E+02  0.10848365E-24 -0.14749040E-38
  0.38700000E+02  0.10793502E-24 -0.14674512E-38
  0.38800000E+02  0.10739051E-24 -0.14620209E-38
  0.38900000E+02  0.10685008E-24 -0.14517500E-38
  0.39000000E+02  0.10631369E-24 -0.14472840E-38
  0.39100000E+02  0.10578131E-24 -0.14405713E-38
  0.39200000E+02  0.10525288E-24 -0.14329325E-38
  0.39300000E+02  0.10472838E-24 -0.14236993E-38
  0.39400000E+02  0.10420776E-24 -0.14151490E-38
  0.39500000E+02  0.10369099E-24 -0.14108437E-38
  0.39600000E+02  0.10317803E-24 -0.14018113E-38
  0.39700000E+02  0.10266884E-24 -0.13950957E-38
  0.39800000E+02  0.10216339E-24 -0.13880719E-38
  0.39900000E+02  0.10166163E-24 -0.13815370E-38
  0.40000000E+02  0.10116354E-24 -0.13767236E-38
