  0.00000000E+00 -0.10202882E-22  0.96279288E-36
  0.10000000E+00 -0.73722583E-23  0.55940384E-36
  0.20000000E+00 -0.57510981E-23  0.28124878E-36
  0.30000000E+00 -0.46271268E-23  0.15922189E-36
  0.40000000E+00 -0.38565617E-23  0.97528206E-37
  0.50000000E+00 -0.33349882E-23  0.64445077E-37
  0.60000000E+00 -0.29711398E-23  0.44317802E-37
  0.70000000E+00 -0.27068088E-23  0.31495960E-37
  0.80000000E+00 -0.25067870E-23  0.23235577E-37
  0.90000000E+00 -0.23495641E-23  0.17906598E-37
  0.10000000E+01 -0.22216692E-23  0.14036569E-37
  0.11000000E+01 -0.21144381E-23  0.11115867E-37
  0.12000000E+01 -0.20221544E-23  0.91751507E-38
  0.13000000E+01 -0.19409580E-23  0.76252344E-38
  0.14000000E+01 -0.18681865E-23  0.63901750E-38
  0.15000000E+01 -0.18019677E-23  0.55686787E-38
  0.16000000E+01 -0.17409619E-23  0.48342993E-38
  0.17000000E+01 -0.16841943E-23  0.42954964E-38
  0.18000000E+01 -0.16309450E-23  0.38323979E-38
  0.19000000E+01 -0.15806744E-23  0.34368426E-38
  0.20000000E+01 -0.15329723E-23  0.32091890E-38
  0.21000000E+01 -0.14875225E-23  0.28808597E-38
  0.22000000E+01 -0.14440778E-23  0.26767078E-38
  0.23000000E+01 -0.14024426E-23  0.24139928E-38
  0.24000000E+01 -0.13624593E-23  0.23405771E-38
  0.25000000E+01 -0.13239995E-23  0.20837883E-38
  0.26000000E+01 -0.12869570E-23  0.20112004E-38
  0.27000000E+01 -0.12512423E-23  0.18781759E-38
  0.28000000E+01 -0.12167792E-23  0.17400059E-38
  0.29000000E+01 -0.11835019E-23  0.16756989E-38
  0.30000000E+01 -0.11513523E-23  0.15505533E-38
  0.31000000E+01 -0.11202789E-23  0.15124390E-38
  0.32000000E+01 -0.10902352E-23  0.14582326E-38
  0.33000000E+01 -0.10611788E-23  0.13791687E-38
  0.34000000E+01 -0.10330708E-23  0.13008080E-38
  0.35000000E+01 -0.10058748E-23  0.12688292E-38
  0.36000000E+01 -0.97955700E-24  0.11540001E-38
  0.37000000E+01 -0.95408531E-24  0.11400686E-38
  0.38000000E+01 -0.92942944E-24  0.11128496E-38
  0.39000000E+01 -0.90556056E-24  0.10614876E-38
  0.40000000E+01 -0.88245110E-24  0.10259444E-38
  0.41000000E+01 -0.86007467E-24  0.99002927E-39
  0.42000000E+01 -0.83840591E-24  0.89896919E-39
  0.43000000E+01 -0.81742043E-24  0.88020852E-39
  0.44000000E+01 -0.79709474E-24  0.83446611E-39
  0.45000000E+01 -0.77740620E-24  0.85328828E-39
  0.46000000E+01 -0.75833294E-24  0.81455322E-39
  0.47000000E+01 -0.73985386E-24  0.77990287E-39
  0.48000000E+01 -0.72194857E-24  0.75353139E-39
  0.49000000E+01 -0.70459739E-24  0.71968536E-39
  0.50000000E+01 -0.68778129E-24  0.68940449E-39
  0.51000000E+01 -0.67148190E-24  0.70034345E-39
  0.52000000E+01 -0.65568145E-24  0.65504883E-39
  0.53000000E+01 -0.64036281E-24  0.64388053E-39
  0.54000000E+01 -0.62550941E-24  0.61789267E-39
  0.55000000E+01 -0.61110525E-24  0.57738418E-39
  0.56000000E+01 -0.59713490E-24  0.57960354E-39
  0.57000000E+01 -0.58358345E-24  0.56253446E-39
  0.58000000E+01 -0.57043651E-24  0.54568144E-39
  0.59000000E+01 -0.55768021E-24  0.51464793E-39
  0.60000000E+01 -0.54530115E-24  0.48717954E-39
  0.61000000E+01 -0.53328642E-24  0.49708585E-39
  0.62000000E+01 -0.52162355E-24  0.47976203E-39
  0.63000000E+01 -0.51030055E-24  0.46258765E-39
  0.64000000E+01 -0.49930582E-24  0.44685317E-39
  0.65000000E+01 -0.48862821E-24  0.44725750E-39
  0.66000000E+01 -0.47825695E-24  0.44509966E-39
  0.67000000E+01 -0.46818166E-24  0.41962064E-39
  0.68000000E+01 -0.45839237E-24  0.40938890E-39
  0.69000000E+01 -0.44887942E-24  0.39129855E-39
  0.70000000E+01 -0.43963354E-24  0.38889096E-39
  0.71000000E+01 -0.43064580E-24  0.37049085E-39
  0.72000000E+01 -0.42190756E-24  0.38580659E-39
  0.73000000E+01 -0.41341054E-24  0.36787231E-39
  0.74000000E+01 -0.40514673E-24  0.36584815E-39
  0.75000000E+01 -0.39710843E-24  0.33942418E-39
  0.76000000E+01 -0.38928821E-24  0.34820865E-39
  0.77000000E+01 -0.38167892E-24  0.32611970E-39
  0.78000000E+01 -0.37427367E-24  0.32460773E-39
  0.79000000E+01 -0.36706582E-24  0.32666681E-39
  0.80000000E+01 -0.36004897E-24  0.31048365E-39
  0.81000000E+01 -0.35321695E-24  0.31136646E-39
  0.82000000E+01 -0.34656383E-24  0.29589573E-39
  0.83000000E+01 -0.34008387E-24  0.28773681E-39
  0.84000000E+01 -0.33377157E-24  0.29155883E-39
  0.85000000E+01 -0.32762160E-24  0.27333353E-39
  0.86000000E+01 -0.32162883E-24  0.27668724E-39
  0.87000000E+01 -0.31578832E-24  0.25636464E-39
  0.88000000E+01 -0.31009531E-24  0.25140034E-39
  0.89000000E+01 -0.30454519E-24  0.25850153E-39
  0.90000000E+01 -0.29913355E-24  0.25064709E-39
  0.91000000E+01 -0.29385611E-24  0.23872857E-39
  0.92000000E+01 -0.28870874E-24  0.23837772E-39
  0.93000000E+01 -0.28368748E-24  0.22832638E-39
  0.94000000E+01 -0.27878847E-24  0.22728186E-39
  0.95000000E+01 -0.27400804E-24  0.23018883E-39
  0.96000000E+01 -0.26934260E-24  0.21719448E-39
  0.97000000E+01 -0.26478871E-24  0.21929158E-39
  0.98000000E+01 -0.26034304E-24  0.20915182E-39
  0.99000000E+01 -0.25600238E-24  0.21397125E-39
  0.10000000E+02 -0.25176363E-24  0.20401348E-39
  0.10100000E+02 -0.24762381E-24  0.20107734E-39
  0.10200000E+02 -0.24358001E-24  0.19444632E-39
  0.10300000E+02 -0.23962944E-24  0.19164471E-39
  0.10400000E+02 -0.23576942E-24  0.18717640E-39
  0.10500000E+02 -0.23199733E-24  0.18479346E-39
  0.10600000E+02 -0.22831065E-24  0.18414273E-39
  0.10700000E+02 -0.22470696E-24  0.18143665E-39
  0.10800000E+02 -0.22118390E-24  0.18083052E-39
  0.10900000E+02 -0.21773920E-24  0.17688924E-39
  0.11000000E+02 -0.21437066E-24  0.17587571E-39
  0.11100000E+02 -0.21107616E-24  0.17273427E-39
  0.11200000E+02 -0.20785363E-24  0.17104919E-39
  0.11300000E+02 -0.20470110E-24  0.17319099E-39
  0.11400000E+02 -0.20161664E-24  0.16011785E-39
  0.11500000E+02 -0.19859840E-24  0.15494195E-39
  0.11600000E+02 -0.19564456E-24  0.15523555E-39
  0.11700000E+02 -0.19275339E-24  0.16021960E-39
  0.11800000E+02 -0.18992320E-24  0.15694310E-39
  0.11900000E+02 -0.18715236E-24  0.15405751E-39
  0.12000000E+02 -0.18443929E-24  0.15293608E-39
  0.12100000E+02 -0.18178246E-24  0.14476150E-39
  0.12200000E+02 -0.17918038E-24  0.14154075E-39
  0.12300000E+02 -0.17663163E-24  0.13427060E-39
  0.12400000E+02 -0.17413481E-24  0.13396079E-39
  0.12500000E+02 -0.17168856E-24  0.13621090E-39
  0.12600000E+02 -0.16929160E-24  0.13322396E-39
  0.12700000E+02 -0.16694264E-24  0.12932047E-39
  0.12800000E+02 -0.16464047E-24  0.13128538E-39
  0.12900000E+02 -0.16238389E-24  0.12308265E-39
  0.13000000E+02 -0.16017176E-24  0.12759562E-39
  0.13100000E+02 -0.15800294E-24  0.12728544E-39
  0.13200000E+02 -0.15587637E-24  0.12332966E-39
  0.13300000E+02 -0.15379098E-24  0.12462459E-39
  0.13400000E+02 -0.15174575E-24  0.12611940E-39
  0.13500000E+02 -0.14973970E-24  0.11559467E-39
  0.13600000E+02 -0.14777187E-24  0.12170923E-39
  0.13700000E+02 -0.14584131E-24  0.11915224E-39
  0.13800000E+02 -0.14394713E-24  0.11433302E-39
  0.13900000E+02 -0.14208844E-24  0.10837285E-39
  0.14000000E+02 -0.14026440E-24  0.11165993E-39
  0.14100000E+02 -0.13847417E-24  0.11031583E-39
  0.14200000E+02 -0.13671695E-24  0.10881541E-39
  0.14300000E+02 -0.13499196E-24  0.11102552E-39
  0.14400000E+02 -0.13329843E-24  0.11042973E-39
  0.14500000E+02 -0.13163564E-24  0.10818972E-39
  0.14600000E+02 -0.13000285E-24  0.10382406E-39
  0.14700000E+02 -0.12839938E-24  0.10264455E-39
  0.14800000E+02 -0.12682455E-24  0.98342555E-40
  0.14900000E+02 -0.12527770E-24  0.10222352E-39
  0.15000000E+02 -0.12375818E-24  0.98522044E-40
  0.15100000E+02 -0.12226538E-24  0.10235561E-39
  0.15200000E+02 -0.12079869E-24  0.93873261E-40
  0.15300000E+02 -0.11935752E-24  0.94138078E-40
  0.15400000E+02 -0.11794130E-24  0.10075337E-39
  0.15500000E+02 -0.11654947E-24  0.90630476E-40
  0.15600000E+02 -0.11518150E-24  0.91525930E-40
  0.15700000E+02 -0.11383684E-24  0.93656482E-40
  0.15800000E+02 -0.11251499E-24  0.88206771E-40
  0.15900000E+02 -0.11121544E-24  0.87874408E-40
  0.16000000E+02 -0.10993772E-24  0.84234532E-40
  0.16100000E+02 -0.10868135E-24  0.84188279E-40
  0.16200000E+02 -0.10744586E-24  0.86746462E-40
  0.16300000E+02 -0.10623081E-24  0.83037434E-40
  0.16400000E+02 -0.10503576E-24  0.83727857E-40
  0.16500000E+02 -0.10386028E-24  0.80866365E-40
  0.16600000E+02 -0.10270396E-24  0.76553724E-40
  0.16700000E+02 -0.10156640E-24  0.79124051E-40
  0.16800000E+02 -0.10044719E-24  0.79848161E-40
  0.16900000E+02 -0.99345965E-25  0.74955296E-40
  0.17000000E+02 -0.98262338E-25  0.76689056E-40
  0.17100000E+02 -0.97195948E-25  0.74831238E-40
  0.17200000E+02 -0.96146439E-25  0.75512860E-40
  0.17300000E+02 -0.95113466E-25  0.79748959E-40
  0.17400000E+02 -0.94096689E-25  0.73339972E-40
  0.17500000E+02 -0.93095780E-25  0.72438612E-40
  0.17600000E+02 -0.92110416E-25  0.72627848E-40
  0.17700000E+02 -0.91140285E-25  0.71159475E-40
  0.17800000E+02 -0.90185080E-25  0.67826507E-40
  0.17900000E+02 -0.89244504E-25  0.68200127E-40
  0.18000000E+02 -0.88318264E-25  0.67858099E-40
  0.18100000E+02 -0.87406078E-25  0.68548913E-40
  0.18200000E+02 -0.86507667E-25  0.67763052E-40
  0.18300000E+02 -0.85622762E-25  0.68042481E-40
  0.18400000E+02 -0.84751098E-25  0.67406720E-40
  0.18500000E+02 -0.83892418E-25  0.65321297E-40
  0.18600000E+02 -0.83046470E-25  0.63486766E-40
  0.18700000E+02 -0.82213009E-25  0.62356191E-40
  0.18800000E+02 -0.81391794E-25  0.61861118E-40
  0.18900000E+02 -0.80582591E-25  0.61588078E-40
  0.19000000E+02 -0.79785172E-25  0.62211497E-40
  0.19100000E+02 -0.78999312E-25  0.63953355E-40
  0.19200000E+02 -0.78224795E-25  0.61167793E-40
  0.19300000E+02 -0.77461405E-25  0.59249802E-40
  0.19400000E+02 -0.76708936E-25  0.58074570E-40
  0.19500000E+02 -0.75967184E-25  0.57497679E-40
  0.19600000E+02 -0.75235948E-25  0.58586123E-40
  0.19700000E+02 -0.74515036E-25  0.57047969E-40
  0.19800000E+02 -0.73804257E-25  0.56942194E-40
  0.19900000E+02 -0.73103426E-25  0.54217513E-40
  0.20000000E+02 -0.72412360E-25  0.55241713E-40
  0.20100000E+02 -0.71730882E-25  0.54653866E-40
  0.20200000E+02 -0.71058818E-25  0.55878561E-40
  0.20300000E+02 -0.70396000E-25  0.53859725E-40
  0.20400000E+02 -0.69742260E-25  0.55349131E-40
  0.20500000E+02 -0.69097436E-25  0.52608401E-40
  0.20600000E+02 -0.68461370E-25  0.50814023E-40
  0.20700000E+02 -0.67833907E-25  0.52356802E-40
  0.20800000E+02 -0.67214893E-25  0.51882287E-40
  0.20900000E+02 -0.66604182E-25  0.53078009E-40
  0.21000000E+02 -0.66001626E-25  0.49407655E-40
  0.21100000E+02 -0.65407084E-25  0.50890736E-40
  0.21200000E+02 -0.64820416E-25  0.50138273E-40
  0.21300000E+02 -0.64241487E-25  0.50819794E-40
  0.21400000E+02 -0.63670163E-25  0.51918612E-40
  0.21500000E+02 -0.63106312E-25  0.48401879E-40
  0.21600000E+02 -0.62549808E-25  0.47693747E-40
  0.21700000E+02 -0.62000524E-25  0.49045250E-40
  0.21800000E+02 -0.61458339E-25  0.48134769E-40
  0.21900000E+02 -0.60923132E-25  0.48059340E-40
  0.22000000E+02 -0.60394787E-25  0.47765583E-40
  0.22100000E+02 -0.59873187E-25  0.47539283E-40
  0.22200000E+02 -0.59358220E-25  0.47829116E-40
  0.22300000E+02 -0.58849775E-25  0.47302847E-40
  0.22400000E+02 -0.58347745E-25  0.44574018E-40
  0.22500000E+02 -0.57852023E-25  0.46223022E-40
  0.22600000E+02 -0.57362506E-25  0.43046144E-40
  0.22700000E+02 -0.56879092E-25  0.40919143E-40
  0.22800000E+02 -0.56401682E-25  0.43482901E-40
  0.22900000E+02 -0.55930177E-25  0.42221400E-40
  0.23000000E+02 -0.55464481E-25  0.42642815E-40
  0.23100000E+02 -0.55004502E-25  0.42780301E-40
  0.23200000E+02 -0.54550147E-25  0.44366147E-40
  0.23300000E+02 -0.54101325E-25  0.41201342E-40
  0.23400000E+02 -0.53657950E-25  0.42410288E-40
  0.23500000E+02 -0.53219933E-25  0.40762174E-40
  0.23600000E+02 -0.52787191E-25  0.40528550E-40
  0.23700000E+02 -0.52359639E-25  0.39843926E-40
  0.23800000E+02 -0.51937196E-25  0.41255513E-40
  0.23900000E+02 -0.51519782E-25  0.38618818E-40
  0.24000000E+02 -0.51107319E-25  0.40154606E-40
  0.24100000E+02 -0.50699730E-25  0.39548518E-40
  0.24200000E+02 -0.50296938E-25  0.38730417E-40
  0.24300000E+02 -0.49898870E-25  0.38279038E-40
  0.24400000E+02 -0.49505453E-25  0.38005801E-40
  0.24500000E+02 -0.49116616E-25  0.37851308E-40
  0.24600000E+02 -0.48732289E-25  0.36716973E-40
  0.24700000E+02 -0.48352402E-25  0.35942466E-40
  0.24800000E+02 -0.47976890E-25  0.36923255E-40
  0.24900000E+02 -0.47605685E-25  0.38743763E-40
  0.25000000E+02 -0.47238723E-25  0.37193794E-40
  0.25100000E+02 -0.46875940E-25  0.36206708E-40
  0.25200000E+02 -0.46517274E-25  0.36745674E-40
  0.25300000E+02 -0.46162662E-25  0.35634917E-40
  0.25400000E+02 -0.45812046E-25  0.35109278E-40
  0.25500000E+02 -0.45465365E-25  0.34379661E-40
  0.25600000E+02 -0.45122563E-25  0.33974372E-40
  0.25700000E+02 -0.44783581E-25  0.34880067E-40
  0.25800000E+02 -0.44448364E-25  0.33129337E-40
  0.25900000E+02 -0.44116856E-25  0.34576004E-40
  0.26000000E+02 -0.43789005E-25  0.31556463E-40
  0.26100000E+02 -0.43464756E-25  0.32777116E-40
  0.26200000E+02 -0.43144059E-25  0.32424093E-40
  0.26300000E+02 -0.42826861E-25  0.31571376E-40
  0.26400000E+02 -0.42513112E-25  0.32320333E-40
  0.26500000E+02 -0.42202764E-25  0.32628049E-40
  0.26600000E+02 -0.41895767E-25  0.30670523E-40
  0.26700000E+02 -0.41592075E-25  0.31802173E-40
  0.26800000E+02 -0.41291640E-25  0.30303569E-40
  0.26900000E+02 -0.40994416E-25  0.31309735E-40
  0.27000000E+02 -0.40700359E-25  0.31011236E-40
  0.27100000E+02 -0.40409423E-25  0.30909616E-40
  0.27200000E+02 -0.40121566E-25  0.30599223E-40
  0.27300000E+02 -0.39836744E-25  0.32057532E-40
  0.27400000E+02 -0.39554915E-25  0.30505036E-40
  0.27500000E+02 -0.39276038E-25  0.30144509E-40
  0.27600000E+02 -0.39000072E-25  0.30461505E-40
  0.27700000E+02 -0.38726977E-25  0.30864016E-40
  0.27800000E+02 -0.38456715E-25  0.29565238E-40
  0.27900000E+02 -0.38189245E-25  0.29058493E-40
  0.28000000E+02 -0.37924531E-25  0.29572532E-40
  0.28100000E+02 -0.37662534E-25  0.29317046E-40
  0.28200000E+02 -0.37403219E-25  0.28200115E-40
  0.28300000E+02 -0.37146548E-25  0.29439829E-40
  0.28400000E+02 -0.36892487E-25  0.28788244E-40
  0.28500000E+02 -0.36641000E-25  0.27090493E-40
  0.28600000E+02 -0.36392054E-25  0.27502823E-40
  0.28700000E+02 -0.36145614E-25  0.28016735E-40
  0.28800000E+02 -0.35901646E-25  0.27617316E-40
  0.28900000E+02 -0.35660120E-25  0.27500584E-40
  0.29000000E+02 -0.35421001E-25  0.26820964E-40
  0.29100000E+02 -0.35184259E-25  0.26819814E-40
  0.29200000E+02 -0.34949863E-25  0.26690502E-40
  0.29300000E+02 -0.34717781E-25  0.27322172E-40
  0.29400000E+02 -0.34487984E-25  0.27531314E-40
  0.29500000E+02 -0.34260443E-25  0.25582843E-40
  0.29600000E+02 -0.34035127E-25  0.26294275E-40
  0.29700000E+02 -0.33812008E-25  0.26518231E-40
  0.29800000E+02 -0.33591058E-25  0.25766883E-40
  0.29900000E+02 -0.33372250E-25  0.25146141E-40
  0.30000000E+02 -0.33155555E-25  0.25981282E-40
  0.30100000E+02 -0.32940947E-25  0.23998889E-40
  0.30200000E+02 -0.32728400E-25  0.25709268E-40
  0.30300000E+02 -0.32517887E-25  0.24604613E-40
  0.30400000E+02 -0.32309382E-25  0.24496458E-40
  0.30500000E+02 -0.32102861E-25  0.24392022E-40
  0.30600000E+02 -0.31898299E-25  0.23443406E-40
  0.30700000E+02 -0.31695670E-25  0.23710556E-40
  0.30800000E+02 -0.31494951E-25  0.25083951E-40
  0.30900000E+02 -0.31296119E-25  0.23219854E-40
  0.31000000E+02 -0.31099149E-25  0.23442103E-40
  0.31100000E+02 -0.30904019E-25  0.23559762E-40
  0.31200000E+02 -0.30710705E-25  0.23973576E-40
  0.31300000E+02 -0.30519187E-25  0.22506969E-40
  0.31400000E+02 -0.30329442E-25  0.22757114E-40
  0.31500000E+02 -0.30141447E-25  0.23075534E-40
  0.31600000E+02 -0.29955182E-25  0.22485045E-40
  0.31700000E+02 -0.29770626E-25  0.22333419E-40
  0.31800000E+02 -0.29587758E-25  0.22632684E-40
  0.31900000E+02 -0.29406558E-25  0.22020753E-40
  0.32000000E+02 -0.29227006E-25  0.22419620E-40
  0.32100000E+02 -0.29049081E-25  0.21985916E-40
  0.32200000E+02 -0.28872765E-25  0.22313778E-40
  0.32300000E+02 -0.28698038E-25  0.22823964E-40
  0.32400000E+02 -0.28524881E-25  0.22101739E-40
  0.32500000E+02 -0.28353276E-25  0.20750512E-40
  0.32600000E+02 -0.28183204E-25  0.22090606E-40
  0.32700000E+02 -0.28014647E-25  0.21177029E-40
  0.32800000E+02 -0.27847588E-25  0.21315047E-40
  0.32900000E+02 -0.27682009E-25  0.21263966E-40
  0.33000000E+02 -0.27517892E-25  0.21548140E-40
  0.33100000E+02 -0.27355220E-25  0.20463671E-40
  0.33200000E+02 -0.27193977E-25  0.21838940E-40
  0.33300000E+02 -0.27034146E-25  0.21023326E-40
  0.33400000E+02 -0.26875711E-25  0.19957087E-40
  0.33500000E+02 -0.26718656E-25  0.20956238E-40
  0.33600000E+02 -0.26562964E-25  0.19322640E-40
  0.33700000E+02 -0.26408621E-25  0.19918034E-40
  0.33800000E+02 -0.26255610E-25  0.20771924E-40
  0.33900000E+02 -0.26103917E-25  0.21187818E-40
  0.34000000E+02 -0.25953526E-25  0.19338924E-40
  0.34100000E+02 -0.25804423E-25  0.19932059E-40
  0.34200000E+02 -0.25656593E-25  0.19885979E-40
  0.34300000E+02 -0.25510022E-25  0.19599435E-40
  0.34400000E+02 -0.25364696E-25  0.18461457E-40
  0.34500000E+02 -0.25220600E-25  0.19850326E-40
  0.34600000E+02 -0.25077721E-25  0.19268360E-40
  0.34700000E+02 -0.24936046E-25  0.19358921E-40
  0.34800000E+02 -0.24795560E-25  0.18382784E-40
  0.34900000E+02 -0.24656251E-25  0.18753482E-40
  0.35000000E+02 -0.24518106E-25  0.19852132E-40
  0.35100000E+02 -0.24381112E-25  0.18569505E-40
  0.35200000E+02 -0.24245256E-25  0.18047706E-40
  0.35300000E+02 -0.24110525E-25  0.19340135E-40
  0.35400000E+02 -0.23976908E-25  0.18031024E-40
  0.35500000E+02 -0.23844393E-25  0.18287960E-40
  0.35600000E+02 -0.23712966E-25  0.18723105E-40
  0.35700000E+02 -0.23582617E-25  0.17439198E-40
  0.35800000E+02 -0.23453333E-25  0.17947918E-40
  0.35900000E+02 -0.23325104E-25  0.17678431E-40
  0.36000000E+02 -0.23197917E-25  0.17461968E-40
  0.36100000E+02 -0.23071762E-25  0.17558575E-40
  0.36200000E+02 -0.22946627E-25  0.17433945E-40
  0.36300000E+02 -0.22822503E-25  0.16815501E-40
  0.36400000E+02 -0.22699376E-25  0.17546284E-40
  0.36500000E+02 -0.22577239E-25  0.17716212E-40
  0.36600000E+02 -0.22456078E-25  0.18012695E-40
  0.36700000E+02 -0.22335886E-25  0.17087591E-40
  0.36800000E+02 -0.22216650E-25  0.17198305E-40
  0.36900000E+02 -0.22098361E-25  0.17526477E-40
  0.37000000E+02 -0.21981010E-25  0.15496795E-40
  0.37100000E+02 -0.21864586E-25  0.16315301E-40
  0.37200000E+02 -0.21749079E-25  0.16562713E-40
  0.37300000E+02 -0.21634481E-25  0.16004733E-40
  0.37400000E+02 -0.21520781E-25  0.17451212E-40
  0.37500000E+02 -0.21407970E-25  0.16271551E-40
  0.37600000E+02 -0.21296040E-25  0.16023543E-40
  0.37700000E+02 -0.21184980E-25  0.16247142E-40
  0.37800000E+02 -0.21074783E-25  0.16828253E-40
  0.37900000E+02 -0.20965439E-25  0.16520326E-40
  0.38000000E+02 -0.20856939E-25  0.15398860E-40
  0.38100000E+02 -0.20749275E-25  0.15332435E-40
  0.38200000E+02 -0.20642438E-25  0.15599604E-40
  0.38300000E+02 -0.20536420E-25  0.15686951E-40
  0.38400000E+02 -0.20431213E-25  0.14701937E-40
  0.38500000E+02 -0.20326808E-25  0.15112399E-40
  0.38600000E+02 -0.20223197E-25  0.15781881E-40
  0.38700000E+02 -0.20120373E-25  0.15357005E-40
  0.38800000E+02 -0.20018327E-25  0.16351014E-40
  0.38900000E+02 -0.19917051E-25  0.15541728E-40
  0.39000000E+02 -0.19816538E-25  0.14969417E-40
  0.39100000E+02 -0.19716781E-25  0.15396275E-40
  0.39200000E+02 -0.19617772E-25  0.14703681E-40
  0.39300000E+02 -0.19519502E-25  0.14302870E-40
  0.39400000E+02 -0.19421966E-25  0.15014613E-40
  0.39500000E+02 -0.19325156E-25  0.14964607E-40
  0.39600000E+02 -0.19229064E-25  0.14505575E-40
  0.39700000E+02 -0.19133684E-25  0.14703299E-40
  0.39800000E+02 -0.19039008E-25  0.15144828E-40
  0.39900000E+02 -0.18945030E-25  0.14878757E-40
  0.40000000E+02 -0.18851743E-25  0.14283432E-40
