  0.00000000E+00 -0.25309051E-22 -0.49172493E-36
  0.10000000E+00 -0.25294398E-22 -0.49094164E-36
  0.20000000E+00 -0.25250533E-22 -0.48860725E-36
  0.30000000E+00 -0.25177734E-22 -0.48476732E-36
  0.40000000E+00 -0.25076471E-22 -0.47949516E-36
  0.50000000E+00 -0.24947403E-22 -0.47288814E-36
  0.60000000E+00 -0.24791380E-22 -0.46506310E-36
  0.70000000E+00 -0.24609439E-22 -0.45615123E-36
  0.80000000E+00 -0.24402796E-22 -0.44629283E-36
  0.90000000E+00 -0.24172830E-22 -0.43563242E-36
  0.10000000E+01 -0.23921067E-22 -0.42431419E-36
  0.11000000E+01 -0.23649151E-22 -0.41247830E-36
  0.12000000E+01 -0.23358817E-22 -0.40025784E-36
  0.13000000E+01 -0.23051862E-22 -0.38777658E-36
  0.14000000E+01 -0.22730118E-22 -0.37514741E-36
  0.15000000E+01 -0.22395414E-22 -0.36247150E-36
  0.16000000E+01 -0.22049560E-22 -0.34983785E-36
  0.17000000E+01 -0.21694317E-22 -0.33732344E-36
  0.18000000E+01 -0.21331377E-22 -0.32499359E-36
  0.19000000E+01 -0.20962352E-22 -0.31290262E-36
  0.20000000E+01 -0.20588758E-22 -0.30109472E-36
  0.21000000E+01 -0.20212006E-22 -0.28960479E-36
  0.22000000E+01 -0.19833400E-22 -0.27845951E-36
  0.23000000E+01 -0.19454132E-22 -0.26767824E-36
  0.24000000E+01 -0.19075285E-22 -0.25727402E-36
  0.25000000E+01 -0.18697830E-22 -0.24725443E-36
  0.26000000E+01 -0.18322638E-22 -0.23762247E-36
  0.27000000E+01 -0.17950474E-22 -0.22837730E-36
  0.28000000E+01 -0.17582013E-22 -0.21951492E-36
  0.29000000E+01 -0.17217840E-22 -0.21102881E-36
  0.30000000E+01 -0.16858457E-22 -0.20291043E-36
  0.31000000E+01 -0.16504292E-22 -0.19514968E-36
  0.32000000E+01 -0.16155705E-22 -0.18773533E-36
  0.33000000E+01 -0.15812992E-22 -0.18065530E-36
  0.34000000E+01 -0.15476394E-22 -0.17389700E-36
  0.35000000E+01 -0.15146101E-22 -0.16744752E-36
  0.36000000E+01 -0.14822256E-22 -0.16129381E-36
  0.37000000E+01 -0.14504966E-22 -0.15542289E-36
  0.38000000E+01 -0.14194299E-22 -0.14982190E-36
  0.39000000E+01 -0.13890294E-22 -0.14447825E-36
  0.40000000E+01 -0.13592962E-22 -0.13937968E-36
  0.41000000E+01 -0.13302290E-22 -0.13451429E-36
  0.42000000E+01 -0.13018245E-22 -0.12987061E-36
  0.43000000E+01 -0.12740776E-22 -0.12543760E-36
  0.44000000E+01 -0.12469817E-22 -0.12120469E-36
  0.45000000E+01 -0.12205289E-22 -0.11716178E-36
  0.46000000E+01 -0.11947103E-22 -0.11329923E-36
  0.47000000E+01 -0.11695161E-22 -0.10960785E-36
  0.48000000E+01 -0.11449356E-22 -0.10607892E-36
  0.49000000E+01 -0.11209576E-22 -0.10270415E-36
  0.50000000E+01 -0.10975706E-22 -0.99475689E-37
  0.51000000E+01 -0.10747624E-22 -0.96386093E-37
  0.52000000E+01 -0.10525208E-22 -0.93428310E-37
  0.53000000E+01 -0.10308333E-22 -0.90595671E-37
  0.54000000E+01 -0.10096873E-22 -0.87881865E-37
  0.55000000E+01 -0.98907015E-23 -0.85280925E-37
  0.56000000E+01 -0.96896919E-23 -0.82787209E-37
  0.57000000E+01 -0.94937182E-23 -0.80395388E-37
  0.58000000E+01 -0.93026552E-23 -0.78100421E-37
  0.59000000E+01 -0.91163788E-23 -0.75897546E-37
  0.60000000E+01 -0.89347665E-23 -0.73782263E-37
  0.61000000E+01 -0.87576973E-23 -0.71750316E-37
  0.62000000E+01 -0.85850522E-23 -0.69797685E-37
  0.63000000E+01 -0.84167144E-23 -0.67920567E-37
  0.64000000E+01 -0.82525690E-23 -0.66115368E-37
  0.65000000E+01 -0.80925035E-23 -0.64378686E-37
  0.66000000E+01 -0.79364079E-23 -0.62707306E-37
  0.67000000E+01 -0.77841744E-23 -0.61098184E-37
  0.68000000E+01 -0.76356978E-23 -0.59548439E-37
  0.69000000E+01 -0.74908754E-23 -0.58055344E-37
  0.70000000E+01 -0.73496069E-23 -0.56616316E-37
  0.71000000E+01 -0.72117945E-23 -0.55228908E-37
  0.72000000E+01 -0.70773431E-23 -0.53890802E-37
  0.73000000E+01 -0.69461599E-23 -0.52599801E-37
  0.74000000E+01 -0.68181546E-23 -0.51353820E-37
  0.75000000E+01 -0.66932394E-23 -0.50150883E-37
  0.76000000E+01 -0.65713287E-23 -0.48989115E-37
  0.77000000E+01 -0.64523395E-23 -0.47866736E-37
  0.78000000E+01 -0.63361909E-23 -0.46782056E-37
  0.79000000E+01 -0.62228045E-23 -0.45733471E-37
  0.80000000E+01 -0.61121040E-23 -0.44719455E-37
  0.81000000E+01 -0.60040152E-23 -0.43738560E-37
  0.82000000E+01 -0.58984662E-23 -0.42789407E-37
  0.83000000E+01 -0.57953871E-23 -0.41870688E-37
  0.84000000E+01 -0.56947100E-23 -0.40981154E-37
  0.85000000E+01 -0.55963691E-23 -0.40119621E-37
  0.86000000E+01 -0.55003003E-23 -0.39284958E-37
  0.87000000E+01 -0.54064416E-23 -0.38476091E-37
  0.88000000E+01 -0.53147328E-23 -0.37691995E-37
  0.89000000E+01 -0.52251153E-23 -0.36931694E-37
  0.90000000E+01 -0.51375325E-23 -0.36194258E-37
  0.91000000E+01 -0.50519292E-23 -0.35478799E-37
  0.92000000E+01 -0.49682520E-23 -0.34784471E-37
  0.93000000E+01 -0.48864491E-23 -0.34110467E-37
  0.94000000E+01 -0.48064701E-23 -0.33456016E-37
  0.95000000E+01 -0.47282663E-23 -0.32820383E-37
  0.96000000E+01 -0.46517902E-23 -0.32202864E-37
  0.97000000E+01 -0.45769958E-23 -0.31602789E-37
  0.98000000E+01 -0.45038387E-23 -0.31019516E-37
  0.99000000E+01 -0.44322754E-23 -0.30452431E-37
  0.10000000E+02 -0.43622640E-23 -0.29900949E-37
  0.10100000E+02 -0.42937636E-23 -0.29364509E-37
  0.10200000E+02 -0.42267349E-23 -0.28842573E-37
  0.10300000E+02 -0.41611392E-23 -0.28334629E-37
  0.10400000E+02 -0.40969395E-23 -0.27840185E-37
  0.10500000E+02 -0.40340994E-23 -0.27358770E-37
  0.10600000E+02 -0.39725840E-23 -0.26889932E-37
  0.10700000E+02 -0.39123591E-23 -0.26433241E-37
  0.10800000E+02 -0.38533916E-23 -0.25988282E-37
  0.10900000E+02 -0.37956494E-23 -0.25554657E-37
  0.11000000E+02 -0.37391013E-23 -0.25131986E-37
  0.11100000E+02 -0.36837171E-23 -0.24719904E-37
  0.11200000E+02 -0.36294674E-23 -0.24318060E-37
  0.11300000E+02 -0.35763236E-23 -0.23926118E-37
  0.11400000E+02 -0.35242579E-23 -0.23543755E-37
  0.11500000E+02 -0.34732435E-23 -0.23170661E-37
  0.11600000E+02 -0.34232542E-23 -0.22806538E-37
  0.11700000E+02 -0.33742646E-23 -0.22451100E-37
  0.11800000E+02 -0.33262499E-23 -0.22104071E-37
  0.11900000E+02 -0.32791863E-23 -0.21765188E-37
  0.12000000E+02 -0.32330505E-23 -0.21434196E-37
  0.12100000E+02 -0.31878197E-23 -0.21110851E-37
  0.12200000E+02 -0.31434720E-23 -0.20794917E-37
  0.12300000E+02 -0.30999860E-23 -0.20486168E-37
  0.12400000E+02 -0.30573409E-23 -0.20184386E-37
  0.12500000E+02 -0.30155166E-23 -0.19889361E-37
  0.12600000E+02 -0.29744933E-23 -0.19600892E-37
  0.12700000E+02 -0.29342521E-23 -0.19318784E-37
  0.12800000E+02 -0.28947743E-23 -0.19042849E-37
  0.12900000E+02 -0.28560420E-23 -0.18772907E-37
  0.13000000E+02 -0.28180374E-23 -0.18508784E-37
  0.13100000E+02 -0.27807437E-23 -0.18250311E-37
  0.13200000E+02 -0.27441441E-23 -0.17997327E-37
  0.13300000E+02 -0.27082226E-23 -0.17749675E-37
  0.13400000E+02 -0.26729635E-23 -0.17507205E-37
  0.13500000E+02 -0.26383513E-23 -0.17269772E-37
  0.13600000E+02 -0.26043714E-23 -0.17037235E-37
  0.13700000E+02 -0.25710092E-23 -0.16809458E-37
  0.13800000E+02 -0.25382506E-23 -0.16586311E-37
  0.13900000E+02 -0.25060819E-23 -0.16367667E-37
  0.14000000E+02 -0.24744899E-23 -0.16153405E-37
  0.14100000E+02 -0.24434614E-23 -0.15943406E-37
  0.14200000E+02 -0.24129839E-23 -0.15737555E-37
  0.14300000E+02 -0.23830451E-23 -0.15535744E-37
  0.14400000E+02 -0.23536330E-23 -0.15337864E-37
  0.14500000E+02 -0.23247359E-23 -0.15143814E-37
  0.14600000E+02 -0.22963425E-23 -0.14953493E-37
  0.14700000E+02 -0.22684416E-23 -0.14766805E-37
  0.14800000E+02 -0.22410226E-23 -0.14583657E-37
  0.14900000E+02 -0.22140749E-23 -0.14403957E-37
  0.15000000E+02 -0.21875882E-23 -0.14227619E-37
  0.15100000E+02 -0.21615527E-23 -0.14054558E-37
  0.15200000E+02 -0.21359585E-23 -0.13884691E-37
  0.15300000E+02 -0.21107963E-23 -0.13717939E-37
  0.15400000E+02 -0.20860568E-23 -0.13554226E-37
  0.15500000E+02 -0.20617311E-23 -0.13393476E-37
  0.15600000E+02 -0.20378102E-23 -0.13235618E-37
  0.15700000E+02 -0.20142858E-23 -0.13080580E-37
  0.15800000E+02 -0.19911495E-23 -0.12928295E-37
  0.15900000E+02 -0.19683931E-23 -0.12778698E-37
  0.16000000E+02 -0.19460088E-23 -0.12631723E-37
  0.16100000E+02 -0.19239888E-23 -0.12487310E-37
  0.16200000E+02 -0.19023255E-23 -0.12345397E-37
  0.16300000E+02 -0.18810117E-23 -0.12205927E-37
  0.16400000E+02 -0.18600402E-23 -0.12068842E-37
  0.16500000E+02 -0.18394039E-23 -0.11934088E-37
  0.16600000E+02 -0.18190961E-23 -0.11801610E-37
  0.16700000E+02 -0.17991100E-23 -0.11671358E-37
  0.16800000E+02 -0.17794393E-23 -0.11543281E-37
  0.16900000E+02 -0.17600775E-23 -0.11417329E-37
  0.17000000E+02 -0.17410186E-23 -0.11293456E-37
  0.17100000E+02 -0.17222563E-23 -0.11171614E-37
  0.17200000E+02 -0.17037849E-23 -0.11051759E-37
  0.17300000E+02 -0.16855985E-23 -0.10933847E-37
  0.17400000E+02 -0.16676917E-23 -0.10817835E-37
  0.17500000E+02 -0.16500588E-23 -0.10703683E-37
  0.17600000E+02 -0.16326945E-23 -0.10591350E-37
  0.17700000E+02 -0.16155936E-23 -0.10480796E-37
  0.17800000E+02 -0.15987510E-23 -0.10371985E-37
  0.17900000E+02 -0.15821617E-23 -0.10264878E-37
  0.18000000E+02 -0.15658208E-23 -0.10159440E-37
  0.18100000E+02 -0.15497235E-23 -0.10055635E-37
  0.18200000E+02 -0.15338652E-23 -0.99534306E-38
  0.18300000E+02 -0.15182414E-23 -0.98527920E-38
  0.18400000E+02 -0.15028476E-23 -0.97536873E-38
  0.18500000E+02 -0.14876795E-23 -0.96560850E-38
  0.18600000E+02 -0.14727327E-23 -0.95599544E-38
  0.18700000E+02 -0.14580033E-23 -0.94652654E-38
  0.18800000E+02 -0.14434870E-23 -0.93719891E-38
  0.18900000E+02 -0.14291800E-23 -0.92800969E-38
  0.19000000E+02 -0.14150784E-23 -0.91895612E-38
  0.19100000E+02 -0.14011784E-23 -0.91003550E-38
  0.19200000E+02 -0.13874762E-23 -0.90124519E-38
  0.19300000E+02 -0.13739684E-23 -0.89258264E-38
  0.19400000E+02 -0.13606512E-23 -0.88404534E-38
  0.19500000E+02 -0.13475213E-23 -0.87563085E-38
  0.19600000E+02 -0.13345753E-23 -0.86733678E-38
  0.19700000E+02 -0.13218098E-23 -0.85916083E-38
  0.19800000E+02 -0.13092216E-23 -0.85110072E-38
  0.19900000E+02 -0.12968076E-23 -0.84315425E-38
  0.20000000E+02 -0.12845646E-23 -0.83531925E-38
  0.20100000E+02 -0.12724896E-23 -0.82759362E-38
  0.20200000E+02 -0.12605796E-23 -0.81997531E-38
  0.20300000E+02 -0.12488317E-23 -0.81246231E-38
  0.20400000E+02 -0.12372431E-23 -0.80505266E-38
  0.20500000E+02 -0.12258110E-23 -0.79774445E-38
  0.20600000E+02 -0.12145326E-23 -0.79053581E-38
  0.20700000E+02 -0.12034054E-23 -0.78342491E-38
  0.20800000E+02 -0.11924265E-23 -0.77640998E-38
  0.20900000E+02 -0.11815936E-23 -0.76948927E-38
  0.21000000E+02 -0.11709041E-23 -0.76266108E-38
  0.21100000E+02 -0.11603556E-23 -0.75592375E-38
  0.21200000E+02 -0.11499456E-23 -0.74927565E-38
  0.21300000E+02 -0.11396718E-23 -0.74271519E-38
  0.21400000E+02 -0.11295318E-23 -0.73624082E-38
  0.21500000E+02 -0.11195235E-23 -0.72985103E-38
  0.21600000E+02 -0.11096447E-23 -0.72354433E-38
  0.21700000E+02 -0.10998931E-23 -0.71731927E-38
  0.21800000E+02 -0.10902666E-23 -0.71117443E-38
  0.21900000E+02 -0.10807631E-23 -0.70510842E-38
  0.22000000E+02 -0.10713807E-23 -0.69911988E-38
  0.22100000E+02 -0.10621173E-23 -0.69320749E-38
  0.22200000E+02 -0.10529709E-23 -0.68736995E-38
  0.22300000E+02 -0.10439397E-23 -0.68160598E-38
  0.22400000E+02 -0.10350218E-23 -0.67591434E-38
  0.22500000E+02 -0.10262153E-23 -0.67029381E-38
  0.22600000E+02 -0.10175183E-23 -0.66474321E-38
  0.22700000E+02 -0.10089293E-23 -0.65926136E-38
  0.22800000E+02 -0.10004463E-23 -0.65384713E-38
  0.22900000E+02 -0.99206774E-24 -0.64849939E-38
  0.23000000E+02 -0.98379192E-24 -0.64321705E-38
  0.23100000E+02 -0.97561719E-24 -0.63799903E-38
  0.23200000E+02 -0.96754197E-24 -0.63284430E-38
  0.23300000E+02 -0.95956466E-24 -0.62775182E-38
  0.23400000E+02 -0.95168374E-24 -0.62272058E-38
  0.23500000E+02 -0.94389768E-24 -0.61774960E-38
  0.23600000E+02 -0.93620500E-24 -0.61283791E-38
  0.23700000E+02 -0.92860425E-24 -0.60798456E-38
  0.23800000E+02 -0.92109399E-24 -0.60318863E-38
  0.23900000E+02 -0.91367283E-24 -0.59844920E-38
  0.24000000E+02 -0.90633938E-24 -0.59376539E-38
  0.24100000E+02 -0.89909231E-24 -0.58913632E-38
  0.24200000E+02 -0.89193028E-24 -0.58456114E-38
  0.24300000E+02 -0.88485199E-24 -0.58003900E-38
  0.24400000E+02 -0.87785618E-24 -0.57556909E-38
  0.24500000E+02 -0.87094159E-24 -0.57115059E-38
  0.24600000E+02 -0.86410699E-24 -0.56678272E-38
  0.24700000E+02 -0.85735117E-24 -0.56246470E-38
  0.24800000E+02 -0.85067295E-24 -0.55819576E-38
  0.24900000E+02 -0.84407118E-24 -0.55397518E-38
  0.25000000E+02 -0.83754470E-24 -0.54980220E-38
  0.25100000E+02 -0.83109241E-24 -0.54567612E-38
  0.25200000E+02 -0.82471319E-24 -0.54159622E-38
  0.25300000E+02 -0.81840597E-24 -0.53756183E-38
  0.25400000E+02 -0.81216970E-24 -0.53357225E-38
  0.25500000E+02 -0.80600332E-24 -0.52962683E-38
  0.25600000E+02 -0.79990582E-24 -0.52572492E-38
  0.25700000E+02 -0.79387620E-24 -0.52186587E-38
  0.25800000E+02 -0.78791346E-24 -0.51804905E-38
  0.25900000E+02 -0.78201664E-24 -0.51427384E-38
  0.26000000E+02 -0.77618478E-24 -0.51053965E-38
  0.26100000E+02 -0.77041696E-24 -0.50684587E-38
  0.26200000E+02 -0.76471224E-24 -0.50319193E-38
  0.26300000E+02 -0.75906974E-24 -0.49957724E-38
  0.26400000E+02 -0.75348857E-24 -0.49600125E-38
  0.26500000E+02 -0.74796785E-24 -0.49246340E-38
  0.26600000E+02 -0.74250672E-24 -0.48896316E-38
  0.26700000E+02 -0.73710435E-24 -0.48549998E-38
  0.26800000E+02 -0.73175991E-24 -0.48207334E-38
  0.26900000E+02 -0.72647259E-24 -0.47868274E-38
  0.27000000E+02 -0.72124159E-24 -0.47532766E-38
  0.27100000E+02 -0.71606612E-24 -0.47200760E-38
  0.27200000E+02 -0.71094542E-24 -0.46872209E-38
  0.27300000E+02 -0.70587872E-24 -0.46547064E-38
  0.27400000E+02 -0.70086529E-24 -0.46225278E-38
  0.27500000E+02 -0.69590438E-24 -0.45906804E-38
  0.27600000E+02 -0.69099527E-24 -0.45591599E-38
  0.27700000E+02 -0.68613727E-24 -0.45279615E-38
  0.27800000E+02 -0.68132966E-24 -0.44970811E-38
  0.27900000E+02 -0.67657178E-24 -0.44665142E-38
  0.28000000E+02 -0.67186294E-24 -0.44362567E-38
  0.28100000E+02 -0.66720248E-24 -0.44063043E-38
  0.28200000E+02 -0.66258975E-24 -0.43766529E-38
  0.28300000E+02 -0.65802411E-24 -0.43472986E-38
  0.28400000E+02 -0.65350494E-24 -0.43182374E-38
  0.28500000E+02 -0.64903160E-24 -0.42894653E-38
  0.28600000E+02 -0.64460349E-24 -0.42609785E-38
  0.28700000E+02 -0.64022002E-24 -0.42327733E-38
  0.28800000E+02 -0.63588059E-24 -0.42048460E-38
  0.28900000E+02 -0.63158462E-24 -0.41771929E-38
  0.29000000E+02 -0.62733155E-24 -0.41498104E-38
  0.29100000E+02 -0.62312080E-24 -0.41226951E-38
  0.29200000E+02 -0.61895183E-24 -0.40958434E-38
  0.29300000E+02 -0.61482409E-24 -0.40692519E-38
  0.29400000E+02 -0.61073705E-24 -0.40429173E-38
  0.29500000E+02 -0.60669018E-24 -0.40168362E-38
  0.29600000E+02 -0.60268297E-24 -0.39910055E-38
  0.29700000E+02 -0.59871490E-24 -0.39654220E-38
  0.29800000E+02 -0.59478548E-24 -0.39400824E-38
  0.29900000E+02 -0.59089420E-24 -0.39149837E-38
  0.30000000E+02 -0.58704058E-24 -0.38901228E-38
  0.30100000E+02 -0.58322415E-24 -0.38654968E-38
  0.30200000E+02 -0.57944442E-24 -0.38411027E-38
  0.30300000E+02 -0.57570095E-24 -0.38169376E-38
  0.30400000E+02 -0.57199327E-24 -0.37929986E-38
  0.30500000E+02 -0.56832093E-24 -0.37692830E-38
  0.30600000E+02 -0.56468349E-24 -0.37457879E-38
  0.30700000E+02 -0.56108052E-24 -0.37225106E-38
  0.30800000E+02 -0.55751158E-24 -0.36994485E-38
  0.30900000E+02 -0.55397625E-24 -0.36765988E-38
  0.31000000E+02 -0.55047412E-24 -0.36539591E-38
  0.31100000E+02 -0.54700478E-24 -0.36315267E-38
  0.31200000E+02 -0.54356782E-24 -0.36092991E-38
  0.31300000E+02 -0.54016284E-24 -0.35872738E-38
  0.31400000E+02 -0.53678947E-24 -0.35654485E-38
  0.31500000E+02 -0.53344730E-24 -0.35438206E-38
  0.31600000E+02 -0.53013596E-24 -0.35223877E-38
  0.31700000E+02 -0.52685507E-24 -0.35011477E-38
  0.31800000E+02 -0.52360428E-24 -0.34800981E-38
  0.31900000E+02 -0.52038320E-24 -0.34592366E-38
  0.32000000E+02 -0.51719150E-24 -0.34385612E-38
  0.32100000E+02 -0.51402881E-24 -0.34180695E-38
  0.32200000E+02 -0.51089479E-24 -0.33977593E-38
  0.32300000E+02 -0.50778909E-24 -0.33776286E-38
  0.32400000E+02 -0.50471138E-24 -0.33576753E-38
  0.32500000E+02 -0.50166133E-24 -0.33378972E-38
  0.32600000E+02 -0.49863861E-24 -0.33182923E-38
  0.32700000E+02 -0.49564290E-24 -0.32988587E-38
  0.32800000E+02 -0.49267388E-24 -0.32795942E-38
  0.32900000E+02 -0.48973123E-24 -0.32604970E-38
  0.33000000E+02 -0.48681465E-24 -0.32415652E-38
  0.33100000E+02 -0.48392384E-24 -0.32227968E-38
  0.33200000E+02 -0.48105849E-24 -0.32041899E-38
  0.33300000E+02 -0.47821831E-24 -0.31857428E-38
  0.33400000E+02 -0.47540301E-24 -0.31674536E-38
  0.33500000E+02 -0.47261230E-24 -0.31493205E-38
  0.33600000E+02 -0.46984590E-24 -0.31313417E-38
  0.33700000E+02 -0.46710353E-24 -0.31135155E-38
  0.33800000E+02 -0.46438491E-24 -0.30958401E-38
  0.33900000E+02 -0.46168977E-24 -0.30783140E-38
  0.34000000E+02 -0.45901786E-24 -0.30609353E-38
  0.34100000E+02 -0.45636889E-24 -0.30437026E-38
  0.34200000E+02 -0.45374262E-24 -0.30266140E-38
  0.34300000E+02 -0.45113878E-24 -0.30096681E-38
  0.34400000E+02 -0.44855713E-24 -0.29928632E-38
  0.34500000E+02 -0.44599741E-24 -0.29761979E-38
  0.34600000E+02 -0.44345938E-24 -0.29596705E-38
  0.34700000E+02 -0.44094280E-24 -0.29432795E-38
  0.34800000E+02 -0.43844743E-24 -0.29270235E-38
  0.34900000E+02 -0.43597302E-24 -0.29109009E-38
  0.35000000E+02 -0.43351936E-24 -0.28949104E-38
  0.35100000E+02 -0.43108621E-24 -0.28790505E-38
  0.35200000E+02 -0.42867334E-24 -0.28633197E-38
  0.35300000E+02 -0.42628054E-24 -0.28477168E-38
  0.35400000E+02 -0.42390758E-24 -0.28322402E-38
  0.35500000E+02 -0.42155424E-24 -0.28168887E-38
  0.35600000E+02 -0.41922031E-24 -0.28016608E-38
  0.35700000E+02 -0.41690558E-24 -0.27865554E-38
  0.35800000E+02 -0.41460984E-24 -0.27715710E-38
  0.35900000E+02 -0.41233289E-24 -0.27567064E-38
  0.36000000E+02 -0.41007452E-24 -0.27419604E-38
  0.36100000E+02 -0.40783454E-24 -0.27273316E-38
  0.36200000E+02 -0.40561273E-24 -0.27128188E-38
  0.36300000E+02 -0.40340892E-24 -0.26984208E-38
  0.36400000E+02 -0.40122291E-24 -0.26841365E-38
  0.36500000E+02 -0.39905450E-24 -0.26699645E-38
  0.36600000E+02 -0.39690352E-24 -0.26559038E-38
  0.36700000E+02 -0.39476977E-24 -0.26419532E-38
  0.36800000E+02 -0.39265308E-24 -0.26281116E-38
  0.36900000E+02 -0.39055326E-24 -0.26143777E-38
  0.37000000E+02 -0.38847013E-24 -0.26007505E-38
  0.37100000E+02 -0.38640353E-24 -0.25872290E-38
  0.37200000E+02 -0.38435328E-24 -0.25738119E-38
  0.37300000E+02 -0.38231920E-24 -0.25604984E-38
  0.37400000E+02 -0.38030113E-24 -0.25472872E-38
  0.37500000E+02 -0.37829891E-24 -0.25341773E-38
  0.37600000E+02 -0.37631236E-24 -0.25211677E-38
  0.37700000E+02 -0.37434133E-24 -0.25082575E-38
  0.37800000E+02 -0.37238566E-24 -0.24954455E-38
  0.37900000E+02 -0.37044518E-24 -0.24827309E-38
  0.38000000E+02 -0.36851975E-24 -0.24701125E-38
  0.38100000E+02 -0.36660920E-24 -0.24575895E-38
  0.38200000E+02 -0.36471339E-24 -0.24451609E-38
  0.38300000E+02 -0.36283217E-24 -0.24328258E-38
  0.38400000E+02 -0.36096538E-24 -0.24205832E-38
  0.38500000E+02 -0.35911288E-24 -0.24084322E-38
  0.38600000E+02 -0.35727453E-24 -0.23963719E-38
  0.38700000E+02 -0.35545019E-24 -0.23844013E-38
  0.38800000E+02 -0.35363971E-24 -0.23725197E-38
  0.38900000E+02 -0.35184295E-24 -0.23607261E-38
  0.39000000E+02 -0.35005978E-24 -0.23490197E-38
  0.39100000E+02 -0.34829005E-24 -0.23373997E-38
  0.39200000E+02 -0.34653365E-24 -0.23258650E-38
  0.39300000E+02 -0.34479043E-24 -0.23144151E-38
  0.39400000E+02 -0.34306026E-24 -0.23030489E-38
  0.39500000E+02 -0.34134301E-24 -0.22917657E-38
  0.39600000E+02 -0.33963856E-24 -0.22805648E-38
  0.39700000E+02 -0.33794678E-24 -0.22694452E-38
  0.39800000E+02 -0.33626755E-24 -0.22584063E-38
  0.39900000E+02 -0.33460074E-24 -0.22474472E-38
  0.40000000E+02 -0.33294623E-24 -0.22365672E-38
