  0.00000000E+00  0.14130362E-20 -0.46483148E-37
  0.10000000E+00  0.14116846E-20 -0.46092855E-37
  0.20000000E+00  0.14076565E-20 -0.45523655E-37
  0.30000000E+00  0.14010307E-20 -0.44996075E-37
  0.40000000E+00  0.13919342E-20 -0.42757879E-37
  0.50000000E+00  0.13805353E-20 -0.41266263E-37
  0.60000000E+00  0.13670362E-20 -0.39403429E-37
  0.70000000E+00  0.13516632E-20 -0.36813382E-37
  0.80000000E+00  0.13346579E-20 -0.34141133E-37
  0.90000000E+00  0.13162674E-20 -0.31310533E-37
  0.10000000E+01  0.12967367E-20 -0.28795191E-37
  0.11000000E+01  0.12763015E-20 -0.26350401E-37
  0.12000000E+01  0.12551822E-20 -0.22574513E-37
  0.13000000E+01  0.12335806E-20 -0.20346220E-37
  0.14000000E+01  0.12116771E-20 -0.16093959E-37
  0.15000000E+01  0.11896293E-20 -0.14240317E-37
  0.16000000E+01  0.11675721E-20 -0.11680433E-37
  0.17000000E+01  0.11456185E-20 -0.84164765E-38
  0.18000000E+01  0.11238608E-20 -0.54405816E-38
  0.19000000E+01  0.11023727E-20 -0.29728007E-38
  0.20000000E+01  0.10812111E-20 -0.69196498E-39
  0.21000000E+01  0.10604184E-20  0.16211349E-38
  0.22000000E+01  0.10400249E-20  0.38001579E-38
  0.23000000E+01  0.10200502E-20  0.60137386E-38
  0.24000000E+01  0.10005058E-20  0.77241616E-38
  0.25000000E+01  0.98139630E-21  0.95034258E-38
  0.26000000E+01  0.96272097E-21  0.10819689E-37
  0.27000000E+01  0.94447510E-21  0.12561462E-37
  0.28000000E+01  0.92665103E-21  0.14225509E-37
  0.29000000E+01  0.90923898E-21  0.15175869E-37
  0.30000000E+01  0.89222780E-21  0.16136625E-37
  0.31000000E+01  0.87560555E-21  0.17334995E-37
  0.32000000E+01  0.85935988E-21  0.17926892E-37
  0.33000000E+01  0.84347845E-21  0.19345870E-37
  0.34000000E+01  0.82794912E-21  0.20059116E-37
  0.35000000E+01  0.81276011E-21  0.20993123E-37
  0.36000000E+01  0.79790017E-21  0.21333667E-37
  0.37000000E+01  0.78335864E-21  0.21542776E-37
  0.38000000E+01  0.76912545E-21  0.21785175E-37
  0.39000000E+01  0.75519116E-21  0.22480791E-37
  0.40000000E+01  0.74154693E-21  0.22215364E-37
  0.41000000E+01  0.72818452E-21  0.23062294E-37
  0.42000000E+01  0.71509625E-21  0.23046232E-37
  0.43000000E+01  0.70227493E-21  0.23157522E-37
  0.44000000E+01  0.68971386E-21  0.23130261E-37
  0.45000000E+01  0.67740676E-21  0.23238864E-37
  0.46000000E+01  0.66534772E-21  0.23143091E-37
  0.47000000E+01  0.65353121E-21  0.23616768E-37
  0.48000000E+01  0.64195195E-21  0.23146430E-37
  0.49000000E+01  0.63060497E-21  0.23052956E-37
  0.50000000E+01  0.61948551E-21  0.23267236E-37
  0.51000000E+01  0.60858902E-21  0.22838018E-37
  0.52000000E+01  0.59791112E-21  0.22937582E-37
  0.53000000E+01  0.58744760E-21  0.22669494E-37
  0.54000000E+01  0.57719436E-21  0.22719188E-37
  0.55000000E+01  0.56714742E-21  0.22379992E-37
  0.56000000E+01  0.55730292E-21  0.22319635E-37
  0.57000000E+01  0.54765707E-21  0.21965491E-37
  0.58000000E+01  0.53820616E-21  0.21652804E-37
  0.59000000E+01  0.52894653E-21  0.21784274E-37
  0.60000000E+01  0.51987461E-21  0.21526568E-37
  0.61000000E+01  0.51098685E-21  0.21290116E-37
  0.62000000E+01  0.50227979E-21  0.20783285E-37
  0.63000000E+01  0.49374998E-21  0.20737186E-37
  0.64000000E+01  0.48539402E-21  0.20577685E-37
  0.65000000E+01  0.47720857E-21  0.20188711E-37
  0.66000000E+01  0.46919030E-21  0.20101584E-37
  0.67000000E+01  0.46133594E-21  0.19754099E-37
  0.68000000E+01  0.45364225E-21  0.19297451E-37
  0.69000000E+01  0.44610603E-21  0.19444499E-37
  0.70000000E+01  0.43872412E-21  0.19087377E-37
  0.71000000E+01  0.43149338E-21  0.19109402E-37
  0.72000000E+01  0.42441075E-21  0.18647782E-37
  0.73000000E+01  0.41747317E-21  0.18264197E-37
  0.74000000E+01  0.41067763E-21  0.18260455E-37
  0.75000000E+01  0.40402118E-21  0.17840817E-37
  0.76000000E+01  0.39750089E-21  0.17738832E-37
  0.77000000E+01  0.39111388E-21  0.17365235E-37
  0.78000000E+01  0.38485732E-21  0.17039898E-37
  0.79000000E+01  0.37872842E-21  0.17104940E-37
  0.80000000E+01  0.37272442E-21  0.16790719E-37
  0.81000000E+01  0.36684263E-21  0.16517242E-37
  0.82000000E+01  0.36108040E-21  0.16255291E-37
  0.83000000E+01  0.35543510E-21  0.16072731E-37
  0.84000000E+01  0.34990418E-21  0.15818340E-37
  0.85000000E+01  0.34448512E-21  0.15577540E-37
  0.86000000E+01  0.33917545E-21  0.15700817E-37
  0.87000000E+01  0.33397274E-21  0.15180714E-37
  0.88000000E+01  0.32887461E-21  0.15192470E-37
  0.89000000E+01  0.32387874E-21  0.14579118E-37
  0.90000000E+01  0.31898283E-21  0.14530797E-37
  0.91000000E+01  0.31418466E-21  0.14417815E-37
  0.92000000E+01  0.30948202E-21  0.14194810E-37
  0.93000000E+01  0.30487277E-21  0.13978092E-37
  0.94000000E+01  0.30035480E-21  0.13861927E-37
  0.95000000E+01  0.29592607E-21  0.13803999E-37
  0.96000000E+01  0.29158455E-21  0.13566421E-37
  0.97000000E+01  0.28732827E-21  0.13355831E-37
  0.98000000E+01  0.28315532E-21  0.13059466E-37
  0.99000000E+01  0.27906381E-21  0.13074215E-37
  0.10000000E+02  0.27505189E-21  0.12851095E-37
  0.10100000E+02  0.27111777E-21  0.12607463E-37
  0.10200000E+02  0.26725969E-21  0.12420349E-37
  0.10300000E+02  0.26347593E-21  0.12423801E-37
  0.10400000E+02  0.25976481E-21  0.11901825E-37
  0.10500000E+02  0.25612470E-21  0.11966955E-37
  0.10600000E+02  0.25255398E-21  0.11955872E-37
  0.10700000E+02  0.24905110E-21  0.11703345E-37
  0.10800000E+02  0.24561454E-21  0.11439351E-37
  0.10900000E+02  0.24224279E-21  0.11391343E-37
  0.11000000E+02  0.23893440E-21  0.11090180E-37
  0.11100000E+02  0.23568795E-21  0.11205730E-37
  0.11200000E+02  0.23250206E-21  0.10982135E-37
  0.11300000E+02  0.22937537E-21  0.10820598E-37
  0.11400000E+02  0.22630656E-21  0.10509402E-37
  0.11500000E+02  0.22329434E-21  0.10467130E-37
  0.11600000E+02  0.22033745E-21  0.10427096E-37
  0.11700000E+02  0.21743467E-21  0.10289180E-37
  0.11800000E+02  0.21458479E-21  0.10087545E-37
  0.11900000E+02  0.21178664E-21  0.10089695E-37
  0.12000000E+02  0.20903909E-21  0.98617019E-38
  0.12100000E+02  0.20634103E-21  0.97604449E-38
  0.12200000E+02  0.20369135E-21  0.96227322E-38
  0.12300000E+02  0.20108902E-21  0.95000525E-38
  0.12400000E+02  0.19853298E-21  0.93533782E-38
  0.12500000E+02  0.19602224E-21  0.92644396E-38
  0.12600000E+02  0.19355581E-21  0.91108927E-38
  0.12700000E+02  0.19113273E-21  0.89645647E-38
  0.12800000E+02  0.18875206E-21  0.89588113E-38
  0.12900000E+02  0.18641289E-21  0.88596328E-38
  0.13000000E+02  0.18411433E-21  0.87160305E-38
  0.13100000E+02  0.18185550E-21  0.85055944E-38
  0.13200000E+02  0.17963556E-21  0.84600254E-38
  0.13300000E+02  0.17745367E-21  0.84753497E-38
  0.13400000E+02  0.17530904E-21  0.83906490E-38
  0.13500000E+02  0.17320087E-21  0.81727944E-38
  0.13600000E+02  0.17112839E-21  0.79959253E-38
  0.13700000E+02  0.16909085E-21  0.79449543E-38
  0.13800000E+02  0.16708752E-21  0.78297353E-38
  0.13900000E+02  0.16511768E-21  0.77728412E-38
  0.14000000E+02  0.16318063E-21  0.76743728E-38
  0.14100000E+02  0.16127570E-21  0.76002472E-38
  0.14200000E+02  0.15940221E-21  0.74904470E-38
  0.14300000E+02  0.15755952E-21  0.74683973E-38
  0.14400000E+02  0.15574700E-21  0.73904533E-38
  0.14500000E+02  0.15396402E-21  0.72885459E-38
  0.14600000E+02  0.15220999E-21  0.71872297E-38
  0.14700000E+02  0.15048430E-21  0.70487883E-38
  0.14800000E+02  0.14878640E-21  0.71091137E-38
  0.14900000E+02  0.14711570E-21  0.69007540E-38
  0.15000000E+02  0.14547168E-21  0.68914353E-38
  0.15100000E+02  0.14385378E-21  0.67757129E-38
  0.15200000E+02  0.14226149E-21  0.66921513E-38
  0.15300000E+02  0.14069430E-21  0.67533386E-38
  0.15400000E+02  0.13915170E-21  0.65509056E-38
  0.15500000E+02  0.13763321E-21  0.65292342E-38
  0.15600000E+02  0.13613836E-21  0.64713018E-38
  0.15700000E+02  0.13466667E-21  0.64262300E-38
  0.15800000E+02  0.13321770E-21  0.63353710E-38
  0.15900000E+02  0.13179100E-21  0.62280517E-38
  0.16000000E+02  0.13038613E-21  0.62299326E-38
  0.16100000E+02  0.12900268E-21  0.60448482E-38
  0.16200000E+02  0.12764023E-21  0.60030947E-38
  0.16300000E+02  0.12629837E-21  0.59505097E-38
  0.16400000E+02  0.12497671E-21  0.58406600E-38
  0.16500000E+02  0.12367486E-21  0.58314640E-38
  0.16600000E+02  0.12239244E-21  0.57561703E-38
  0.16700000E+02  0.12112910E-21  0.57492804E-38
  0.16800000E+02  0.11988445E-21  0.56077915E-38
  0.16900000E+02  0.11865816E-21  0.55839335E-38
  0.17000000E+02  0.11744988E-21  0.55524151E-38
  0.17100000E+02  0.11625927E-21  0.54831319E-38
  0.17200000E+02  0.11508600E-21  0.54699083E-38
  0.17300000E+02  0.11392975E-21  0.53887088E-38
  0.17400000E+02  0.11279020E-21  0.53228114E-38
  0.17500000E+02  0.11166705E-21  0.53491706E-38
  0.17600000E+02  0.11055999E-21  0.52139639E-38
  0.17700000E+02  0.10946873E-21  0.52400298E-38
  0.17800000E+02  0.10839299E-21  0.51319507E-38
  0.17900000E+02  0.10733247E-21  0.51062851E-38
  0.18000000E+02  0.10628690E-21  0.50314852E-38
  0.18100000E+02  0.10525602E-21  0.49719329E-38
  0.18200000E+02  0.10423956E-21  0.49454096E-38
  0.18300000E+02  0.10323725E-21  0.48801428E-38
  0.18400000E+02  0.10224886E-21  0.48862807E-38
  0.18500000E+02  0.10127412E-21  0.47524652E-38
  0.18600000E+02  0.10031280E-21  0.47749985E-38
  0.18700000E+02  0.99364667E-22  0.46700444E-38
  0.18800000E+02  0.98429479E-22  0.46546965E-38
  0.18900000E+02  0.97507012E-22  0.45995682E-38
  0.19000000E+02  0.96597045E-22  0.45709632E-38
  0.19100000E+02  0.95699359E-22  0.45313910E-38
  0.19200000E+02  0.94813742E-22  0.44289167E-38
  0.19300000E+02  0.93939984E-22  0.44387025E-38
  0.19400000E+02  0.93077882E-22  0.44332699E-38
  0.19500000E+02  0.92227235E-22  0.43699795E-38
  0.19600000E+02  0.91387848E-22  0.43085830E-38
  0.19700000E+02  0.90559528E-22  0.43006232E-38
  0.19800000E+02  0.89742087E-22  0.41884950E-38
  0.19900000E+02  0.88935342E-22  0.41457935E-38
  0.20000000E+02  0.88139111E-22  0.42033766E-38
  0.20100000E+02  0.87353219E-22  0.41080142E-38
  0.20200000E+02  0.86577492E-22  0.40434117E-38
  0.20300000E+02  0.85811760E-22  0.40283897E-38
  0.20400000E+02  0.85055858E-22  0.40393609E-38
  0.20500000E+02  0.84309622E-22  0.39595628E-38
  0.20600000E+02  0.83572892E-22  0.39555922E-38
  0.20700000E+02  0.82845513E-22  0.39132789E-38
  0.20800000E+02  0.82127331E-22  0.39072257E-38
  0.20900000E+02  0.81418196E-22  0.38695614E-38
  0.21000000E+02  0.80717960E-22  0.37965563E-38
  0.21100000E+02  0.80026480E-22  0.37686792E-38
  0.21200000E+02  0.79343613E-22  0.37524138E-38
  0.21300000E+02  0.78669220E-22  0.37305968E-38
  0.21400000E+02  0.78003166E-22  0.36798444E-38
  0.21500000E+02  0.77345318E-22  0.36333279E-38
  0.21600000E+02  0.76695543E-22  0.36033808E-38
  0.21700000E+02  0.76053715E-22  0.36109260E-38
  0.21800000E+02  0.75419707E-22  0.35795950E-38
  0.21900000E+02  0.74793396E-22  0.34916766E-38
  0.22000000E+02  0.74174660E-22  0.34630765E-38
  0.22100000E+02  0.73563382E-22  0.34587511E-38
  0.22200000E+02  0.72959444E-22  0.34568504E-38
  0.22300000E+02  0.72362732E-22  0.33997332E-38
  0.22400000E+02  0.71773134E-22  0.33819652E-38
  0.22500000E+02  0.71190540E-22  0.33495148E-38
  0.22600000E+02  0.70614843E-22  0.33209463E-38
  0.22700000E+02  0.70045935E-22  0.33393698E-38
  0.22800000E+02  0.69483714E-22  0.32496834E-38
  0.22900000E+02  0.68928078E-22  0.32673260E-38
  0.23000000E+02  0.68378925E-22  0.32209841E-38
  0.23100000E+02  0.67836159E-22  0.31823878E-38
  0.23200000E+02  0.67299682E-22  0.31694854E-38
  0.23300000E+02  0.66769399E-22  0.31316799E-38
  0.23400000E+02  0.66245219E-22  0.31089618E-38
  0.23500000E+02  0.65727049E-22  0.30950263E-38
  0.23600000E+02  0.65214801E-22  0.30464221E-38
  0.23700000E+02  0.64708385E-22  0.30375889E-38
  0.23800000E+02  0.64207716E-22  0.30152598E-38
  0.23900000E+02  0.63712709E-22  0.30089243E-38
  0.24000000E+02  0.63223281E-22  0.29564671E-38
  0.24100000E+02  0.62739350E-22  0.29520372E-38
  0.24200000E+02  0.62260835E-22  0.29528054E-38
  0.24300000E+02  0.61787658E-22  0.29084529E-38
  0.24400000E+02  0.61319742E-22  0.28973137E-38
  0.24500000E+02  0.60857009E-22  0.28632609E-38
  0.24600000E+02  0.60399385E-22  0.28348821E-38
  0.24700000E+02  0.59946798E-22  0.28319535E-38
  0.24800000E+02  0.59499174E-22  0.28102577E-38
  0.24900000E+02  0.59056443E-22  0.27662136E-38
  0.25000000E+02  0.58618535E-22  0.27603347E-38
  0.25100000E+02  0.58185382E-22  0.27421833E-38
  0.25200000E+02  0.57756916E-22  0.27329885E-38
  0.25300000E+02  0.57333072E-22  0.26865856E-38
  0.25400000E+02  0.56913783E-22  0.26822023E-38
  0.25500000E+02  0.56498988E-22  0.26650725E-38
  0.25600000E+02  0.56088622E-22  0.26250917E-38
  0.25700000E+02  0.55682624E-22  0.26081818E-38
  0.25800000E+02  0.55280933E-22  0.26089934E-38
  0.25900000E+02  0.54883490E-22  0.25542513E-38
  0.26000000E+02  0.54490237E-22  0.25692397E-38
  0.26100000E+02  0.54101115E-22  0.25521966E-38
  0.26200000E+02  0.53716068E-22  0.25332013E-38
  0.26300000E+02  0.53335041E-22  0.25317257E-38
  0.26400000E+02  0.52957977E-22  0.24844858E-38
  0.26500000E+02  0.52584825E-22  0.24659130E-38
  0.26600000E+02  0.52215530E-22  0.24729921E-38
  0.26700000E+02  0.51850041E-22  0.24291631E-38
  0.26800000E+02  0.51488307E-22  0.24055909E-38
  0.26900000E+02  0.51130276E-22  0.23803939E-38
  0.27000000E+02  0.50775900E-22  0.24040980E-38
  0.27100000E+02  0.50425130E-22  0.23250032E-38
  0.27200000E+02  0.50077918E-22  0.23583515E-38
  0.27300000E+02  0.49734217E-22  0.23339100E-38
  0.27400000E+02  0.49393980E-22  0.23118415E-38
  0.27500000E+02  0.49057161E-22  0.23066452E-38
  0.27600000E+02  0.48723717E-22  0.22773889E-38
  0.27700000E+02  0.48393602E-22  0.22352815E-38
  0.27800000E+02  0.48066773E-22  0.22806918E-38
  0.27900000E+02  0.47743188E-22  0.22479520E-38
  0.28000000E+02  0.47422804E-22  0.22503439E-38
  0.28100000E+02  0.47105580E-22  0.22160094E-38
  0.28200000E+02  0.46791475E-22  0.21887482E-38
  0.28300000E+02  0.46480449E-22  0.21740382E-38
  0.28400000E+02  0.46172463E-22  0.21492491E-38
  0.28500000E+02  0.45867477E-22  0.21615329E-38
  0.28600000E+02  0.45565454E-22  0.21564431E-38
  0.28700000E+02  0.45266356E-22  0.20984827E-38
  0.28800000E+02  0.44970145E-22  0.20957188E-38
  0.28900000E+02  0.44676786E-22  0.20958616E-38
  0.29000000E+02  0.44386242E-22  0.20786490E-38
  0.29100000E+02  0.44098478E-22  0.20690451E-38
  0.29200000E+02  0.43813459E-22  0.20646185E-38
  0.29300000E+02  0.43531151E-22  0.20511070E-38
  0.29400000E+02  0.43251520E-22  0.20406672E-38
  0.29500000E+02  0.42974533E-22  0.20154426E-38
  0.29600000E+02  0.42700157E-22  0.19936411E-38
  0.29700000E+02  0.42428360E-22  0.20022254E-38
  0.29800000E+02  0.42159110E-22  0.19532541E-38
  0.29900000E+02  0.41892375E-22  0.19532493E-38
  0.30000000E+02  0.41628126E-22  0.19485411E-38
  0.30100000E+02  0.41366332E-22  0.19469898E-38
  0.30200000E+02  0.41106962E-22  0.19363855E-38
  0.30300000E+02  0.40849988E-22  0.19090127E-38
  0.30400000E+02  0.40595380E-22  0.19126849E-38
  0.30500000E+02  0.40343110E-22  0.18704063E-38
  0.30600000E+02  0.40093150E-22  0.18902574E-38
  0.30700000E+02  0.39845472E-22  0.18838429E-38
  0.30800000E+02  0.39600049E-22  0.18739477E-38
  0.30900000E+02  0.39356853E-22  0.18341429E-38
  0.31000000E+02  0.39115858E-22  0.18289279E-38
  0.31100000E+02  0.38877039E-22  0.18128985E-38
  0.31200000E+02  0.38640369E-22  0.18141675E-38
  0.31300000E+02  0.38405823E-22  0.17947136E-38
  0.31400000E+02  0.38173376E-22  0.17947426E-38
  0.31500000E+02  0.37943003E-22  0.17812750E-38
  0.31600000E+02  0.37714681E-22  0.17845161E-38
  0.31700000E+02  0.37488385E-22  0.17484597E-38
  0.31800000E+02  0.37264091E-22  0.17635809E-38
  0.31900000E+02  0.37041776E-22  0.17216650E-38
  0.32000000E+02  0.36821418E-22  0.17023915E-38
  0.32100000E+02  0.36602994E-22  0.17275581E-38
  0.32200000E+02  0.36386481E-22  0.16940989E-38
  0.32300000E+02  0.36171858E-22  0.17055894E-38
  0.32400000E+02  0.35959103E-22  0.16891883E-38
  0.32500000E+02  0.35748194E-22  0.16570343E-38
  0.32600000E+02  0.35539111E-22  0.16570239E-38
  0.32700000E+02  0.35331832E-22  0.16579534E-38
  0.32800000E+02  0.35126338E-22  0.16288196E-38
  0.32900000E+02  0.34922608E-22  0.16424162E-38
  0.33000000E+02  0.34720623E-22  0.16232240E-38
  0.33100000E+02  0.34520362E-22  0.16010160E-38
  0.33200000E+02  0.34321806E-22  0.16438952E-38
  0.33300000E+02  0.34124937E-22  0.16101672E-38
  0.33400000E+02  0.33929735E-22  0.15742187E-38
  0.33500000E+02  0.33736182E-22  0.15675551E-38
  0.33600000E+02  0.33544259E-22  0.15669202E-38
  0.33700000E+02  0.33353950E-22  0.15473453E-38
  0.33800000E+02  0.33165234E-22  0.15483239E-38
  0.33900000E+02  0.32978096E-22  0.15467270E-38
  0.34000000E+02  0.32792518E-22  0.15347851E-38
  0.34100000E+02  0.32608483E-22  0.15213779E-38
  0.34200000E+02  0.32425974E-22  0.15166475E-38
  0.34300000E+02  0.32244974E-22  0.15252430E-38
  0.34400000E+02  0.32065466E-22  0.14868606E-38
  0.34500000E+02  0.31887436E-22  0.14868830E-38
  0.34600000E+02  0.31710866E-22  0.14942377E-38
  0.34700000E+02  0.31535741E-22  0.14540134E-38
  0.34800000E+02  0.31362046E-22  0.14752689E-38
  0.34900000E+02  0.31189765E-22  0.14427395E-38
  0.35000000E+02  0.31018882E-22  0.14571320E-38
  0.35100000E+02  0.30849384E-22  0.14541963E-38
  0.35200000E+02  0.30681255E-22  0.14453658E-38
  0.35300000E+02  0.30514481E-22  0.14209581E-38
  0.35400000E+02  0.30349047E-22  0.14125223E-38
  0.35500000E+02  0.30184939E-22  0.14130210E-38
  0.35600000E+02  0.30022144E-22  0.14113506E-38
  0.35700000E+02  0.29860647E-22  0.14044273E-38
  0.35800000E+02  0.29700434E-22  0.13906228E-38
  0.35900000E+02  0.29541493E-22  0.13725141E-38
  0.36000000E+02  0.29383811E-22  0.13766259E-38
  0.36100000E+02  0.29227373E-22  0.13623517E-38
  0.36200000E+02  0.29072167E-22  0.13587830E-38
  0.36300000E+02  0.28918180E-22  0.13640926E-38
  0.36400000E+02  0.28765400E-22  0.13357165E-38
  0.36500000E+02  0.28613815E-22  0.13391390E-38
  0.36600000E+02  0.28463411E-22  0.13329632E-38
  0.36700000E+02  0.28314177E-22  0.13285036E-38
  0.36800000E+02  0.28166101E-22  0.13096220E-38
  0.36900000E+02  0.28019171E-22  0.13017329E-38
  0.37000000E+02  0.27873375E-22  0.12981691E-38
  0.37100000E+02  0.27728702E-22  0.13013063E-38
  0.37200000E+02  0.27585141E-22  0.12805270E-38
  0.37300000E+02  0.27442680E-22  0.12675624E-38
  0.37400000E+02  0.27301307E-22  0.12832966E-38
  0.37500000E+02  0.27161013E-22  0.12657285E-38
  0.37600000E+02  0.27021786E-22  0.12652378E-38
  0.37700000E+02  0.26883616E-22  0.12558322E-38
  0.37800000E+02  0.26746492E-22  0.12682885E-38
  0.37900000E+02  0.26610404E-22  0.12544968E-38
  0.38000000E+02  0.26475340E-22  0.12499810E-38
  0.38100000E+02  0.26341292E-22  0.12244132E-38
  0.38200000E+02  0.26208249E-22  0.12287599E-38
  0.38300000E+02  0.26076201E-22  0.12197551E-38
  0.38400000E+02  0.25945139E-22  0.12076800E-38
  0.38500000E+02  0.25815052E-22  0.12023042E-38
  0.38600000E+02  0.25685932E-22  0.11990529E-38
  0.38700000E+02  0.25557768E-22  0.11848599E-38
  0.38800000E+02  0.25430551E-22  0.11732624E-38
  0.38900000E+02  0.25304272E-22  0.11788010E-38
  0.39000000E+02  0.25178923E-22  0.11838986E-38
  0.39100000E+02  0.25054493E-22  0.11648563E-38
  0.39200000E+02  0.24930974E-22  0.11662745E-38
  0.39300000E+02  0.24808358E-22  0.11613553E-38
  0.39400000E+02  0.24686635E-22  0.11515531E-38
  0.39500000E+02  0.24565798E-22  0.11478796E-38
  0.39600000E+02  0.24445836E-22  0.11462436E-38
  0.39700000E+02  0.24326743E-22  0.11297105E-38
  0.39800000E+02  0.24208510E-22  0.11239254E-38
  0.39900000E+02  0.24091129E-22  0.11288918E-38
  0.40000000E+02  0.23974591E-22  0.11192902E-38
