  0.00000000E+00 -0.11591373E-22 -0.29753277E-37
  0.10000000E+00 -0.11584988E-22 -0.27860960E-37
  0.20000000E+00 -0.11565895E-22 -0.29046545E-37
  0.30000000E+00 -0.11534270E-22 -0.28331387E-37
  0.40000000E+00 -0.11490401E-22 -0.24433141E-37
  0.50000000E+00 -0.11434684E-22 -0.22289842E-37
  0.60000000E+00 -0.11367610E-22 -0.19669222E-37
  0.70000000E+00 -0.11289752E-22 -0.16644507E-37
  0.80000000E+00 -0.11201754E-22 -0.13358116E-37
  0.90000000E+00 -0.11104316E-22 -0.80813549E-38
  0.10000000E+01 -0.10998178E-22 -0.56183501E-38
  0.11000000E+01 -0.10884108E-22 -0.40070088E-39
  0.12000000E+01 -0.10762883E-22  0.42121704E-38
  0.13000000E+01 -0.10635282E-22  0.86230476E-38
  0.14000000E+01 -0.10502072E-22  0.13409530E-37
  0.15000000E+01 -0.10363997E-22  0.18223038E-37
  0.16000000E+01 -0.10221773E-22  0.21950438E-37
  0.17000000E+01 -0.10076079E-22  0.27447978E-37
  0.18000000E+01 -0.99275570E-23  0.30638237E-37
  0.19000000E+01 -0.97768032E-23  0.35111496E-37
  0.20000000E+01 -0.96243703E-23  0.39060339E-37
  0.21000000E+01 -0.94707660E-23  0.41238990E-37
  0.22000000E+01 -0.93164529E-23  0.44924027E-37
  0.23000000E+01 -0.91618501E-23  0.47046413E-37
  0.24000000E+01 -0.90073348E-23  0.49914093E-37
  0.25000000E+01 -0.88532441E-23  0.52163050E-37
  0.26000000E+01 -0.86998777E-23  0.54031888E-37
  0.27000000E+01 -0.85475005E-23  0.55962830E-37
  0.28000000E+01 -0.83963447E-23  0.57957804E-37
  0.29000000E+01 -0.82466131E-23  0.59064138E-37
  0.30000000E+01 -0.80984809E-23  0.60185641E-37
  0.31000000E+01 -0.79520988E-23  0.60639771E-37
  0.32000000E+01 -0.78075952E-23  0.61235053E-37
  0.33000000E+01 -0.76650783E-23  0.61611177E-37
  0.34000000E+01 -0.75246379E-23  0.62212377E-37
  0.35000000E+01 -0.73863480E-23  0.62731252E-37
  0.36000000E+01 -0.72502679E-23  0.62323624E-37
  0.37000000E+01 -0.71164441E-23  0.61892485E-37
  0.38000000E+01 -0.69849117E-23  0.62524662E-37
  0.39000000E+01 -0.68556957E-23  0.62636023E-37
  0.40000000E+01 -0.67288123E-23  0.62198181E-37
  0.41000000E+01 -0.66042696E-23  0.61399079E-37
  0.42000000E+01 -0.64820692E-23  0.61290854E-37
  0.43000000E+01 -0.63622063E-23  0.60929634E-37
  0.44000000E+01 -0.62446712E-23  0.59938881E-37
  0.45000000E+01 -0.61294494E-23  0.59885982E-37
  0.46000000E+01 -0.60165225E-23  0.59290069E-37
  0.47000000E+01 -0.59058688E-23  0.58686063E-37
  0.48000000E+01 -0.57974635E-23  0.57896294E-37
  0.49000000E+01 -0.56912795E-23  0.57049236E-37
  0.50000000E+01 -0.55872873E-23  0.56037677E-37
  0.51000000E+01 -0.54854558E-23  0.55841079E-37
  0.52000000E+01 -0.53857526E-23  0.54771229E-37
  0.53000000E+01 -0.52881436E-23  0.54347645E-37
  0.54000000E+01 -0.51925942E-23  0.53594329E-37
  0.55000000E+01 -0.50990688E-23  0.53009259E-37
  0.56000000E+01 -0.50075310E-23  0.51736409E-37
  0.57000000E+01 -0.49179445E-23  0.50757461E-37
  0.58000000E+01 -0.48302722E-23  0.50565999E-37
  0.59000000E+01 -0.47444770E-23  0.49907825E-37
  0.60000000E+01 -0.46605219E-23  0.49115932E-37
  0.61000000E+01 -0.45783698E-23  0.48294759E-37
  0.62000000E+01 -0.44979837E-23  0.47602892E-37
  0.63000000E+01 -0.44193268E-23  0.47001190E-37
  0.64000000E+01 -0.43423627E-23  0.46289990E-37
  0.65000000E+01 -0.42670553E-23  0.45553859E-37
  0.66000000E+01 -0.41933686E-23  0.44739727E-37
  0.67000000E+01 -0.41212674E-23  0.43956262E-37
  0.68000000E+01 -0.40507168E-23  0.43172646E-37
  0.69000000E+01 -0.39816822E-23  0.42499938E-37
  0.70000000E+01 -0.39141298E-23  0.41753860E-37
  0.71000000E+01 -0.38480262E-23  0.41149130E-37
  0.72000000E+01 -0.37833385E-23  0.40550567E-37
  0.73000000E+01 -0.37200345E-23  0.40133902E-37
  0.74000000E+01 -0.36580824E-23  0.39053256E-37
  0.75000000E+01 -0.35974511E-23  0.38662234E-37
  0.76000000E+01 -0.35381101E-23  0.38186339E-37
  0.77000000E+01 -0.34800294E-23  0.37413457E-37
  0.78000000E+01 -0.34231797E-23  0.36902701E-37
  0.79000000E+01 -0.33675324E-23  0.36212250E-37
  0.80000000E+01 -0.33130591E-23  0.35863661E-37
  0.81000000E+01 -0.32597325E-23  0.35013829E-37
  0.82000000E+01 -0.32075255E-23  0.34568928E-37
  0.83000000E+01 -0.31564118E-23  0.34035208E-37
  0.84000000E+01 -0.31063657E-23  0.33479791E-37
  0.85000000E+01 -0.30573619E-23  0.32974675E-37
  0.86000000E+01 -0.30093758E-23  0.32421098E-37
  0.87000000E+01 -0.29623834E-23  0.31960824E-37
  0.88000000E+01 -0.29163611E-23  0.31405358E-37
  0.89000000E+01 -0.28712861E-23  0.30921170E-37
  0.90000000E+01 -0.28271360E-23  0.30378878E-37
  0.91000000E+01 -0.27838887E-23  0.29983957E-37
  0.92000000E+01 -0.27415231E-23  0.29495985E-37
  0.93000000E+01 -0.27000183E-23  0.29074506E-37
  0.94000000E+01 -0.26593538E-23  0.28663894E-37
  0.95000000E+01 -0.26195100E-23  0.28258825E-37
  0.96000000E+01 -0.25804675E-23  0.27799710E-37
  0.97000000E+01 -0.25422073E-23  0.27293700E-37
  0.98000000E+01 -0.25047111E-23  0.26885331E-37
  0.99000000E+01 -0.24679609E-23  0.26657888E-37
  0.10000000E+02 -0.24319392E-23  0.26097605E-37
  0.10100000E+02 -0.23966289E-23  0.25814659E-37
  0.10200000E+02 -0.23620134E-23  0.25318881E-37
  0.10300000E+02 -0.23280764E-23  0.25071417E-37
  0.10400000E+02 -0.22948022E-23  0.24614709E-37
  0.10500000E+02 -0.22621752E-23  0.24381468E-37
  0.10600000E+02 -0.22301806E-23  0.23954473E-37
  0.10700000E+02 -0.21988035E-23  0.23617898E-37
  0.10800000E+02 -0.21680297E-23  0.23280510E-37
  0.10900000E+02 -0.21378453E-23  0.23044647E-37
  0.11000000E+02 -0.21082367E-23  0.22609961E-37
  0.11100000E+02 -0.20791907E-23  0.22349654E-37
  0.11200000E+02 -0.20506943E-23  0.22149870E-37
  0.11300000E+02 -0.20227351E-23  0.21658837E-37
  0.11400000E+02 -0.19953007E-23  0.21389648E-37
  0.11500000E+02 -0.19683792E-23  0.21000388E-37
  0.11600000E+02 -0.19419589E-23  0.20942867E-37
  0.11700000E+02 -0.19160285E-23  0.20490307E-37
  0.11800000E+02 -0.18905770E-23  0.20266071E-37
  0.11900000E+02 -0.18655936E-23  0.19858345E-37
  0.12000000E+02 -0.18410677E-23  0.19651333E-37
  0.12100000E+02 -0.18169891E-23  0.19444194E-37
  0.12200000E+02 -0.17933478E-23  0.19247169E-37
  0.12300000E+02 -0.17701341E-23  0.19029443E-37
  0.12400000E+02 -0.17473386E-23  0.18654384E-37
  0.12500000E+02 -0.17249518E-23  0.18384176E-37
  0.12600000E+02 -0.17029649E-23  0.18203344E-37
  0.12700000E+02 -0.16813691E-23  0.17925551E-37
  0.12800000E+02 -0.16601557E-23  0.17768018E-37
  0.12900000E+02 -0.16393164E-23  0.17508571E-37
  0.13000000E+02 -0.16188430E-23  0.17266641E-37
  0.13100000E+02 -0.15987277E-23  0.17101002E-37
  0.13200000E+02 -0.15789626E-23  0.16935893E-37
  0.13300000E+02 -0.15595402E-23  0.16599811E-37
  0.13400000E+02 -0.15404532E-23  0.16358736E-37
  0.13500000E+02 -0.15216942E-23  0.16266093E-37
  0.13600000E+02 -0.15032565E-23  0.16055140E-37
  0.13700000E+02 -0.14851330E-23  0.15811731E-37
  0.13800000E+02 -0.14673171E-23  0.15587426E-37
  0.13900000E+02 -0.14498023E-23  0.15403858E-37
  0.14000000E+02 -0.14325823E-23  0.15239603E-37
  0.14100000E+02 -0.14156509E-23  0.15122292E-37
  0.14200000E+02 -0.13990020E-23  0.14827735E-37
  0.14300000E+02 -0.13826297E-23  0.14657545E-37
  0.14400000E+02 -0.13665284E-23  0.14456819E-37
  0.14500000E+02 -0.13506923E-23  0.14390343E-37
  0.14600000E+02 -0.13351160E-23  0.14174900E-37
  0.14700000E+02 -0.13197941E-23  0.14003904E-37
  0.14800000E+02 -0.13047215E-23  0.13785189E-37
  0.14900000E+02 -0.12898931E-23  0.13673764E-37
  0.15000000E+02 -0.12753038E-23  0.13533541E-37
  0.15100000E+02 -0.12609488E-23  0.13394633E-37
  0.15200000E+02 -0.12468234E-23  0.13244951E-37
  0.15300000E+02 -0.12329229E-23  0.13046882E-37
  0.15400000E+02 -0.12192429E-23  0.12993427E-37
  0.15500000E+02 -0.12057789E-23  0.12844153E-37
  0.15600000E+02 -0.11925267E-23  0.12674333E-37
  0.15700000E+02 -0.11794820E-23  0.12525453E-37
  0.15800000E+02 -0.11666407E-23  0.12360242E-37
  0.15900000E+02 -0.11539988E-23  0.12226677E-37
  0.16000000E+02 -0.11415524E-23  0.12094889E-37
  0.16100000E+02 -0.11292976E-23  0.11968224E-37
  0.16200000E+02 -0.11172308E-23  0.11836263E-37
  0.16300000E+02 -0.11053482E-23  0.11720024E-37
  0.16400000E+02 -0.10936464E-23  0.11569588E-37
  0.16500000E+02 -0.10821218E-23  0.11424198E-37
  0.16600000E+02 -0.10707709E-23  0.11308037E-37
  0.16700000E+02 -0.10595906E-23  0.11163615E-37
  0.16800000E+02 -0.10485775E-23  0.11061535E-37
  0.16900000E+02 -0.10377284E-23  0.10892473E-37
  0.17000000E+02 -0.10270403E-23  0.10869725E-37
  0.17100000E+02 -0.10165101E-23  0.10691482E-37
  0.17200000E+02 -0.10061348E-23  0.10585853E-37
  0.17300000E+02 -0.99591155E-24  0.10575961E-37
  0.17400000E+02 -0.98583748E-24  0.10392715E-37
  0.17500000E+02 -0.97590982E-24  0.10325133E-37
  0.17600000E+02 -0.96612587E-24  0.10145247E-37
  0.17700000E+02 -0.95648296E-24  0.10054354E-37
  0.17800000E+02 -0.94697850E-24  0.10018650E-37
  0.17900000E+02 -0.93760994E-24  0.99188644E-38
  0.18000000E+02 -0.92837482E-24  0.97840540E-38
  0.18100000E+02 -0.91927069E-24  0.96162678E-38
  0.18200000E+02 -0.91029519E-24  0.95586439E-38
  0.18300000E+02 -0.90144598E-24  0.94699127E-38
  0.18400000E+02 -0.89272079E-24  0.93877456E-38
  0.18500000E+02 -0.88411741E-24  0.93263957E-38
  0.18600000E+02 -0.87563364E-24  0.91816835E-38
  0.18700000E+02 -0.86726736E-24  0.91251716E-38
  0.18800000E+02 -0.85901648E-24  0.90744229E-38
  0.18900000E+02 -0.85087896E-24  0.89487388E-38
  0.19000000E+02 -0.84285280E-24  0.89052538E-38
  0.19100000E+02 -0.83493606E-24  0.87541664E-38
  0.19200000E+02 -0.82712680E-24  0.86826055E-38
  0.19300000E+02 -0.81942317E-24  0.85557406E-38
  0.19400000E+02 -0.81182332E-24  0.84973997E-38
  0.19500000E+02 -0.80432546E-24  0.84240151E-38
  0.19600000E+02 -0.79692782E-24  0.83211749E-38
  0.19700000E+02 -0.78962869E-24  0.82520455E-38
  0.19800000E+02 -0.78242638E-24  0.82167282E-38
  0.19900000E+02 -0.77531924E-24  0.81479806E-38
  0.20000000E+02 -0.76830564E-24  0.80643546E-38
  0.20100000E+02 -0.76138400E-24  0.80047400E-38
  0.20200000E+02 -0.75455277E-24  0.78867639E-38
  0.20300000E+02 -0.74781044E-24  0.78549938E-38
  0.20400000E+02 -0.74115549E-24  0.77901669E-38
  0.20500000E+02 -0.73458649E-24  0.76566596E-38
  0.20600000E+02 -0.72810199E-24  0.76354995E-38
  0.20700000E+02 -0.72170060E-24  0.75415514E-38
  0.20800000E+02 -0.71538093E-24  0.74960401E-38
  0.20900000E+02 -0.70914165E-24  0.74205906E-38
  0.21000000E+02 -0.70298143E-24  0.73411401E-38
  0.21100000E+02 -0.69689899E-24  0.72910415E-38
  0.21200000E+02 -0.69089304E-24  0.72416896E-38
  0.21300000E+02 -0.68496235E-24  0.71553367E-38
  0.21400000E+02 -0.67910571E-24  0.71151283E-38
  0.21500000E+02 -0.67332191E-24  0.70615239E-38
  0.21600000E+02 -0.66760978E-24  0.69688578E-38
  0.21700000E+02 -0.66196818E-24  0.69246037E-38
  0.21800000E+02 -0.65639598E-24  0.68543492E-38
  0.21900000E+02 -0.65089208E-24  0.68328887E-38
  0.22000000E+02 -0.64545538E-24  0.67312062E-38
  0.22100000E+02 -0.64008484E-24  0.66696108E-38
  0.22200000E+02 -0.63477940E-24  0.65784420E-38
  0.22300000E+02 -0.62953804E-24  0.65848259E-38
  0.22400000E+02 -0.62435977E-24  0.65560808E-38
  0.22500000E+02 -0.61924360E-24  0.64646188E-38
  0.22600000E+02 -0.61418856E-24  0.64032181E-38
  0.22700000E+02 -0.60919371E-24  0.63611001E-38
  0.22800000E+02 -0.60425812E-24  0.63182139E-38
  0.22900000E+02 -0.59938087E-24  0.62706969E-38
  0.23000000E+02 -0.59456107E-24  0.62236983E-38
  0.23100000E+02 -0.58979785E-24  0.61482327E-38
  0.23200000E+02 -0.58509034E-24  0.60919611E-38
  0.23300000E+02 -0.58043770E-24  0.60311632E-38
  0.23400000E+02 -0.57583909E-24  0.59889968E-38
  0.23500000E+02 -0.57129370E-24  0.59528985E-38
  0.23600000E+02 -0.56680074E-24  0.59011074E-38
  0.23700000E+02 -0.56235941E-24  0.58583432E-38
  0.23800000E+02 -0.55796895E-24  0.57909545E-38
  0.23900000E+02 -0.55362860E-24  0.57762558E-38
  0.24000000E+02 -0.54933761E-24  0.57132123E-38
  0.24100000E+02 -0.54509525E-24  0.56923437E-38
  0.24200000E+02 -0.54090082E-24  0.56528528E-38
  0.24300000E+02 -0.53675360E-24  0.56063397E-38
  0.24400000E+02 -0.53265291E-24  0.55541962E-38
  0.24500000E+02 -0.52859806E-24  0.54943220E-38
  0.24600000E+02 -0.52458839E-24  0.54610448E-38
  0.24700000E+02 -0.52062324E-24  0.53947502E-38
  0.24800000E+02 -0.51670197E-24  0.53980667E-38
  0.24900000E+02 -0.51282395E-24  0.53270062E-38
  0.25000000E+02 -0.50898856E-24  0.52971727E-38
  0.25100000E+02 -0.50519519E-24  0.52673577E-38
  0.25200000E+02 -0.50144323E-24  0.52125205E-38
  0.25300000E+02 -0.49773210E-24  0.51653810E-38
  0.25400000E+02 -0.49406122E-24  0.51310959E-38
  0.25500000E+02 -0.49043002E-24  0.51071701E-38
  0.25600000E+02 -0.48683795E-24  0.50506931E-38
  0.25700000E+02 -0.48328444E-24  0.50358502E-38
  0.25800000E+02 -0.47976897E-24  0.50300805E-38
  0.25900000E+02 -0.47629101E-24  0.49616579E-38
  0.26000000E+02 -0.47285002E-24  0.49315266E-38
  0.26100000E+02 -0.46944550E-24  0.49017231E-38
  0.26200000E+02 -0.46607694E-24  0.48621752E-38
  0.26300000E+02 -0.46274386E-24  0.48073809E-38
  0.26400000E+02 -0.45944575E-24  0.48104243E-38
  0.26500000E+02 -0.45618215E-24  0.47412082E-38
  0.26600000E+02 -0.45295258E-24  0.46994305E-38
  0.26700000E+02 -0.44975657E-24  0.46901004E-38
  0.26800000E+02 -0.44659368E-24  0.46392956E-38
  0.26900000E+02 -0.44346345E-24  0.45999948E-38
  0.27000000E+02 -0.44036545E-24  0.45778244E-38
  0.27100000E+02 -0.43729923E-24  0.45477776E-38
  0.27200000E+02 -0.43426439E-24  0.45112962E-38
  0.27300000E+02 -0.43126049E-24  0.44607031E-38
  0.27400000E+02 -0.42828712E-24  0.44484476E-38
  0.27500000E+02 -0.42534388E-24  0.44184802E-38
  0.27600000E+02 -0.42243037E-24  0.43698977E-38
  0.27700000E+02 -0.41954619E-24  0.43521017E-38
  0.27800000E+02 -0.41669097E-24  0.43354535E-38
  0.27900000E+02 -0.41386432E-24  0.42914278E-38
  0.28000000E+02 -0.41106586E-24  0.42742161E-38
  0.28100000E+02 -0.40829524E-24  0.42395997E-38
  0.28200000E+02 -0.40555208E-24  0.42239512E-38
  0.28300000E+02 -0.40283603E-24  0.41965529E-38
  0.28400000E+02 -0.40014675E-24  0.41735611E-38
  0.28500000E+02 -0.39748388E-24  0.41432369E-38
  0.28600000E+02 -0.39484709E-24  0.41055350E-38
  0.28700000E+02 -0.39223604E-24  0.40801007E-38
  0.28800000E+02 -0.38965040E-24  0.40622613E-38
  0.28900000E+02 -0.38708985E-24  0.40418102E-38
  0.29000000E+02 -0.38455408E-24  0.39756963E-38
  0.29100000E+02 -0.38204276E-24  0.39645875E-38
  0.29200000E+02 -0.37955559E-24  0.39309558E-38
  0.29300000E+02 -0.37709227E-24  0.38970239E-38
  0.29400000E+02 -0.37465249E-24  0.38809832E-38
  0.29500000E+02 -0.37223596E-24  0.38464254E-38
  0.29600000E+02 -0.36984239E-24  0.38365700E-38
  0.29700000E+02 -0.36747150E-24  0.38287074E-38
  0.29800000E+02 -0.36512300E-24  0.37761397E-38
  0.29900000E+02 -0.36279662E-24  0.37550247E-38
  0.30000000E+02 -0.36049208E-24  0.37423169E-38
  0.30100000E+02 -0.35820912E-24  0.37131597E-38
  0.30200000E+02 -0.35594746E-24  0.37100415E-38
  0.30300000E+02 -0.35370686E-24  0.36727995E-38
  0.30400000E+02 -0.35148705E-24  0.36473748E-38
  0.30500000E+02 -0.34928777E-24  0.36103065E-38
  0.30600000E+02 -0.34710879E-24  0.36011130E-38
  0.30700000E+02 -0.34494986E-24  0.35786861E-38
  0.30800000E+02 -0.34281072E-24  0.35310814E-38
  0.30900000E+02 -0.34069116E-24  0.35477364E-38
  0.31000000E+02 -0.33859092E-24  0.35030206E-38
  0.31100000E+02 -0.33650978E-24  0.34997226E-38
  0.31200000E+02 -0.33444752E-24  0.34696973E-38
  0.31300000E+02 -0.33240390E-24  0.34402138E-38
  0.31400000E+02 -0.33037871E-24  0.34066491E-38
  0.31500000E+02 -0.32837172E-24  0.34060049E-38
  0.31600000E+02 -0.32638273E-24  0.33808587E-38
  0.31700000E+02 -0.32441152E-24  0.33623207E-38
  0.31800000E+02 -0.32245788E-24  0.33163299E-38
  0.31900000E+02 -0.32052161E-24  0.33246032E-38
  0.32000000E+02 -0.31860251E-24  0.33004702E-38
  0.32100000E+02 -0.31670036E-24  0.32797737E-38
  0.32200000E+02 -0.31481499E-24  0.32570823E-38
  0.32300000E+02 -0.31294619E-24  0.32350933E-38
  0.32400000E+02 -0.31109378E-24  0.32236590E-38
  0.32500000E+02 -0.30925756E-24  0.31946367E-38
  0.32600000E+02 -0.30743734E-24  0.31758339E-38
  0.32700000E+02 -0.30563295E-24  0.31564588E-38
  0.32800000E+02 -0.30384421E-24  0.31547071E-38
  0.32900000E+02 -0.30207093E-24  0.31356120E-38
  0.33000000E+02 -0.30031294E-24  0.31148481E-38
  0.33100000E+02 -0.29857007E-24  0.30918323E-38
  0.33200000E+02 -0.29684215E-24  0.30619656E-38
  0.33300000E+02 -0.29512900E-24  0.30566911E-38
  0.33400000E+02 -0.29343047E-24  0.30313949E-38
  0.33500000E+02 -0.29174638E-24  0.30139241E-38
  0.33600000E+02 -0.29007659E-24  0.30004736E-38
  0.33700000E+02 -0.28842091E-24  0.29821280E-38
  0.33800000E+02 -0.28677921E-24  0.29666684E-38
  0.33900000E+02 -0.28515133E-24  0.29544124E-38
  0.34000000E+02 -0.28353710E-24  0.29243583E-38
  0.34100000E+02 -0.28193639E-24  0.29277353E-38
  0.34200000E+02 -0.28034905E-24  0.28977511E-38
  0.34300000E+02 -0.27877491E-24  0.28833779E-38
  0.34400000E+02 -0.27721385E-24  0.28569219E-38
  0.34500000E+02 -0.27566572E-24  0.28550167E-38
  0.34600000E+02 -0.27413038E-24  0.28249755E-38
  0.34700000E+02 -0.27260769E-24  0.28236841E-38
  0.34800000E+02 -0.27109751E-24  0.28251941E-38
  0.34900000E+02 -0.26959970E-24  0.27834674E-38
  0.35000000E+02 -0.26811414E-24  0.27728438E-38
  0.35100000E+02 -0.26664070E-24  0.27614131E-38
  0.35200000E+02 -0.26517923E-24  0.27267105E-38
  0.35300000E+02 -0.26372962E-24  0.27352849E-38
  0.35400000E+02 -0.26229173E-24  0.27158438E-38
  0.35500000E+02 -0.26086545E-24  0.27125799E-38
  0.35600000E+02 -0.25945065E-24  0.26823031E-38
  0.35700000E+02 -0.25804720E-24  0.26641450E-38
  0.35800000E+02 -0.25665499E-24  0.26397289E-38
  0.35900000E+02 -0.25527391E-24  0.26465185E-38
  0.36000000E+02 -0.25390382E-24  0.26205269E-38
  0.36100000E+02 -0.25254462E-24  0.26204189E-38
  0.36200000E+02 -0.25119620E-24  0.25985394E-38
  0.36300000E+02 -0.24985843E-24  0.25724877E-38
  0.36400000E+02 -0.24853122E-24  0.25686057E-38
  0.36500000E+02 -0.24721444E-24  0.25615731E-38
  0.36600000E+02 -0.24590800E-24  0.25395050E-38
  0.36700000E+02 -0.24461178E-24  0.25283421E-38
  0.36800000E+02 -0.24332568E-24  0.25106031E-38
  0.36900000E+02 -0.24204960E-24  0.25064529E-38
  0.37000000E+02 -0.24078344E-24  0.24844192E-38
  0.37100000E+02 -0.23952708E-24  0.24713415E-38
  0.37200000E+02 -0.23828043E-24  0.24659374E-38
  0.37300000E+02 -0.23704340E-24  0.24328887E-38
  0.37400000E+02 -0.23581589E-24  0.24443412E-38
  0.37500000E+02 -0.23459779E-24  0.24258143E-38
  0.37600000E+02 -0.23338901E-24  0.24044791E-38
  0.37700000E+02 -0.23218947E-24  0.23871196E-38
  0.37800000E+02 -0.23099906E-24  0.23778113E-38
  0.37900000E+02 -0.22981770E-24  0.23706302E-38
  0.38000000E+02 -0.22864529E-24  0.23709327E-38
  0.38100000E+02 -0.22748175E-24  0.23532938E-38
  0.38200000E+02 -0.22632698E-24  0.23361480E-38
  0.38300000E+02 -0.22518090E-24  0.23327519E-38
  0.38400000E+02 -0.22404343E-24  0.22952081E-38
  0.38500000E+02 -0.22291447E-24  0.22958947E-38
  0.38600000E+02 -0.22179395E-24  0.22889561E-38
  0.38700000E+02 -0.22068178E-24  0.22740888E-38
  0.38800000E+02 -0.21957788E-24  0.22591193E-38
  0.38900000E+02 -0.21848216E-24  0.22467439E-38
  0.39000000E+02 -0.21739456E-24  0.22494199E-38
  0.39100000E+02 -0.21631498E-24  0.22309621E-38
  0.39200000E+02 -0.21524335E-24  0.22242444E-38
  0.39300000E+02 -0.21417960E-24  0.22213017E-38
  0.39400000E+02 -0.21312364E-24  0.21973073E-38
  0.39500000E+02 -0.21207541E-24  0.21841032E-38
  0.39600000E+02 -0.21103482E-24  0.21826296E-38
  0.39700000E+02 -0.21000181E-24  0.21743122E-38
  0.39800000E+02 -0.20897629E-24  0.21620063E-38
  0.39900000E+02 -0.20795821E-24  0.21506293E-38
  0.40000000E+02 -0.20694748E-24  0.21394027E-38
