  0.00000000E+00  0.10636826E-22 -0.15474515E-36
  0.10000000E+00  0.10633370E-22 -0.15279526E-36
  0.20000000E+00  0.10622955E-22 -0.15418130E-36
  0.30000000E+00  0.10605445E-22 -0.15484709E-36
  0.40000000E+00  0.10580635E-22 -0.15607333E-36
  0.50000000E+00  0.10548278E-22 -0.15778133E-36
  0.60000000E+00  0.10508117E-22 -0.15849039E-36
  0.70000000E+00  0.10459919E-22 -0.16101632E-36
  0.80000000E+00  0.10403507E-22 -0.16231784E-36
  0.90000000E+00  0.10338777E-22 -0.16386136E-36
  0.10000000E+01  0.10265720E-22 -0.16541652E-36
  0.11000000E+01  0.10184429E-22 -0.16649647E-36
  0.12000000E+01  0.10095094E-22 -0.16800841E-36
  0.13000000E+01  0.99980039E-23 -0.16903772E-36
  0.14000000E+01  0.98935299E-23 -0.16872746E-36
  0.15000000E+01  0.97821159E-23 -0.16914672E-36
  0.16000000E+01  0.96642630E-23 -0.16893508E-36
  0.17000000E+01  0.95405147E-23 -0.16784825E-36
  0.18000000E+01  0.94114429E-23 -0.16757277E-36
  0.19000000E+01  0.92776350E-23 -0.16647468E-36
  0.20000000E+01  0.91396820E-23 -0.16415525E-36
  0.21000000E+01  0.89981690E-23 -0.16262661E-36
  0.22000000E+01  0.88536668E-23 -0.15969367E-36
  0.23000000E+01  0.87067257E-23 -0.15829528E-36
  0.24000000E+01  0.85578702E-23 -0.15550017E-36
  0.25000000E+01  0.84075957E-23 -0.15308114E-36
  0.26000000E+01  0.82563657E-23 -0.15015165E-36
  0.27000000E+01  0.81046105E-23 -0.14769341E-36
  0.28000000E+01  0.79527266E-23 -0.14431163E-36
  0.29000000E+01  0.78010766E-23 -0.14159969E-36
  0.30000000E+01  0.76499897E-23 -0.13832358E-36
  0.31000000E+01  0.74997632E-23 -0.13523530E-36
  0.32000000E+01  0.73506630E-23 -0.13213384E-36
  0.33000000E+01  0.72029258E-23 -0.12880930E-36
  0.34000000E+01  0.70567606E-23 -0.12572843E-36
  0.35000000E+01  0.69123500E-23 -0.12218637E-36
  0.36000000E+01  0.67698529E-23 -0.11889351E-36
  0.37000000E+01  0.66294056E-23 -0.11622428E-36
  0.38000000E+01  0.64911236E-23 -0.11318515E-36
  0.39000000E+01  0.63551038E-23 -0.11025737E-36
  0.40000000E+01  0.62214259E-23 -0.10707041E-36
  0.41000000E+01  0.60901538E-23 -0.10423720E-36
  0.42000000E+01  0.59613374E-23 -0.10141594E-36
  0.43000000E+01  0.58350140E-23 -0.98873593E-37
  0.44000000E+01  0.57112093E-23 -0.95809731E-37
  0.45000000E+01  0.55899388E-23 -0.93297909E-37
  0.46000000E+01  0.54712092E-23 -0.90834760E-37
  0.47000000E+01  0.53550189E-23 -0.88243238E-37
  0.48000000E+01  0.52413594E-23 -0.85759264E-37
  0.49000000E+01  0.51302160E-23 -0.83169209E-37
  0.50000000E+01  0.50215685E-23 -0.80841565E-37
  0.51000000E+01  0.49153919E-23 -0.78899527E-37
  0.52000000E+01  0.48116573E-23 -0.76901966E-37
  0.53000000E+01  0.47103324E-23 -0.74300174E-37
  0.54000000E+01  0.46113818E-23 -0.72579196E-37
  0.55000000E+01  0.45147676E-23 -0.70227680E-37
  0.56000000E+01  0.44204500E-23 -0.68451951E-37
  0.57000000E+01  0.43283874E-23 -0.66598692E-37
  0.58000000E+01  0.42385369E-23 -0.64817696E-37
  0.59000000E+01  0.41508548E-23 -0.63385932E-37
  0.60000000E+01  0.40652962E-23 -0.61207142E-37
  0.61000000E+01  0.39818159E-23 -0.59562050E-37
  0.62000000E+01  0.39003686E-23 -0.58360814E-37
  0.63000000E+01  0.38209084E-23 -0.56401607E-37
  0.64000000E+01  0.37433899E-23 -0.55431424E-37
  0.65000000E+01  0.36677674E-23 -0.53757031E-37
  0.66000000E+01  0.35939958E-23 -0.52488650E-37
  0.67000000E+01  0.35220304E-23 -0.51200123E-37
  0.68000000E+01  0.34518267E-23 -0.49974536E-37
  0.69000000E+01  0.33833410E-23 -0.48435312E-37
  0.70000000E+01  0.33165302E-23 -0.47461241E-37
  0.71000000E+01  0.32513518E-23 -0.46101322E-37
  0.72000000E+01  0.31877640E-23 -0.45019276E-37
  0.73000000E+01  0.31257259E-23 -0.44106153E-37
  0.74000000E+01  0.30651972E-23 -0.42882688E-37
  0.75000000E+01  0.30061385E-23 -0.41799139E-37
  0.76000000E+01  0.29485114E-23 -0.40796272E-37
  0.77000000E+01  0.28922780E-23 -0.39876061E-37
  0.78000000E+01  0.28374015E-23 -0.38997788E-37
  0.79000000E+01  0.27838459E-23 -0.37984773E-37
  0.80000000E+01  0.27315761E-23 -0.37118801E-37
  0.81000000E+01  0.26805577E-23 -0.36156263E-37
  0.82000000E+01  0.26307573E-23 -0.35240244E-37
  0.83000000E+01  0.25821423E-23 -0.34672540E-37
  0.84000000E+01  0.25346810E-23 -0.33750972E-37
  0.85000000E+01  0.24883424E-23 -0.33116191E-37
  0.86000000E+01  0.24430964E-23 -0.32481306E-37
  0.87000000E+01  0.23989136E-23 -0.31762693E-37
  0.88000000E+01  0.23557656E-23 -0.30961909E-37
  0.89000000E+01  0.23136246E-23 -0.30408796E-37
  0.90000000E+01  0.22724635E-23 -0.29788991E-37
  0.91000000E+01  0.22322562E-23 -0.29194201E-37
  0.92000000E+01  0.21929771E-23 -0.28507165E-37
  0.93000000E+01  0.21546014E-23 -0.27835683E-37
  0.94000000E+01  0.21171049E-23 -0.27249207E-37
  0.95000000E+01  0.20804643E-23 -0.26791361E-37
  0.96000000E+01  0.20446567E-23 -0.26074075E-37
  0.97000000E+01  0.20096601E-23 -0.25644614E-37
  0.98000000E+01  0.19754528E-23 -0.25089437E-37
  0.99000000E+01  0.19420140E-23 -0.24624804E-37
  0.10000000E+02  0.19093235E-23 -0.24194911E-37
  0.10100000E+02  0.18773615E-23 -0.23828924E-37
  0.10200000E+02  0.18461088E-23 -0.23219896E-37
  0.10300000E+02  0.18155468E-23 -0.22749672E-37
  0.10400000E+02  0.17856575E-23 -0.22338961E-37
  0.10500000E+02  0.17564233E-23 -0.22022985E-37
  0.10600000E+02  0.17278272E-23 -0.21513346E-37
  0.10700000E+02  0.16998526E-23 -0.21222816E-37
  0.10800000E+02  0.16724833E-23 -0.20779261E-37
  0.10900000E+02  0.16457039E-23 -0.20244240E-37
  0.11000000E+02  0.16194990E-23 -0.19962116E-37
  0.11100000E+02  0.15938540E-23 -0.19514983E-37
  0.11200000E+02  0.15687546E-23 -0.19309824E-37
  0.11300000E+02  0.15441868E-23 -0.19016450E-37
  0.11400000E+02  0.15201371E-23 -0.18716431E-37
  0.11500000E+02  0.14965923E-23 -0.18321439E-37
  0.11600000E+02  0.14735398E-23 -0.18001822E-37
  0.11700000E+02  0.14509672E-23 -0.17728965E-37
  0.11800000E+02  0.14288623E-23 -0.17374804E-37
  0.11900000E+02  0.14072135E-23 -0.17167981E-37
  0.12000000E+02  0.13860094E-23 -0.16740065E-37
  0.12100000E+02  0.13652389E-23 -0.16500607E-37
  0.12200000E+02  0.13448914E-23 -0.16331337E-37
  0.12300000E+02  0.13249564E-23 -0.16006288E-37
  0.12400000E+02  0.13054237E-23 -0.15775079E-37
  0.12500000E+02  0.12862835E-23 -0.15568115E-37
  0.12600000E+02  0.12675262E-23 -0.15204092E-37
  0.12700000E+02  0.12491425E-23 -0.15082434E-37
  0.12800000E+02  0.12311233E-23 -0.14699640E-37
  0.12900000E+02  0.12134599E-23 -0.14438957E-37
  0.13000000E+02  0.11961435E-23 -0.14292422E-37
  0.13100000E+02  0.11791660E-23 -0.14031485E-37
  0.13200000E+02  0.11625192E-23 -0.13914904E-37
  0.13300000E+02  0.11461953E-23 -0.13654691E-37
  0.13400000E+02  0.11301865E-23 -0.13455288E-37
  0.13500000E+02  0.11144854E-23 -0.13214652E-37
  0.13600000E+02  0.10990848E-23 -0.13053709E-37
  0.13700000E+02  0.10839777E-23 -0.12857149E-37
  0.13800000E+02  0.10691571E-23 -0.12697212E-37
  0.13900000E+02  0.10546164E-23 -0.12447141E-37
  0.14000000E+02  0.10403491E-23 -0.12311475E-37
  0.14100000E+02  0.10263488E-23 -0.12081695E-37
  0.14200000E+02  0.10126094E-23 -0.11950258E-37
  0.14300000E+02  0.99912497E-24 -0.11794230E-37
  0.14400000E+02  0.98588960E-24 -0.11652170E-37
  0.14500000E+02  0.97289764E-24 -0.11515825E-37
  0.14600000E+02  0.96014357E-24 -0.11288942E-37
  0.14700000E+02  0.94762199E-24 -0.11165644E-37
  0.14800000E+02  0.93532767E-24 -0.11037130E-37
  0.14900000E+02  0.92325550E-24 -0.10760987E-37
  0.15000000E+02  0.91140053E-24 -0.10724516E-37
  0.15100000E+02  0.89975790E-24 -0.10607223E-37
  0.15200000E+02  0.88832290E-24 -0.10396126E-37
  0.15300000E+02  0.87709095E-24 -0.10255343E-37
  0.15400000E+02  0.86605756E-24 -0.10161440E-37
  0.15500000E+02  0.85521837E-24 -0.10026127E-37
  0.15600000E+02  0.84456914E-24 -0.99193966E-38
  0.15700000E+02  0.83410574E-24 -0.97130840E-38
  0.15800000E+02  0.82382411E-24 -0.96433354E-38
  0.15900000E+02  0.81372034E-24 -0.95489098E-38
  0.16000000E+02  0.80379059E-24 -0.94314246E-38
  0.16100000E+02  0.79403113E-24 -0.92923812E-38
  0.16200000E+02  0.78443831E-24 -0.91479280E-38
  0.16300000E+02  0.77500859E-24 -0.89994249E-38
  0.16400000E+02  0.76573850E-24 -0.89770329E-38
  0.16500000E+02  0.75662466E-24 -0.87638894E-38
  0.16600000E+02  0.74766379E-24 -0.87372826E-38
  0.16700000E+02  0.73885267E-24 -0.85972560E-38
  0.16800000E+02  0.73018817E-24 -0.85019577E-38
  0.16900000E+02  0.72166724E-24 -0.83938260E-38
  0.17000000E+02  0.71328689E-24 -0.83113291E-38
  0.17100000E+02  0.70504423E-24 -0.82477901E-38
  0.17200000E+02  0.69693641E-24 -0.80736274E-38
  0.17300000E+02  0.68896067E-24 -0.79583485E-38
  0.17400000E+02  0.68111430E-24 -0.79271045E-38
  0.17500000E+02  0.67339468E-24 -0.78325305E-38
  0.17600000E+02  0.66579922E-24 -0.77047666E-38
  0.17700000E+02  0.65832542E-24 -0.75945481E-38
  0.17800000E+02  0.65097082E-24 -0.75639490E-38
  0.17900000E+02  0.64373304E-24 -0.74448599E-38
  0.18000000E+02  0.63660973E-24 -0.73587874E-38
  0.18100000E+02  0.62959862E-24 -0.72682163E-38
  0.18200000E+02  0.62269748E-24 -0.72554859E-38
  0.18300000E+02  0.61590414E-24 -0.71809591E-38
  0.18400000E+02  0.60921646E-24 -0.70599067E-38
  0.18500000E+02  0.60263238E-24 -0.70110450E-38
  0.18600000E+02  0.59614987E-24 -0.68809915E-38
  0.18700000E+02  0.58976695E-24 -0.68447153E-38
  0.18800000E+02  0.58348168E-24 -0.67791521E-38
  0.18900000E+02  0.57729218E-24 -0.66917210E-38
  0.19000000E+02  0.57119660E-24 -0.66227189E-38
  0.19100000E+02  0.56519314E-24 -0.65554504E-38
  0.19200000E+02  0.55928004E-24 -0.64903847E-38
  0.19300000E+02  0.55345556E-24 -0.63830705E-38
  0.19400000E+02  0.54771803E-24 -0.63134620E-38
  0.19500000E+02  0.54206581E-24 -0.62732128E-38
  0.19600000E+02  0.53649728E-24 -0.62187139E-38
  0.19700000E+02  0.53101087E-24 -0.61142069E-38
  0.19800000E+02  0.52560505E-24 -0.60942495E-38
  0.19900000E+02  0.52027830E-24 -0.60316818E-38
  0.20000000E+02  0.51502917E-24 -0.59573592E-38
  0.20100000E+02  0.50985621E-24 -0.58844911E-38
  0.20200000E+02  0.50475801E-24 -0.58532141E-38
  0.20300000E+02  0.49973321E-24 -0.57873192E-38
  0.20400000E+02  0.49478046E-24 -0.57225230E-38
  0.20500000E+02  0.48989844E-24 -0.56950818E-38
  0.20600000E+02  0.48508587E-24 -0.56173366E-38
  0.20700000E+02  0.48034148E-24 -0.55370353E-38
  0.20800000E+02  0.47566405E-24 -0.55042520E-38
  0.20900000E+02  0.47105237E-24 -0.54183703E-38
  0.21000000E+02  0.46650526E-24 -0.53804167E-38
  0.21100000E+02  0.46202157E-24 -0.53489453E-38
  0.21200000E+02  0.45760017E-24 -0.53434097E-38
  0.21300000E+02  0.45323995E-24 -0.52552603E-38
  0.21400000E+02  0.44893984E-24 -0.51990151E-38
  0.21500000E+02  0.44469876E-24 -0.51308918E-38
  0.21600000E+02  0.44051570E-24 -0.50963882E-38
  0.21700000E+02  0.43638962E-24 -0.50649124E-38
  0.21800000E+02  0.43231954E-24 -0.49870536E-38
  0.21900000E+02  0.42830449E-24 -0.49831201E-38
  0.22000000E+02  0.42434350E-24 -0.49338141E-38
  0.22100000E+02  0.42043566E-24 -0.48609302E-38
  0.22200000E+02  0.41658005E-24 -0.48977064E-38
  0.22300000E+02  0.41277576E-24 -0.48168567E-38
  0.22400000E+02  0.40902193E-24 -0.47404373E-38
  0.22500000E+02  0.40531770E-24 -0.46954318E-38
  0.22600000E+02  0.40166222E-24 -0.46740821E-38
  0.22700000E+02  0.39805467E-24 -0.46472563E-38
  0.22800000E+02  0.39449425E-24 -0.45908504E-38
  0.22900000E+02  0.39098017E-24 -0.45442493E-38
  0.23000000E+02  0.38751164E-24 -0.44942023E-38
  0.23100000E+02  0.38408791E-24 -0.44839180E-38
  0.23200000E+02  0.38070824E-24 -0.44322351E-38
  0.23300000E+02  0.37737190E-24 -0.43937131E-38
  0.23400000E+02  0.37407817E-24 -0.43403740E-38
  0.23500000E+02  0.37082635E-24 -0.43218927E-38
  0.23600000E+02  0.36761575E-24 -0.43028283E-38
  0.23700000E+02  0.36444571E-24 -0.42406654E-38
  0.23800000E+02  0.36131556E-24 -0.42024431E-38
  0.23900000E+02  0.35822466E-24 -0.41750120E-38
  0.24000000E+02  0.35517237E-24 -0.41232182E-38
  0.24100000E+02  0.35215806E-24 -0.40870214E-38
  0.24200000E+02  0.34918114E-24 -0.40488616E-38
  0.24300000E+02  0.34624100E-24 -0.39889551E-38
  0.24400000E+02  0.34333705E-24 -0.39953988E-38
  0.24500000E+02  0.34046872E-24 -0.39673521E-38
  0.24600000E+02  0.33763545E-24 -0.39249045E-38
  0.24700000E+02  0.33483668E-24 -0.39227490E-38
  0.24800000E+02  0.33207187E-24 -0.38737527E-38
  0.24900000E+02  0.32934049E-24 -0.38287782E-38
  0.25000000E+02  0.32664201E-24 -0.37722472E-38
  0.25100000E+02  0.32397592E-24 -0.37685660E-38
  0.25200000E+02  0.32134172E-24 -0.37449736E-38
  0.25300000E+02  0.31873892E-24 -0.37284015E-38
  0.25400000E+02  0.31616703E-24 -0.36946914E-38
  0.25500000E+02  0.31362557E-24 -0.36533356E-38
  0.25600000E+02  0.31111408E-24 -0.36402289E-38
  0.25700000E+02  0.30863211E-24 -0.36040786E-38
  0.25800000E+02  0.30617919E-24 -0.36001509E-38
  0.25900000E+02  0.30375490E-24 -0.35541117E-38
  0.26000000E+02  0.30135880E-24 -0.35169287E-38
  0.26100000E+02  0.29899046E-24 -0.34967641E-38
  0.26200000E+02  0.29664946E-24 -0.34666821E-38
  0.26300000E+02  0.29433541E-24 -0.34404723E-38
  0.26400000E+02  0.29204788E-24 -0.34263577E-38
  0.26500000E+02  0.28978650E-24 -0.33889501E-38
  0.26600000E+02  0.28755087E-24 -0.33839001E-38
  0.26700000E+02  0.28534061E-24 -0.33515182E-38
  0.26800000E+02  0.28315534E-24 -0.33216898E-38
  0.26900000E+02  0.28099471E-24 -0.32689788E-38
  0.27000000E+02  0.27885834E-24 -0.32555657E-38
  0.27100000E+02  0.27674589E-24 -0.32429182E-38
  0.27200000E+02  0.27465701E-24 -0.32016226E-38
  0.27300000E+02  0.27259135E-24 -0.31856817E-38
  0.27400000E+02  0.27054858E-24 -0.31728817E-38
  0.27500000E+02  0.26852837E-24 -0.31552083E-38
  0.27600000E+02  0.26653039E-24 -0.31139761E-38
  0.27700000E+02  0.26455433E-24 -0.31064384E-38
  0.27800000E+02  0.26259987E-24 -0.30928664E-38
  0.27900000E+02  0.26066671E-24 -0.30372010E-38
  0.28000000E+02  0.25875455E-24 -0.30538474E-38
  0.28100000E+02  0.25686307E-24 -0.30119762E-38
  0.28200000E+02  0.25499201E-24 -0.29951731E-38
  0.28300000E+02  0.25314106E-24 -0.29640287E-38
  0.28400000E+02  0.25130995E-24 -0.29517739E-38
  0.28500000E+02  0.24949839E-24 -0.29396812E-38
  0.28600000E+02  0.24770612E-24 -0.29024751E-38
  0.28700000E+02  0.24593287E-24 -0.28978351E-38
  0.28800000E+02  0.24417838E-24 -0.28606880E-38
  0.28900000E+02  0.24244238E-24 -0.28340147E-38
  0.29000000E+02  0.24072462E-24 -0.28357776E-38
  0.29100000E+02  0.23902486E-24 -0.27978067E-38
  0.29200000E+02  0.23734284E-24 -0.27933239E-38
  0.29300000E+02  0.23567832E-24 -0.27474071E-38
  0.29400000E+02  0.23403107E-24 -0.27550534E-38
  0.29500000E+02  0.23240085E-24 -0.27234587E-38
  0.29600000E+02  0.23078744E-24 -0.27152102E-38
  0.29700000E+02  0.22919059E-24 -0.26924786E-38
  0.29800000E+02  0.22761010E-24 -0.26699250E-38
  0.29900000E+02  0.22604575E-24 -0.26436067E-38
  0.30000000E+02  0.22449731E-24 -0.26440535E-38
  0.30100000E+02  0.22296458E-24 -0.26123590E-38
  0.30200000E+02  0.22144735E-24 -0.26142549E-38
  0.30300000E+02  0.21994541E-24 -0.25836076E-38
  0.30400000E+02  0.21845856E-24 -0.25736184E-38
  0.30500000E+02  0.21698661E-24 -0.25341241E-38
  0.30600000E+02  0.21552935E-24 -0.25425731E-38
  0.30700000E+02  0.21408660E-24 -0.25346378E-38
  0.30800000E+02  0.21265817E-24 -0.25011996E-38
  0.30900000E+02  0.21124386E-24 -0.25013633E-38
  0.31000000E+02  0.20984350E-24 -0.24834564E-38
  0.31100000E+02  0.20845691E-24 -0.24650853E-38
  0.31200000E+02  0.20708391E-24 -0.24224417E-38
  0.31300000E+02  0.20572433E-24 -0.24252905E-38
  0.31400000E+02  0.20437799E-24 -0.24119366E-38
  0.31500000E+02  0.20304472E-24 -0.23864396E-38
  0.31600000E+02  0.20172436E-24 -0.23827844E-38
  0.31700000E+02  0.20041674E-24 -0.23767182E-38
  0.31800000E+02  0.19912171E-24 -0.23378767E-38
  0.31900000E+02  0.19783910E-24 -0.23487706E-38
  0.32000000E+02  0.19656876E-24 -0.23265328E-38
  0.32100000E+02  0.19531053E-24 -0.23037859E-38
  0.32200000E+02  0.19406426E-24 -0.22913916E-38
  0.32300000E+02  0.19282981E-24 -0.22776762E-38
  0.32400000E+02  0.19160702E-24 -0.22483553E-38
  0.32500000E+02  0.19039575E-24 -0.22544357E-38
  0.32600000E+02  0.18919587E-24 -0.22423402E-38
  0.32700000E+02  0.18800721E-24 -0.22210506E-38
  0.32800000E+02  0.18682966E-24 -0.21970187E-38
  0.32900000E+02  0.18566307E-24 -0.21948819E-38
  0.33000000E+02  0.18450732E-24 -0.21810104E-38
  0.33100000E+02  0.18336225E-24 -0.21750562E-38
  0.33200000E+02  0.18222776E-24 -0.21460986E-38
  0.33300000E+02  0.18110371E-24 -0.21483792E-38
  0.33400000E+02  0.17998996E-24 -0.21342911E-38
  0.33500000E+02  0.17888641E-24 -0.21231268E-38
  0.33600000E+02  0.17779292E-24 -0.21147701E-38
  0.33700000E+02  0.17670938E-24 -0.20903254E-38
  0.33800000E+02  0.17563566E-24 -0.20794337E-38
  0.33900000E+02  0.17457165E-24 -0.20745493E-38
  0.34000000E+02  0.17351724E-24 -0.20711540E-38
  0.34100000E+02  0.17247230E-24 -0.20464766E-38
  0.34200000E+02  0.17143673E-24 -0.20327129E-38
  0.34300000E+02  0.17041042E-24 -0.20126546E-38
  0.34400000E+02  0.16939326E-24 -0.20125219E-38
  0.34500000E+02  0.16838514E-24 -0.19878380E-38
  0.34600000E+02  0.16738595E-24 -0.19779335E-38
  0.34700000E+02  0.16639559E-24 -0.19742294E-38
  0.34800000E+02  0.16541396E-24 -0.19562343E-38
  0.34900000E+02  0.16444096E-24 -0.19453576E-38
  0.35000000E+02  0.16347648E-24 -0.19370772E-38
  0.35100000E+02  0.16252043E-24 -0.19382275E-38
  0.35200000E+02  0.16157272E-24 -0.19278645E-38
  0.35300000E+02  0.16063323E-24 -0.19048502E-38
  0.35400000E+02  0.15970189E-24 -0.18961203E-38
  0.35500000E+02  0.15877860E-24 -0.18968309E-38
  0.35600000E+02  0.15786326E-24 -0.18661126E-38
  0.35700000E+02  0.15695579E-24 -0.18647643E-38
  0.35800000E+02  0.15605610E-24 -0.18545404E-38
  0.35900000E+02  0.15516410E-24 -0.18441559E-38
  0.36000000E+02  0.15427969E-24 -0.18334082E-38
  0.36100000E+02  0.15340281E-24 -0.18224229E-38
  0.36200000E+02  0.15253336E-24 -0.18125181E-38
  0.36300000E+02  0.15167126E-24 -0.18081599E-38
  0.36400000E+02  0.15081642E-24 -0.17901814E-38
  0.36500000E+02  0.14996877E-24 -0.17915020E-38
  0.36600000E+02  0.14912823E-24 -0.17672151E-38
  0.36700000E+02  0.14829472E-24 -0.17660169E-38
  0.36800000E+02  0.14746816E-24 -0.17578821E-38
  0.36900000E+02  0.14664847E-24 -0.17614212E-38
  0.37000000E+02  0.14583558E-24 -0.17350566E-38
  0.37100000E+02  0.14502942E-24 -0.17261447E-38
  0.37200000E+02  0.14422990E-24 -0.17193785E-38
  0.37300000E+02  0.14343697E-24 -0.17035572E-38
  0.37400000E+02  0.14265054E-24 -0.17033463E-38
  0.37500000E+02  0.14187055E-24 -0.16894819E-38
  0.37600000E+02  0.14109693E-24 -0.16822944E-38
  0.37700000E+02  0.14032960E-24 -0.16673643E-38
  0.37800000E+02  0.13956851E-24 -0.16566507E-38
  0.37900000E+02  0.13881357E-24 -0.16597615E-38
  0.38000000E+02  0.13806474E-24 -0.16545704E-38
  0.38100000E+02  0.13732194E-24 -0.16345602E-38
  0.38200000E+02  0.13658511E-24 -0.16268600E-38
  0.38300000E+02  0.13585418E-24 -0.16175089E-38
  0.38400000E+02  0.13512910E-24 -0.16066293E-38
  0.38500000E+02  0.13440979E-24 -0.15959581E-38
  0.38600000E+02  0.13369621E-24 -0.16059509E-38
  0.38700000E+02  0.13298828E-24 -0.15943365E-38
  0.38800000E+02  0.13228596E-24 -0.15688649E-38
  0.38900000E+02  0.13158918E-24 -0.15677847E-38
  0.39000000E+02  0.13089788E-24 -0.15614005E-38
  0.39100000E+02  0.13021201E-24 -0.15598479E-38
  0.39200000E+02  0.12953150E-24 -0.15457367E-38
  0.39300000E+02  0.12885632E-24 -0.15365951E-38
  0.39400000E+02  0.12818639E-24 -0.15316702E-38
  0.39500000E+02  0.12752167E-24 -0.15218034E-38
  0.39600000E+02  0.12686210E-24 -0.15149127E-38
  0.39700000E+02  0.12620764E-24 -0.15131742E-38
  0.39800000E+02  0.12555821E-24 -0.15041857E-38
  0.39900000E+02  0.12491379E-24 -0.14916142E-38
  0.40000000E+02  0.12427431E-24 -0.14849549E-38
