  0.00000000E+00  0.46686190E-24 -0.52983388E-39
  0.10000000E+00  0.46673871E-24 -0.50296716E-39
  0.20000000E+00  0.46636975E-24 -0.52997151E-39
  0.30000000E+00  0.46575671E-24 -0.50546648E-39
  0.40000000E+00  0.46490244E-24 -0.49680329E-39
  0.50000000E+00  0.46381083E-24 -0.49222688E-39
  0.60000000E+00  0.46248674E-24 -0.43361073E-39
  0.70000000E+00  0.46093595E-24 -0.43109573E-39
  0.80000000E+00  0.45916505E-24 -0.41415164E-39
  0.90000000E+00  0.45718135E-24 -0.40417719E-39
  0.10000000E+01  0.45499279E-24 -0.37324424E-39
  0.11000000E+01  0.45260781E-24 -0.33860697E-39
  0.12000000E+01  0.45003530E-24 -0.34426611E-39
  0.13000000E+01  0.44728450E-24 -0.32557926E-39
  0.14000000E+01  0.44436487E-24 -0.28946343E-39
  0.15000000E+01  0.44128607E-24 -0.25822573E-39
  0.16000000E+01  0.43805786E-24 -0.27086050E-39
  0.17000000E+01  0.43469000E-24 -0.23162602E-39
  0.18000000E+01  0.43119224E-24 -0.21505640E-39
  0.19000000E+01  0.42757420E-24 -0.19460210E-39
  0.20000000E+01  0.42384540E-24 -0.19600034E-39
  0.21000000E+01  0.42001514E-24 -0.16333889E-39
  0.22000000E+01  0.41609248E-24 -0.14925599E-39
  0.23000000E+01  0.41208626E-24 -0.15828574E-39
  0.24000000E+01  0.40800498E-24 -0.11716653E-39
  0.25000000E+01  0.40385688E-24 -0.13772860E-39
  0.26000000E+01  0.39964985E-24 -0.10796919E-39
  0.27000000E+01  0.39539145E-24 -0.95231096E-40
  0.28000000E+01  0.39108890E-24 -0.83349698E-40
  0.29000000E+01  0.38674907E-24 -0.86706469E-40
  0.30000000E+01  0.38237849E-24 -0.67568891E-40
  0.31000000E+01  0.37798334E-24 -0.60083421E-40
  0.32000000E+01  0.37356946E-24 -0.63838631E-40
  0.33000000E+01  0.36914237E-24 -0.51307739E-40
  0.34000000E+01  0.36470724E-24 -0.46713133E-40
  0.35000000E+01  0.36026896E-24 -0.37265159E-40
  0.36000000E+01  0.35583207E-24 -0.38761236E-40
  0.37000000E+01  0.35140084E-24 -0.36975998E-40
  0.38000000E+01  0.34697927E-24 -0.19402569E-40
  0.39000000E+01  0.34257105E-24 -0.29393504E-40
  0.40000000E+01  0.33817963E-24 -0.14678785E-40
  0.41000000E+01  0.33380822E-24 -0.24714302E-40
  0.42000000E+01  0.32945977E-24 -0.20854105E-40
  0.43000000E+01  0.32513701E-24 -0.13043668E-40
  0.44000000E+01  0.32084247E-24 -0.13401133E-40
  0.45000000E+01  0.31657846E-24 -0.15770971E-40
  0.46000000E+01  0.31234709E-24 -0.10206659E-40
  0.47000000E+01  0.30815031E-24 -0.14442758E-40
  0.48000000E+01  0.30398988E-24 -0.30147693E-41
  0.49000000E+01  0.29986739E-24 -0.47951702E-41
  0.50000000E+01  0.29578430E-24  0.21952064E-41
  0.51000000E+01  0.29174190E-24  0.46425966E-41
  0.52000000E+01  0.28774136E-24  0.80472036E-41
  0.53000000E+01  0.28378370E-24  0.14779465E-41
  0.54000000E+01  0.27986985E-24  0.10825805E-40
  0.55000000E+01  0.27600060E-24  0.55142015E-41
  0.56000000E+01  0.27217665E-24  0.11304590E-40
  0.57000000E+01  0.26839858E-24  0.10600889E-40
  0.58000000E+01  0.26466690E-24  0.11138900E-40
  0.59000000E+01  0.26098201E-24  0.10972768E-40
  0.60000000E+01  0.25734426E-24  0.10573735E-40
  0.61000000E+01  0.25375388E-24  0.84406586E-41
  0.62000000E+01  0.25021107E-24  0.13595591E-40
  0.63000000E+01  0.24671593E-24  0.11791912E-40
  0.64000000E+01  0.24326853E-24  0.96684360E-41
  0.65000000E+01  0.23986886E-24  0.12135011E-40
  0.66000000E+01  0.23651686E-24  0.13525791E-40
  0.67000000E+01  0.23321243E-24  0.13441405E-40
  0.68000000E+01  0.22995541E-24  0.16358093E-40
  0.69000000E+01  0.22674562E-24  0.14435800E-40
  0.70000000E+01  0.22358281E-24  0.14470683E-40
  0.71000000E+01  0.22046673E-24  0.12929236E-40
  0.72000000E+01  0.21739708E-24  0.15826111E-40
  0.73000000E+01  0.21437351E-24  0.13489280E-40
  0.74000000E+01  0.21139569E-24  0.13504198E-40
  0.75000000E+01  0.20846321E-24  0.15334101E-40
  0.76000000E+01  0.20557568E-24  0.13570182E-40
  0.77000000E+01  0.20273267E-24  0.17068068E-40
  0.78000000E+01  0.19993374E-24  0.18209438E-40
  0.79000000E+01  0.19717842E-24  0.17788351E-40
  0.80000000E+01  0.19446624E-24  0.10255075E-40
  0.81000000E+01  0.19179671E-24  0.15164814E-40
  0.82000000E+01  0.18916934E-24  0.16111764E-40
  0.83000000E+01  0.18658360E-24  0.14999201E-40
  0.84000000E+01  0.18403899E-24  0.15740704E-40
  0.85000000E+01  0.18153497E-24  0.17663919E-40
  0.86000000E+01  0.17907102E-24  0.11278483E-40
  0.87000000E+01  0.17664658E-24  0.14527279E-40
  0.88000000E+01  0.17426113E-24  0.14072875E-40
  0.89000000E+01  0.17191412E-24  0.17441307E-40
  0.90000000E+01  0.16960500E-24  0.13004010E-40
  0.91000000E+01  0.16733321E-24  0.14503408E-40
  0.92000000E+01  0.16509822E-24  0.16700089E-40
  0.93000000E+01  0.16289948E-24  0.14491449E-40
  0.94000000E+01  0.16073642E-24  0.16776465E-40
  0.95000000E+01  0.15860851E-24  0.15862946E-40
  0.96000000E+01  0.15651521E-24  0.17033087E-40
  0.97000000E+01  0.15445596E-24  0.16017016E-40
  0.98000000E+01  0.15243023E-24  0.15799530E-40
  0.99000000E+01  0.15043748E-24  0.12804993E-40
  0.10000000E+02  0.14847718E-24  0.15157298E-40
  0.10100000E+02  0.14654881E-24  0.17596106E-40
  0.10200000E+02  0.14465183E-24  0.15865507E-40
  0.10300000E+02  0.14278572E-24  0.13389215E-40
  0.10400000E+02  0.14094998E-24  0.16117934E-40
  0.10500000E+02  0.13914410E-24  0.12821206E-40
  0.10600000E+02  0.13736756E-24  0.13748539E-40
  0.10700000E+02  0.13561987E-24  0.14191086E-40
  0.10800000E+02  0.13390055E-24  0.12789615E-40
  0.10900000E+02  0.13220909E-24  0.13867986E-40
  0.11000000E+02  0.13054504E-24  0.12315919E-40
  0.11100000E+02  0.12890790E-24  0.12708679E-40
  0.11200000E+02  0.12729721E-24  0.12931492E-40
  0.11300000E+02  0.12571251E-24  0.12020928E-40
  0.11400000E+02  0.12415335E-24  0.14347574E-40
  0.11500000E+02  0.12261928E-24  0.12742268E-40
  0.11600000E+02  0.12110985E-24  0.11858325E-40
  0.11700000E+02  0.11962463E-24  0.13156122E-40
  0.11800000E+02  0.11816320E-24  0.11047434E-40
  0.11900000E+02  0.11672513E-24  0.11096148E-40
  0.12000000E+02  0.11531001E-24  0.13506725E-40
  0.12100000E+02  0.11391743E-24  0.98007252E-41
  0.12200000E+02  0.11254698E-24  0.11037428E-40
  0.12300000E+02  0.11119827E-24  0.12385976E-40
  0.12400000E+02  0.10987092E-24  0.11557803E-40
  0.12500000E+02  0.10856453E-24  0.11250332E-40
  0.12600000E+02  0.10727875E-24  0.10691610E-40
  0.12700000E+02  0.10601318E-24  0.11917708E-40
  0.12800000E+02  0.10476748E-24  0.94980489E-41
  0.12900000E+02  0.10354129E-24  0.99141665E-41
  0.13000000E+02  0.10233425E-24  0.10396437E-40
  0.13100000E+02  0.10114602E-24  0.11788938E-40
  0.13200000E+02  0.99976271E-25  0.11729202E-40
  0.13300000E+02  0.98824659E-25  0.99581586E-41
  0.13400000E+02  0.97690863E-25  0.11762216E-40
  0.13500000E+02  0.96574562E-25  0.11115435E-40
  0.13600000E+02  0.95475442E-25  0.11331892E-40
  0.13700000E+02  0.94393195E-25  0.90765212E-41
  0.13800000E+02  0.93327518E-25  0.96528947E-41
  0.13900000E+02  0.92278113E-25  0.95556835E-41
  0.14000000E+02  0.91244689E-25  0.99822124E-41
  0.14100000E+02  0.90226959E-25  0.10293633E-40
  0.14200000E+02  0.89224643E-25  0.95239518E-41
  0.14300000E+02  0.88237464E-25  0.11810350E-40
  0.14400000E+02  0.87265152E-25  0.87275712E-41
  0.14500000E+02  0.86307442E-25  0.99893002E-41
  0.14600000E+02  0.85364074E-25  0.11096202E-40
  0.14700000E+02  0.84434792E-25  0.93129322E-41
  0.14800000E+02  0.83519344E-25  0.97540395E-41
  0.14900000E+02  0.82617486E-25  0.98862090E-41
  0.15000000E+02  0.81728977E-25  0.10051369E-40
  0.15100000E+02  0.80853579E-25  0.87871820E-41
  0.15200000E+02  0.79991061E-25  0.95027120E-41
  0.15300000E+02  0.79141195E-25  0.96166314E-41
  0.15400000E+02  0.78303758E-25  0.97030094E-41
  0.15500000E+02  0.77478531E-25  0.73829772E-41
  0.15600000E+02  0.76665299E-25  0.93977292E-41
  0.15700000E+02  0.75863852E-25  0.85994698E-41
  0.15800000E+02  0.75073982E-25  0.75366868E-41
  0.15900000E+02  0.74295489E-25  0.82861134E-41
  0.16000000E+02  0.73528172E-25  0.96983558E-41
  0.16100000E+02  0.72771838E-25  0.86754830E-41
  0.16200000E+02  0.72026295E-25  0.75440993E-41
  0.16300000E+02  0.71291355E-25  0.86657591E-41
  0.16400000E+02  0.70566835E-25  0.80276650E-41
  0.16500000E+02  0.69852555E-25  0.76683008E-41
  0.16600000E+02  0.69148338E-25  0.76650444E-41
  0.16700000E+02  0.68454010E-25  0.79671813E-41
  0.16800000E+02  0.67769403E-25  0.77353107E-41
  0.16900000E+02  0.67094348E-25  0.67271074E-41
  0.17000000E+02  0.66428683E-25  0.89454380E-41
  0.17100000E+02  0.65772246E-25  0.80269528E-41
  0.17200000E+02  0.65124882E-25  0.72030861E-41
  0.17300000E+02  0.64486435E-25  0.73695825E-41
  0.17400000E+02  0.63856755E-25  0.73373564E-41
  0.17500000E+02  0.63235693E-25  0.79082310E-41
  0.17600000E+02  0.62623103E-25  0.69322387E-41
  0.17700000E+02  0.62018843E-25  0.67753302E-41
  0.17800000E+02  0.61422772E-25  0.73681209E-41
  0.17900000E+02  0.60834754E-25  0.79703691E-41
  0.18000000E+02  0.60254654E-25  0.73031582E-41
  0.18100000E+02  0.59682340E-25  0.66537341E-41
  0.18200000E+02  0.59117681E-25  0.66689042E-41
  0.18300000E+02  0.58560552E-25  0.67093882E-41
  0.18400000E+02  0.58010827E-25  0.72046464E-41
  0.18500000E+02  0.57468383E-25  0.65539733E-41
  0.18600000E+02  0.56933102E-25  0.74384127E-41
  0.18700000E+02  0.56404864E-25  0.66165081E-41
  0.18800000E+02  0.55883555E-25  0.74777899E-41
  0.18900000E+02  0.55369062E-25  0.56722835E-41
  0.19000000E+02  0.54861273E-25  0.66644686E-41
  0.19100000E+02  0.54360078E-25  0.73584387E-41
  0.19200000E+02  0.53865372E-25  0.64555796E-41
  0.19300000E+02  0.53377048E-25  0.66463636E-41
  0.19400000E+02  0.52895005E-25  0.62525078E-41
  0.19500000E+02  0.52419140E-25  0.64754074E-41
  0.19600000E+02  0.51949354E-25  0.58042410E-41
  0.19700000E+02  0.51485551E-25  0.59212812E-41
  0.19800000E+02  0.51027634E-25  0.64625277E-41
  0.19900000E+02  0.50575510E-25  0.54867087E-41
  0.20000000E+02  0.50129087E-25  0.52097013E-41
  0.20100000E+02  0.49688273E-25  0.55946906E-41
  0.20200000E+02  0.49252982E-25  0.60686738E-41
  0.20300000E+02  0.48823125E-25  0.56298290E-41
  0.20400000E+02  0.48398617E-25  0.57726375E-41
  0.20500000E+02  0.47979375E-25  0.58295257E-41
  0.20600000E+02  0.47565315E-25  0.62299571E-41
  0.20700000E+02  0.47156358E-25  0.49904476E-41
  0.20800000E+02  0.46752423E-25  0.56351798E-41
  0.20900000E+02  0.46353433E-25  0.54989623E-41
  0.21000000E+02  0.45959312E-25  0.54725570E-41
  0.21100000E+02  0.45569983E-25  0.60753385E-41
  0.21200000E+02  0.45185375E-25  0.55548631E-41
  0.21300000E+02  0.44805413E-25  0.59948748E-41
  0.21400000E+02  0.44430028E-25  0.53458856E-41
  0.21500000E+02  0.44059148E-25  0.54614805E-41
  0.21600000E+02  0.43692707E-25  0.54700993E-41
  0.21700000E+02  0.43330635E-25  0.50826537E-41
  0.21800000E+02  0.42972868E-25  0.50212684E-41
  0.21900000E+02  0.42619341E-25  0.47176641E-41
  0.22000000E+02  0.42269989E-25  0.55941619E-41
  0.22100000E+02  0.41924749E-25  0.45778637E-41
  0.22200000E+02  0.41583561E-25  0.51418502E-41
  0.22300000E+02  0.41246364E-25  0.53079462E-41
  0.22400000E+02  0.40913099E-25  0.55416502E-41
  0.22500000E+02  0.40583706E-25  0.53623031E-41
  0.22600000E+02  0.40258130E-25  0.47132941E-41
  0.22700000E+02  0.39936313E-25  0.47878585E-41
  0.22800000E+02  0.39618200E-25  0.49337773E-41
  0.22900000E+02  0.39303738E-25  0.43249244E-41
  0.23000000E+02  0.38992871E-25  0.51339148E-41
  0.23100000E+02  0.38685549E-25  0.44663105E-41
  0.23200000E+02  0.38381719E-25  0.43602801E-41
  0.23300000E+02  0.38081331E-25  0.39371333E-41
  0.23400000E+02  0.37784336E-25  0.46442469E-41
  0.23500000E+02  0.37490683E-25  0.42255213E-41
  0.23600000E+02  0.37200325E-25  0.42872628E-41
  0.23700000E+02  0.36913215E-25  0.39601300E-41
  0.23800000E+02  0.36629306E-25  0.40955114E-41
  0.23900000E+02  0.36348552E-25  0.42548967E-41
  0.24000000E+02  0.36070910E-25  0.36579194E-41
  0.24100000E+02  0.35796333E-25  0.44326084E-41
  0.24200000E+02  0.35524780E-25  0.41557024E-41
  0.24300000E+02  0.35256208E-25  0.46796302E-41
  0.24400000E+02  0.34990574E-25  0.44645887E-41
  0.24500000E+02  0.34727838E-25  0.41039705E-41
  0.24600000E+02  0.34467958E-25  0.45489901E-41
  0.24700000E+02  0.34210895E-25  0.40790751E-41
  0.24800000E+02  0.33956610E-25  0.38395671E-41
  0.24900000E+02  0.33705065E-25  0.40422052E-41
  0.25000000E+02  0.33456220E-25  0.44020361E-41
  0.25100000E+02  0.33210040E-25  0.36346219E-41
  0.25200000E+02  0.32966487E-25  0.46714380E-41
  0.25300000E+02  0.32725526E-25  0.38419879E-41
  0.25400000E+02  0.32487120E-25  0.36941272E-41
  0.25500000E+02  0.32251236E-25  0.32261859E-41
  0.25600000E+02  0.32017838E-25  0.34568918E-41
  0.25700000E+02  0.31786894E-25  0.40551882E-41
  0.25800000E+02  0.31558369E-25  0.34191084E-41
  0.25900000E+02  0.31332232E-25  0.39082530E-41
  0.26000000E+02  0.31108449E-25  0.36046414E-41
  0.26100000E+02  0.30886990E-25  0.42022324E-41
  0.26200000E+02  0.30667824E-25  0.37216983E-41
  0.26300000E+02  0.30450919E-25  0.36855006E-41
  0.26400000E+02  0.30236246E-25  0.36553318E-41
  0.26500000E+02  0.30023775E-25  0.38237951E-41
  0.26600000E+02  0.29813478E-25  0.34230695E-41
  0.26700000E+02  0.29605324E-25  0.38584559E-41
  0.26800000E+02  0.29399287E-25  0.35159265E-41
  0.26900000E+02  0.29195337E-25  0.32440825E-41
  0.27000000E+02  0.28993449E-25  0.36644882E-41
  0.27100000E+02  0.28793595E-25  0.34839218E-41
  0.27200000E+02  0.28595748E-25  0.35724574E-41
  0.27300000E+02  0.28399883E-25  0.38671522E-41
  0.27400000E+02  0.28205974E-25  0.33265192E-41
  0.27500000E+02  0.28013996E-25  0.28170025E-41
  0.27600000E+02  0.27823923E-25  0.33878779E-41
  0.27700000E+02  0.27635731E-25  0.33809886E-41
  0.27800000E+02  0.27449397E-25  0.28675502E-41
  0.27900000E+02  0.27264896E-25  0.32789459E-41
  0.28000000E+02  0.27082206E-25  0.32469894E-41
  0.28100000E+02  0.26901302E-25  0.31291639E-41
  0.28200000E+02  0.26722164E-25  0.33307301E-41
  0.28300000E+02  0.26544767E-25  0.31725265E-41
  0.28400000E+02  0.26369090E-25  0.30091793E-41
  0.28500000E+02  0.26195113E-25  0.27358916E-41
  0.28600000E+02  0.26022812E-25  0.32898034E-41
  0.28700000E+02  0.25852168E-25  0.35514564E-41
  0.28800000E+02  0.25683160E-25  0.28974340E-41
  0.28900000E+02  0.25515767E-25  0.31168445E-41
  0.29000000E+02  0.25349970E-25  0.29439248E-41
  0.29100000E+02  0.25185748E-25  0.29579565E-41
  0.29200000E+02  0.25023083E-25  0.29209825E-41
  0.29300000E+02  0.24861955E-25  0.31303739E-41
  0.29400000E+02  0.24702345E-25  0.32566623E-41
  0.29500000E+02  0.24544234E-25  0.29875812E-41
  0.29600000E+02  0.24387605E-25  0.30963400E-41
  0.29700000E+02  0.24232440E-25  0.27594296E-41
  0.29800000E+02  0.24078720E-25  0.29315267E-41
  0.29900000E+02  0.23926428E-25  0.28532957E-41
  0.30000000E+02  0.23775547E-25  0.24724131E-41
  0.30100000E+02  0.23626060E-25  0.29369528E-41
  0.30200000E+02  0.23477950E-25  0.29283156E-41
  0.30300000E+02  0.23331201E-25  0.33995407E-41
  0.30400000E+02  0.23185796E-25  0.28543250E-41
  0.30500000E+02  0.23041719E-25  0.25477861E-41
  0.30600000E+02  0.22898955E-25  0.26597074E-41
  0.30700000E+02  0.22757488E-25  0.29214303E-41
  0.30800000E+02  0.22617303E-25  0.27757456E-41
  0.30900000E+02  0.22478385E-25  0.26627757E-41
  0.31000000E+02  0.22340718E-25  0.25511090E-41
  0.31100000E+02  0.22204288E-25  0.28246839E-41
  0.31200000E+02  0.22069080E-25  0.27894591E-41
  0.31300000E+02  0.21935081E-25  0.24065262E-41
  0.31400000E+02  0.21802276E-25  0.27967450E-41
  0.31500000E+02  0.21670652E-25  0.27725858E-41
  0.31600000E+02  0.21540194E-25  0.23096970E-41
  0.31700000E+02  0.21410889E-25  0.27945720E-41
  0.31800000E+02  0.21282725E-25  0.26600107E-41
  0.31900000E+02  0.21155687E-25  0.26491334E-41
  0.32000000E+02  0.21029763E-25  0.22255925E-41
  0.32100000E+02  0.20904940E-25  0.22269475E-41
  0.32200000E+02  0.20781206E-25  0.22694929E-41
  0.32300000E+02  0.20658548E-25  0.24615073E-41
  0.32400000E+02  0.20536954E-25  0.30229081E-41
  0.32500000E+02  0.20416412E-25  0.27659220E-41
  0.32600000E+02  0.20296910E-25  0.22432518E-41
  0.32700000E+02  0.20178437E-25  0.25707970E-41
  0.32800000E+02  0.20060980E-25  0.25950538E-41
  0.32900000E+02  0.19944529E-25  0.26563899E-41
  0.33000000E+02  0.19829072E-25  0.24931774E-41
  0.33100000E+02  0.19714598E-25  0.23530424E-41
  0.33200000E+02  0.19601097E-25  0.22436780E-41
  0.33300000E+02  0.19488556E-25  0.25850843E-41
  0.33400000E+02  0.19376967E-25  0.26326896E-41
  0.33500000E+02  0.19266318E-25  0.22358695E-41
  0.33600000E+02  0.19156599E-25  0.23594081E-41
  0.33700000E+02  0.19047799E-25  0.21964172E-41
  0.33800000E+02  0.18939910E-25  0.20684955E-41
  0.33900000E+02  0.18832920E-25  0.21589219E-41
  0.34000000E+02  0.18726820E-25  0.25254160E-41
  0.34100000E+02  0.18621600E-25  0.22288697E-41
  0.34200000E+02  0.18517251E-25  0.22167403E-41
  0.34300000E+02  0.18413763E-25  0.26261153E-41
  0.34400000E+02  0.18311127E-25  0.22437911E-41
  0.34500000E+02  0.18209334E-25  0.21944013E-41
  0.34600000E+02  0.18108374E-25  0.23729572E-41
  0.34700000E+02  0.18008240E-25  0.19409120E-41
  0.34800000E+02  0.17908921E-25  0.22220273E-41
  0.34900000E+02  0.17810410E-25  0.23596344E-41
  0.35000000E+02  0.17712697E-25  0.17732197E-41
  0.35100000E+02  0.17615775E-25  0.21680106E-41
  0.35200000E+02  0.17519635E-25  0.21489282E-41
  0.35300000E+02  0.17424268E-25  0.21733373E-41
  0.35400000E+02  0.17329666E-25  0.21731557E-41
  0.35500000E+02  0.17235822E-25  0.20157328E-41
  0.35600000E+02  0.17142728E-25  0.18821883E-41
  0.35700000E+02  0.17050375E-25  0.19435655E-41
  0.35800000E+02  0.16958756E-25  0.18528586E-41
  0.35900000E+02  0.16867864E-25  0.21126640E-41
  0.36000000E+02  0.16777690E-25  0.21452460E-41
  0.36100000E+02  0.16688227E-25  0.16924676E-41
  0.36200000E+02  0.16599468E-25  0.20057908E-41
  0.36300000E+02  0.16511406E-25  0.21502236E-41
  0.36400000E+02  0.16424034E-25  0.19554730E-41
  0.36500000E+02  0.16337344E-25  0.20673535E-41
  0.36600000E+02  0.16251329E-25  0.21709230E-41
  0.36700000E+02  0.16165983E-25  0.22606689E-41
  0.36800000E+02  0.16081299E-25  0.18864723E-41
  0.36900000E+02  0.15997269E-25  0.17965261E-41
  0.37000000E+02  0.15913888E-25  0.17106832E-41
  0.37100000E+02  0.15831149E-25  0.19549485E-41
  0.37200000E+02  0.15749045E-25  0.18561996E-41
  0.37300000E+02  0.15667570E-25  0.20444585E-41
  0.37400000E+02  0.15586718E-25  0.19278483E-41
  0.37500000E+02  0.15506482E-25  0.19029031E-41
  0.37600000E+02  0.15426856E-25  0.20232701E-41
  0.37700000E+02  0.15347835E-25  0.17093454E-41
  0.37800000E+02  0.15269411E-25  0.19608104E-41
  0.37900000E+02  0.15191580E-25  0.19230414E-41
  0.38000000E+02  0.15114335E-25  0.16199414E-41
  0.38100000E+02  0.15037670E-25  0.18497369E-41
  0.38200000E+02  0.14961580E-25  0.16364275E-41
  0.38300000E+02  0.14886059E-25  0.19048845E-41
  0.38400000E+02  0.14811102E-25  0.18322264E-41
  0.38500000E+02  0.14736703E-25  0.19447680E-41
  0.38600000E+02  0.14662856E-25  0.20755987E-41
  0.38700000E+02  0.14589557E-25  0.15172123E-41
  0.38800000E+02  0.14516799E-25  0.19410261E-41
  0.38900000E+02  0.14444578E-25  0.17258370E-41
  0.39000000E+02  0.14372888E-25  0.16551167E-41
  0.39100000E+02  0.14301725E-25  0.18390299E-41
  0.39200000E+02  0.14231083E-25  0.19912006E-41
  0.39300000E+02  0.14160957E-25  0.17331639E-41
  0.39400000E+02  0.14091342E-25  0.16725990E-41
  0.39500000E+02  0.14022233E-25  0.16493641E-41
  0.39600000E+02  0.13953626E-25  0.15438389E-41
  0.39700000E+02  0.13885515E-25  0.16114772E-41
  0.39800000E+02  0.13817897E-25  0.16835312E-41
  0.39900000E+02  0.13750766E-25  0.16195234E-41
  0.40000000E+02  0.13684117E-25  0.16237651E-41
