  0.00000000E+00  0.59981124E-20  0.46143224E-39
  0.10000000E+00  0.59915616E-20  0.50166869E-39
  0.20000000E+00  0.59720274E-20  0.74629430E-39
  0.30000000E+00  0.59398586E-20  0.92410542E-39
  0.40000000E+00  0.58956151E-20  0.12535986E-38
  0.50000000E+00  0.58400394E-20  0.17094645E-38
  0.60000000E+00  0.57740206E-20  0.21569386E-38
  0.70000000E+00  0.56985547E-20  0.26292881E-38
  0.80000000E+00  0.56147048E-20  0.31410843E-38
  0.90000000E+00  0.55235637E-20  0.37564337E-38
  0.10000000E+01  0.54262211E-20  0.44071977E-38
  0.11000000E+01  0.53237361E-20  0.49690739E-38
  0.12000000E+01  0.52171166E-20  0.54651147E-38
  0.13000000E+01  0.51073034E-20  0.59563846E-38
  0.14000000E+01  0.49951605E-20  0.65345011E-38
  0.15000000E+01  0.48814698E-20  0.70276310E-38
  0.16000000E+01  0.47669295E-20  0.73937675E-38
  0.17000000E+01  0.46521551E-20  0.77782529E-38
  0.18000000E+01  0.45376827E-20  0.81754409E-38
  0.19000000E+01  0.44239737E-20  0.84174163E-38
  0.20000000E+01  0.43114207E-20  0.86976779E-38
  0.21000000E+01  0.42003533E-20  0.89117788E-38
  0.22000000E+01  0.40910443E-20  0.90857418E-38
  0.23000000E+01  0.39837159E-20  0.92042073E-38
  0.24000000E+01  0.38785459E-20  0.92898316E-38
  0.25000000E+01  0.37756727E-20  0.93202142E-38
  0.26000000E+01  0.36752009E-20  0.93873277E-38
  0.27000000E+01  0.35772054E-20  0.93423111E-38
  0.28000000E+01  0.34817362E-20  0.93701053E-38
  0.29000000E+01  0.33888215E-20  0.93046361E-38
  0.30000000E+01  0.32984717E-20  0.92537587E-38
  0.31000000E+01  0.32106818E-20  0.91646927E-38
  0.32000000E+01  0.31254339E-20  0.90539794E-38
  0.33000000E+01  0.30427000E-20  0.89502005E-38
  0.34000000E+01  0.29624432E-20  0.88177397E-38
  0.35000000E+01  0.28846200E-20  0.86729085E-38
  0.36000000E+01  0.28091812E-20  0.85520218E-38
  0.37000000E+01  0.27360734E-20  0.83871410E-38
  0.38000000E+01  0.26652401E-20  0.81995842E-38
  0.39000000E+01  0.25966222E-20  0.80305183E-38
  0.40000000E+01  0.25301594E-20  0.78710572E-38
  0.41000000E+01  0.24657899E-20  0.77503706E-38
  0.42000000E+01  0.24034519E-20  0.75541014E-38
  0.43000000E+01  0.23430833E-20  0.74134436E-38
  0.44000000E+01  0.22846226E-20  0.72219142E-38
  0.45000000E+01  0.22280085E-20  0.70664973E-38
  0.46000000E+01  0.21731811E-20  0.68965985E-38
  0.47000000E+01  0.21200812E-20  0.67272068E-38
  0.48000000E+01  0.20686509E-20  0.65910793E-38
  0.49000000E+01  0.20188337E-20  0.64198057E-38
  0.50000000E+01  0.19705744E-20  0.62494526E-38
  0.51000000E+01  0.19238194E-20  0.61150557E-38
  0.52000000E+01  0.18785166E-20  0.59654129E-38
  0.53000000E+01  0.18346154E-20  0.58029491E-38
  0.54000000E+01  0.17920670E-20  0.56680938E-38
  0.55000000E+01  0.17508238E-20  0.55213081E-38
  0.56000000E+01  0.17108400E-20  0.53886445E-38
  0.57000000E+01  0.16720714E-20  0.52347937E-38
  0.58000000E+01  0.16344751E-20  0.51021334E-38
  0.59000000E+01  0.15980100E-20  0.49940888E-38
  0.60000000E+01  0.15626363E-20  0.48573310E-38
  0.61000000E+01  0.15283156E-20  0.47367255E-38
  0.62000000E+01  0.14950109E-20  0.46165406E-38
  0.63000000E+01  0.14626867E-20  0.45109139E-38
  0.64000000E+01  0.14313087E-20  0.44098330E-38
  0.65000000E+01  0.14008439E-20  0.42933050E-38
  0.66000000E+01  0.13712605E-20  0.41781560E-38
  0.67000000E+01  0.13425279E-20  0.40614739E-38
  0.68000000E+01  0.13146168E-20  0.39664039E-38
  0.69000000E+01  0.12874988E-20  0.38766045E-38
  0.70000000E+01  0.12611467E-20  0.37980773E-38
  0.71000000E+01  0.12355343E-20  0.36886015E-38
  0.72000000E+01  0.12106364E-20  0.35908481E-38
  0.73000000E+01  0.11864288E-20  0.35105973E-38
  0.74000000E+01  0.11628881E-20  0.34324486E-38
  0.75000000E+01  0.11399919E-20  0.33508908E-38
  0.76000000E+01  0.11177187E-20  0.32702950E-38
  0.77000000E+01  0.10960475E-20  0.32104534E-38
  0.78000000E+01  0.10749585E-20  0.31255004E-38
  0.79000000E+01  0.10544325E-20  0.30530394E-38
  0.80000000E+01  0.10344508E-20  0.29804580E-38
  0.81000000E+01  0.10149958E-20  0.29034509E-38
  0.82000000E+01  0.99605018E-21  0.28473993E-38
  0.83000000E+01  0.97759755E-21  0.27917430E-38
  0.84000000E+01  0.95962199E-21  0.27247954E-38
  0.85000000E+01  0.94210820E-21  0.26671912E-38
  0.86000000E+01  0.92504145E-21  0.26008653E-38
  0.87000000E+01  0.90840754E-21  0.25550999E-38
  0.88000000E+01  0.89219283E-21  0.24854187E-38
  0.89000000E+01  0.87638413E-21  0.24468824E-38
  0.90000000E+01  0.86096877E-21  0.23933185E-38
  0.91000000E+01  0.84593452E-21  0.23470294E-38
  0.92000000E+01  0.83126960E-21  0.22915366E-38
  0.93000000E+01  0.81696265E-21  0.22569782E-38
  0.94000000E+01  0.80300274E-21  0.21937926E-38
  0.95000000E+01  0.78937929E-21  0.21536074E-38
  0.96000000E+01  0.77608215E-21  0.21130352E-38
  0.97000000E+01  0.76310147E-21  0.20669337E-38
  0.98000000E+01  0.75042781E-21  0.20337738E-38
  0.99000000E+01  0.73805201E-21  0.19923600E-38
  0.10000000E+02  0.72596526E-21  0.19522929E-38
  0.10100000E+02  0.71415906E-21  0.19172799E-38
  0.10200000E+02  0.70262518E-21  0.18740108E-38
  0.10300000E+02  0.69135569E-21  0.18348390E-38
  0.10400000E+02  0.68034295E-21  0.18040193E-38
  0.10500000E+02  0.66957954E-21  0.17688959E-38
  0.10600000E+02  0.65905834E-21  0.17412135E-38
  0.10700000E+02  0.64877243E-21  0.16973983E-38
  0.10800000E+02  0.63871516E-21  0.16773318E-38
  0.10900000E+02  0.62888007E-21  0.16427505E-38
  0.11000000E+02  0.61926095E-21  0.16056990E-38
  0.11100000E+02  0.60985176E-21  0.15834508E-38
  0.11200000E+02  0.60064669E-21  0.15639261E-38
  0.11300000E+02  0.59164012E-21  0.15319205E-38
  0.11400000E+02  0.58282658E-21  0.15037886E-38
  0.11500000E+02  0.57420083E-21  0.14761548E-38
  0.11600000E+02  0.56575777E-21  0.14478736E-38
  0.11700000E+02  0.55749246E-21  0.14284938E-38
  0.11800000E+02  0.54940014E-21  0.13997081E-38
  0.11900000E+02  0.54147618E-21  0.13774973E-38
  0.12000000E+02  0.53371612E-21  0.13561511E-38
  0.12100000E+02  0.52611563E-21  0.13298961E-38
  0.12200000E+02  0.51867052E-21  0.13101529E-38
  0.12300000E+02  0.51137672E-21  0.12879783E-38
  0.12400000E+02  0.50423031E-21  0.12751482E-38
  0.12500000E+02  0.49722747E-21  0.12516265E-38
  0.12600000E+02  0.49036451E-21  0.12255988E-38
  0.12700000E+02  0.48363786E-21  0.12091511E-38
  0.12800000E+02  0.47704404E-21  0.11858210E-38
  0.12900000E+02  0.47057969E-21  0.11724498E-38
  0.13000000E+02  0.46424156E-21  0.11563890E-38
  0.13100000E+02  0.45802648E-21  0.11340511E-38
  0.13200000E+02  0.45193138E-21  0.11182885E-38
  0.13300000E+02  0.44595329E-21  0.11014549E-38
  0.13400000E+02  0.44008933E-21  0.10822067E-38
  0.13500000E+02  0.43433670E-21  0.10623666E-38
  0.13600000E+02  0.42869268E-21  0.10523418E-38
  0.13700000E+02  0.42315462E-21  0.10362409E-38
  0.13800000E+02  0.41771999E-21  0.10208588E-38
  0.13900000E+02  0.41238627E-21  0.10085922E-38
  0.14000000E+02  0.40715108E-21  0.98881079E-39
  0.14100000E+02  0.40201205E-21  0.97840104E-39
  0.14200000E+02  0.39696692E-21  0.96375672E-39
  0.14300000E+02  0.39201347E-21  0.94697891E-39
  0.14400000E+02  0.38714956E-21  0.93621999E-39
  0.14500000E+02  0.38237310E-21  0.92621560E-39
  0.14600000E+02  0.37768205E-21  0.90840598E-39
  0.14700000E+02  0.37307446E-21  0.89951975E-39
  0.14800000E+02  0.36854839E-21  0.88477596E-39
  0.14900000E+02  0.36410200E-21  0.87419878E-39
  0.15000000E+02  0.35973346E-21  0.85975541E-39
  0.15100000E+02  0.35544102E-21  0.84819087E-39
  0.15200000E+02  0.35122296E-21  0.83863526E-39
  0.15300000E+02  0.34707762E-21  0.83051876E-39
  0.15400000E+02  0.34300337E-21  0.81665955E-39
  0.15500000E+02  0.33899864E-21  0.80505332E-39
  0.15600000E+02  0.33506190E-21  0.79652384E-39
  0.15700000E+02  0.33119164E-21  0.78554507E-39
  0.15800000E+02  0.32738641E-21  0.77350231E-39
  0.15900000E+02  0.32364481E-21  0.76923464E-39
  0.16000000E+02  0.31996545E-21  0.75746400E-39
  0.16100000E+02  0.31634698E-21  0.74786397E-39
  0.16200000E+02  0.31278811E-21  0.73634457E-39
  0.16300000E+02  0.30928756E-21  0.72708900E-39
  0.16400000E+02  0.30584410E-21  0.71956710E-39
  0.16500000E+02  0.30245650E-21  0.71274753E-39
  0.16600000E+02  0.29912361E-21  0.70121369E-39
  0.16700000E+02  0.29584426E-21  0.69338858E-39
  0.16800000E+02  0.29261735E-21  0.68447732E-39
  0.16900000E+02  0.28944179E-21  0.67852625E-39
  0.17000000E+02  0.28631651E-21  0.66986161E-39
  0.17100000E+02  0.28324049E-21  0.66149937E-39
  0.17200000E+02  0.28021270E-21  0.65204675E-39
  0.17300000E+02  0.27723218E-21  0.64337155E-39
  0.17400000E+02  0.27429796E-21  0.63982053E-39
  0.17500000E+02  0.27140910E-21  0.63025892E-39
  0.17600000E+02  0.26856469E-21  0.62443126E-39
  0.17700000E+02  0.26576385E-21  0.61739206E-39
  0.17800000E+02  0.26300571E-21  0.60986959E-39
  0.17900000E+02  0.26028941E-21  0.60415169E-39
  0.18000000E+02  0.25761414E-21  0.59521399E-39
  0.18100000E+02  0.25497908E-21  0.58902222E-39
  0.18200000E+02  0.25238346E-21  0.58197514E-39
  0.18300000E+02  0.24982649E-21  0.57664724E-39
  0.18400000E+02  0.24730744E-21  0.56674523E-39
  0.18500000E+02  0.24482556E-21  0.56340437E-39
  0.18600000E+02  0.24238015E-21  0.55823594E-39
  0.18700000E+02  0.23997050E-21  0.55134943E-39
  0.18800000E+02  0.23759594E-21  0.54496358E-39
  0.18900000E+02  0.23525580E-21  0.53970121E-39
  0.19000000E+02  0.23294942E-21  0.53276509E-39
  0.19100000E+02  0.23067618E-21  0.52797532E-39
  0.19200000E+02  0.22843544E-21  0.52305935E-39
  0.19300000E+02  0.22622662E-21  0.51515900E-39
  0.19400000E+02  0.22404910E-21  0.50899075E-39
  0.19500000E+02  0.22190232E-21  0.50756583E-39
  0.19600000E+02  0.21978571E-21  0.50023113E-39
  0.19700000E+02  0.21769871E-21  0.49567048E-39
  0.19800000E+02  0.21564078E-21  0.49100891E-39
  0.19900000E+02  0.21361140E-21  0.48411091E-39
  0.20000000E+02  0.21161004E-21  0.48168362E-39
  0.20100000E+02  0.20963621E-21  0.47778920E-39
  0.20200000E+02  0.20768940E-21  0.47059867E-39
  0.20300000E+02  0.20576913E-21  0.46696719E-39
  0.20400000E+02  0.20387494E-21  0.46191589E-39
  0.20500000E+02  0.20200636E-21  0.45493350E-39
  0.20600000E+02  0.20016293E-21  0.45373591E-39
  0.20700000E+02  0.19834421E-21  0.44764698E-39
  0.20800000E+02  0.19654978E-21  0.44474249E-39
  0.20900000E+02  0.19477920E-21  0.43869092E-39
  0.21000000E+02  0.19303206E-21  0.43612667E-39
  0.21100000E+02  0.19130796E-21  0.43053108E-39
  0.21200000E+02  0.18960649E-21  0.42582547E-39
  0.21300000E+02  0.18792727E-21  0.42117778E-39
  0.21400000E+02  0.18626993E-21  0.41802009E-39
  0.21500000E+02  0.18463408E-21  0.41459825E-39
  0.21600000E+02  0.18301936E-21  0.41130043E-39
  0.21700000E+02  0.18142541E-21  0.40808397E-39
  0.21800000E+02  0.17985189E-21  0.40333267E-39
  0.21900000E+02  0.17829845E-21  0.40055853E-39
  0.22000000E+02  0.17676475E-21  0.39544199E-39
  0.22100000E+02  0.17525047E-21  0.39271826E-39
  0.22200000E+02  0.17375529E-21  0.38866324E-39
  0.22300000E+02  0.17227889E-21  0.38446586E-39
  0.22400000E+02  0.17082095E-21  0.38200412E-39
  0.22500000E+02  0.16938119E-21  0.37969503E-39
  0.22600000E+02  0.16795930E-21  0.37359549E-39
  0.22700000E+02  0.16655498E-21  0.37367852E-39
  0.22800000E+02  0.16516797E-21  0.36829060E-39
  0.22900000E+02  0.16379796E-21  0.36543789E-39
  0.23000000E+02  0.16244471E-21  0.36125221E-39
  0.23100000E+02  0.16110792E-21  0.35865043E-39
  0.23200000E+02  0.15978735E-21  0.35684921E-39
  0.23300000E+02  0.15848273E-21  0.35263592E-39
  0.23400000E+02  0.15719382E-21  0.35016615E-39
  0.23500000E+02  0.15592035E-21  0.34503144E-39
  0.23600000E+02  0.15466210E-21  0.34426408E-39
  0.23700000E+02  0.15341882E-21  0.34227735E-39
  0.23800000E+02  0.15219028E-21  0.33845059E-39
  0.23900000E+02  0.15097624E-21  0.33382857E-39
  0.24000000E+02  0.14977649E-21  0.33277375E-39
  0.24100000E+02  0.14859081E-21  0.32982049E-39
  0.24200000E+02  0.14741897E-21  0.32670891E-39
  0.24300000E+02  0.14626076E-21  0.32494149E-39
  0.24400000E+02  0.14511599E-21  0.32048918E-39
  0.24500000E+02  0.14398443E-21  0.31769876E-39
  0.24600000E+02  0.14286590E-21  0.31708176E-39
  0.24700000E+02  0.14176019E-21  0.31372587E-39
  0.24800000E+02  0.14066711E-21  0.31149304E-39
  0.24900000E+02  0.13958648E-21  0.30842873E-39
  0.25000000E+02  0.13851810E-21  0.30617741E-39
  0.25100000E+02  0.13746180E-21  0.30332142E-39
  0.25200000E+02  0.13641739E-21  0.30057393E-39
  0.25300000E+02  0.13538470E-21  0.29829145E-39
  0.25400000E+02  0.13436356E-21  0.29635773E-39
  0.25500000E+02  0.13335379E-21  0.29389125E-39
  0.25600000E+02  0.13235523E-21  0.29141703E-39
  0.25700000E+02  0.13136772E-21  0.28957894E-39
  0.25800000E+02  0.13039109E-21  0.28629156E-39
  0.25900000E+02  0.12942519E-21  0.28589431E-39
  0.26000000E+02  0.12846987E-21  0.28378976E-39
  0.26100000E+02  0.12752496E-21  0.28147432E-39
  0.26200000E+02  0.12659033E-21  0.27857994E-39
  0.26300000E+02  0.12566582E-21  0.27561019E-39
  0.26400000E+02  0.12475129E-21  0.27400031E-39
  0.26500000E+02  0.12384660E-21  0.27304448E-39
  0.26600000E+02  0.12295161E-21  0.26998141E-39
  0.26700000E+02  0.12206619E-21  0.26810802E-39
  0.26800000E+02  0.12119019E-21  0.26475934E-39
  0.26900000E+02  0.12032348E-21  0.26413783E-39
  0.27000000E+02  0.11946595E-21  0.26179585E-39
  0.27100000E+02  0.11861745E-21  0.26026810E-39
  0.27200000E+02  0.11777787E-21  0.25761938E-39
  0.27300000E+02  0.11694708E-21  0.25742805E-39
  0.27400000E+02  0.11612495E-21  0.25569819E-39
  0.27500000E+02  0.11531138E-21  0.25302029E-39
  0.27600000E+02  0.11450624E-21  0.25122552E-39
  0.27700000E+02  0.11370942E-21  0.24859474E-39
  0.27800000E+02  0.11292080E-21  0.24729511E-39
  0.27900000E+02  0.11214028E-21  0.24570669E-39
  0.28000000E+02  0.11136774E-21  0.24495346E-39
  0.28100000E+02  0.11060308E-21  0.24159820E-39
  0.28200000E+02  0.10984619E-21  0.24061529E-39
  0.28300000E+02  0.10909697E-21  0.23809846E-39
  0.28400000E+02  0.10835531E-21  0.23661766E-39
  0.28500000E+02  0.10762112E-21  0.23554037E-39
  0.28600000E+02  0.10689429E-21  0.23336312E-39
  0.28700000E+02  0.10617473E-21  0.23181153E-39
  0.28800000E+02  0.10546234E-21  0.23008043E-39
  0.28900000E+02  0.10475703E-21  0.22909351E-39
  0.29000000E+02  0.10405871E-21  0.22591899E-39
  0.29100000E+02  0.10336728E-21  0.22590221E-39
  0.29200000E+02  0.10268266E-21  0.22455954E-39
  0.29300000E+02  0.10200475E-21  0.22187141E-39
  0.29400000E+02  0.10133348E-21  0.22240521E-39
  0.29500000E+02  0.10066874E-21  0.22006351E-39
  0.29600000E+02  0.10001047E-21  0.21825954E-39
  0.29700000E+02  0.99358577E-22  0.21538072E-39
  0.29800000E+02  0.98712978E-22  0.21469355E-39
  0.29900000E+02  0.98073596E-22  0.21209799E-39
  0.30000000E+02  0.97440350E-22  0.21159351E-39
  0.30100000E+02  0.96813164E-22  0.21103368E-39
  0.30200000E+02  0.96191961E-22  0.20902211E-39
  0.30300000E+02  0.95576666E-22  0.20767978E-39
  0.30400000E+02  0.94967205E-22  0.20666330E-39
  0.30500000E+02  0.94363505E-22  0.20485035E-39
  0.30600000E+02  0.93765493E-22  0.20361540E-39
  0.30700000E+02  0.93173100E-22  0.20286224E-39
  0.30800000E+02  0.92586256E-22  0.20155111E-39
  0.30900000E+02  0.92004892E-22  0.20074557E-39
  0.31000000E+02  0.91428941E-22  0.19857752E-39
  0.31100000E+02  0.90858336E-22  0.19715543E-39
  0.31200000E+02  0.90293012E-22  0.19622457E-39
  0.31300000E+02  0.89732904E-22  0.19487675E-39
  0.31400000E+02  0.89177949E-22  0.19304748E-39
  0.31500000E+02  0.88628085E-22  0.19214448E-39
  0.31600000E+02  0.88083249E-22  0.19120691E-39
  0.31700000E+02  0.87543382E-22  0.18953725E-39
  0.31800000E+02  0.87008423E-22  0.18901271E-39
  0.31900000E+02  0.86478313E-22  0.18630012E-39
  0.32000000E+02  0.85952995E-22  0.18550186E-39
  0.32100000E+02  0.85432411E-22  0.18446245E-39
  0.32200000E+02  0.84916505E-22  0.18315115E-39
  0.32300000E+02  0.84405222E-22  0.18252417E-39
  0.32400000E+02  0.83898507E-22  0.18130344E-39
  0.32500000E+02  0.83396306E-22  0.18017248E-39
  0.32600000E+02  0.82898565E-22  0.17954772E-39
  0.32700000E+02  0.82405234E-22  0.17840275E-39
  0.32800000E+02  0.81916260E-22  0.17706614E-39
  0.32900000E+02  0.81431592E-22  0.17605161E-39
  0.33000000E+02  0.80951180E-22  0.17534561E-39
  0.33100000E+02  0.80474975E-22  0.17420674E-39
  0.33200000E+02  0.80002929E-22  0.17296971E-39
  0.33300000E+02  0.79534993E-22  0.17103144E-39
  0.33400000E+02  0.79071121E-22  0.17023750E-39
  0.33500000E+02  0.78611264E-22  0.16991583E-39
  0.33600000E+02  0.78155379E-22  0.16840606E-39
  0.33700000E+02  0.77703419E-22  0.16828225E-39
  0.33800000E+02  0.77255339E-22  0.16640416E-39
  0.33900000E+02  0.76811097E-22  0.16564447E-39
  0.34000000E+02  0.76370648E-22  0.16509485E-39
  0.34100000E+02  0.75933949E-22  0.16355871E-39
  0.34200000E+02  0.75500959E-22  0.16243156E-39
  0.34300000E+02  0.75071636E-22  0.16151737E-39
  0.34400000E+02  0.74645938E-22  0.16127156E-39
  0.34500000E+02  0.74223826E-22  0.15963899E-39
  0.34600000E+02  0.73805260E-22  0.15912182E-39
  0.34700000E+02  0.73390199E-22  0.15852466E-39
  0.34800000E+02  0.72978606E-22  0.15712330E-39
  0.34900000E+02  0.72570442E-22  0.15638077E-39
  0.35000000E+02  0.72165670E-22  0.15592604E-39
  0.35100000E+02  0.71764251E-22  0.15425937E-39
  0.35200000E+02  0.71366150E-22  0.15329023E-39
  0.35300000E+02  0.70971330E-22  0.15258483E-39
  0.35400000E+02  0.70579756E-22  0.15235533E-39
  0.35500000E+02  0.70191392E-22  0.15092219E-39
  0.35600000E+02  0.69806203E-22  0.15053252E-39
  0.35700000E+02  0.69424156E-22  0.14975519E-39
  0.35800000E+02  0.69045216E-22  0.14884096E-39
  0.35900000E+02  0.68669349E-22  0.14720845E-39
  0.36000000E+02  0.68296524E-22  0.14712875E-39
  0.36100000E+02  0.67926707E-22  0.14688834E-39
  0.36200000E+02  0.67559866E-22  0.14541087E-39
  0.36300000E+02  0.67195970E-22  0.14443508E-39
  0.36400000E+02  0.66834988E-22  0.14371580E-39
  0.36500000E+02  0.66476888E-22  0.14277552E-39
  0.36600000E+02  0.66121640E-22  0.14229843E-39
  0.36700000E+02  0.65769215E-22  0.14176837E-39
  0.36800000E+02  0.65419582E-22  0.14043581E-39
  0.36900000E+02  0.65072712E-22  0.14015364E-39
  0.37000000E+02  0.64728577E-22  0.13889685E-39
  0.37100000E+02  0.64387147E-22  0.13770497E-39
  0.37200000E+02  0.64048396E-22  0.13778675E-39
  0.37300000E+02  0.63712294E-22  0.13666991E-39
  0.37400000E+02  0.63378815E-22  0.13582779E-39
  0.37500000E+02  0.63047931E-22  0.13536704E-39
  0.37600000E+02  0.62719617E-22  0.13467583E-39
  0.37700000E+02  0.62393844E-22  0.13431495E-39
  0.37800000E+02  0.62070589E-22  0.13378240E-39
  0.37900000E+02  0.61749824E-22  0.13187569E-39
  0.38000000E+02  0.61431524E-22  0.13144365E-39
  0.38100000E+02  0.61115665E-22  0.13148440E-39
  0.38200000E+02  0.60802221E-22  0.13004903E-39
  0.38300000E+02  0.60491168E-22  0.12955113E-39
  0.38400000E+02  0.60182482E-22  0.12949819E-39
  0.38500000E+02  0.59876140E-22  0.12841088E-39
  0.38600000E+02  0.59572117E-22  0.12807153E-39
  0.38700000E+02  0.59270390E-22  0.12722975E-39
  0.38800000E+02  0.58970937E-22  0.12669105E-39
  0.38900000E+02  0.58673735E-22  0.12588009E-39
  0.39000000E+02  0.58378761E-22  0.12520460E-39
  0.39100000E+02  0.58085993E-22  0.12503370E-39
  0.39200000E+02  0.57795410E-22  0.12421681E-39
  0.39300000E+02  0.57506990E-22  0.12353981E-39
  0.39400000E+02  0.57220712E-22  0.12269247E-39
  0.39500000E+02  0.56936554E-22  0.12136884E-39
  0.39600000E+02  0.56654496E-22  0.12174406E-39
  0.39700000E+02  0.56374517E-22  0.12060125E-39
  0.39800000E+02  0.56096597E-22  0.12012875E-39
  0.39900000E+02  0.55820716E-22  0.11926106E-39
  0.40000000E+02  0.55546854E-22  0.11894729E-39
