  0.00000000E+00  0.90575062E-19  0.25449484E-36
  0.10000000E+00  0.90507587E-19  0.25543452E-36
  0.20000000E+00  0.90305974E-19  0.25822938E-36
  0.30000000E+00  0.89972629E-19  0.26280800E-36
  0.40000000E+00  0.89511467E-19  0.26905506E-36
  0.50000000E+00  0.88927767E-19  0.27681670E-36
  0.60000000E+00  0.88228001E-19  0.28590738E-36
  0.70000000E+00  0.87419619E-19  0.29611792E-36
  0.80000000E+00  0.86510836E-19  0.30722408E-36
  0.90000000E+00  0.85510401E-19  0.31899511E-36
  0.10000000E+01  0.84427385E-19  0.33120179E-36
  0.11000000E+01  0.83270984E-19  0.34362352E-36
  0.12000000E+01  0.82050343E-19  0.35605412E-36
  0.13000000E+01  0.80774405E-19  0.36830636E-36
  0.14000000E+01  0.79451792E-19  0.38021488E-36
  0.15000000E+01  0.78090710E-19  0.39163798E-36
  0.16000000E+01  0.76698878E-19  0.40245806E-36
  0.17000000E+01  0.75283482E-19  0.41258117E-36
  0.18000000E+01  0.73851147E-19  0.42193581E-36
  0.19000000E+01  0.72407927E-19  0.43047118E-36
  0.20000000E+01  0.70959308E-19  0.43815509E-36
  0.21000000E+01  0.69510221E-19  0.44497165E-36
  0.22000000E+01  0.68065063E-19  0.45091904E-36
  0.23000000E+01  0.66627724E-19  0.45600715E-36
  0.24000000E+01  0.65201618E-19  0.46025556E-36
  0.25000000E+01  0.63789716E-19  0.46369151E-36
  0.26000000E+01  0.62394582E-19  0.46634818E-36
  0.27000000E+01  0.61018405E-19  0.46826314E-36
  0.28000000E+01  0.59663033E-19  0.46947701E-36
  0.29000000E+01  0.58330008E-19  0.47003235E-36
  0.30000000E+01  0.57020594E-19  0.46997270E-36
  0.31000000E+01  0.55735807E-19  0.46934180E-36
  0.32000000E+01  0.54476443E-19  0.46818296E-36
  0.33000000E+01  0.53243102E-19  0.46653859E-36
  0.34000000E+01  0.52036211E-19  0.46444979E-36
  0.35000000E+01  0.50856046E-19  0.46195608E-36
  0.36000000E+01  0.49702750E-19  0.45909519E-36
  0.37000000E+01  0.48576350E-19  0.45590294E-36
  0.38000000E+01  0.47476772E-19  0.45241315E-36
  0.39000000E+01  0.46403859E-19  0.44865757E-36
  0.40000000E+01  0.45357377E-19  0.44466596E-36
  0.41000000E+01  0.44337030E-19  0.44046604E-36
  0.42000000E+01  0.43342470E-19  0.43608358E-36
  0.43000000E+01  0.42373304E-19  0.43154245E-36
  0.44000000E+01  0.41429103E-19  0.42686472E-36
  0.45000000E+01  0.40509407E-19  0.42207071E-36
  0.46000000E+01  0.39613734E-19  0.41717909E-36
  0.47000000E+01  0.38741581E-19  0.41220702E-36
  0.48000000E+01  0.37892434E-19  0.40717017E-36
  0.49000000E+01  0.37065766E-19  0.40208286E-36
  0.50000000E+01  0.36261044E-19  0.39695813E-36
  0.51000000E+01  0.35477734E-19  0.39180783E-36
  0.52000000E+01  0.34715296E-19  0.38664272E-36
  0.53000000E+01  0.33973197E-19  0.38147255E-36
  0.54000000E+01  0.33250902E-19  0.37630609E-36
  0.55000000E+01  0.32547883E-19  0.37115128E-36
  0.56000000E+01  0.31863618E-19  0.36601523E-36
  0.57000000E+01  0.31197593E-19  0.36090431E-36
  0.58000000E+01  0.30549300E-19  0.35582422E-36
  0.59000000E+01  0.29918241E-19  0.35078004E-36
  0.60000000E+01  0.29303928E-19  0.34577627E-36
  0.61000000E+01  0.28705882E-19  0.34081688E-36
  0.62000000E+01  0.28123637E-19  0.33590538E-36
  0.63000000E+01  0.27556735E-19  0.33104483E-36
  0.64000000E+01  0.27004729E-19  0.32623788E-36
  0.65000000E+01  0.26467186E-19  0.32148683E-36
  0.66000000E+01  0.25943680E-19  0.31679365E-36
  0.67000000E+01  0.25433801E-19  0.31216000E-36
  0.68000000E+01  0.24937146E-19  0.30758726E-36
  0.69000000E+01  0.24453325E-19  0.30307658E-36
  0.70000000E+01  0.23981959E-19  0.29862887E-36
  0.71000000E+01  0.23522680E-19  0.29424484E-36
  0.72000000E+01  0.23075130E-19  0.28992500E-36
  0.73000000E+01  0.22638962E-19  0.28566972E-36
  0.74000000E+01  0.22213839E-19  0.28147920E-36
  0.75000000E+01  0.21799435E-19  0.27735352E-36
  0.76000000E+01  0.21395433E-19  0.27329261E-36
  0.77000000E+01  0.21001526E-19  0.26929632E-36
  0.78000000E+01  0.20617416E-19  0.26536439E-36
  0.79000000E+01  0.20242816E-19  0.26149647E-36
  0.80000000E+01  0.19877445E-19  0.25769215E-36
  0.81000000E+01  0.19521034E-19  0.25395092E-36
  0.82000000E+01  0.19173320E-19  0.25027223E-36
  0.83000000E+01  0.18834049E-19  0.24665548E-36
  0.84000000E+01  0.18502976E-19  0.24310001E-36
  0.85000000E+01  0.18179862E-19  0.23960512E-36
  0.86000000E+01  0.17864477E-19  0.23617009E-36
  0.87000000E+01  0.17556599E-19  0.23279416E-36
  0.88000000E+01  0.17256010E-19  0.22947654E-36
  0.89000000E+01  0.16962501E-19  0.22621642E-36
  0.90000000E+01  0.16675871E-19  0.22301296E-36
  0.91000000E+01  0.16395924E-19  0.21986535E-36
  0.92000000E+01  0.16122468E-19  0.21677271E-36
  0.93000000E+01  0.15855321E-19  0.21373419E-36
  0.94000000E+01  0.15594305E-19  0.21074892E-36
  0.95000000E+01  0.15339247E-19  0.20781602E-36
  0.96000000E+01  0.15089980E-19  0.20493464E-36
  0.97000000E+01  0.14846343E-19  0.20210388E-36
  0.98000000E+01  0.14608180E-19  0.19932288E-36
  0.99000000E+01  0.14375339E-19  0.19659077E-36
  0.10000000E+02  0.14147674E-19  0.19390668E-36
  0.10100000E+02  0.13925042E-19  0.19126975E-36
  0.10200000E+02  0.13707305E-19  0.18867913E-36
  0.10300000E+02  0.13494331E-19  0.18613398E-36
  0.10400000E+02  0.13285991E-19  0.18363345E-36
  0.10500000E+02  0.13082158E-19  0.18117672E-36
  0.10600000E+02  0.12882713E-19  0.17876297E-36
  0.10700000E+02  0.12687537E-19  0.17639138E-36
  0.10800000E+02  0.12496516E-19  0.17406117E-36
  0.10900000E+02  0.12309541E-19  0.17177153E-36
  0.11000000E+02  0.12126505E-19  0.16952171E-36
  0.11100000E+02  0.11947304E-19  0.16731092E-36
  0.11200000E+02  0.11771837E-19  0.16513842E-36
  0.11300000E+02  0.11600007E-19  0.16300346E-36
  0.11400000E+02  0.11431719E-19  0.16090532E-36
  0.11500000E+02  0.11266883E-19  0.15884329E-36
  0.11600000E+02  0.11105409E-19  0.15681664E-36
  0.11700000E+02  0.10947211E-19  0.15482471E-36
  0.11800000E+02  0.10792205E-19  0.15286679E-36
  0.11900000E+02  0.10640312E-19  0.15094223E-36
  0.12000000E+02  0.10491450E-19  0.14905038E-36
  0.12100000E+02  0.10345546E-19  0.14719058E-36
  0.12200000E+02  0.10202524E-19  0.14536221E-36
  0.12300000E+02  0.10062313E-19  0.14356465E-36
  0.12400000E+02  0.99248426E-20  0.14179729E-36
  0.12500000E+02  0.97900455E-20  0.14005953E-36
  0.12600000E+02  0.96578559E-20  0.13835081E-36
  0.12700000E+02  0.95282099E-20  0.13667053E-36
  0.12800000E+02  0.94010456E-20  0.13501815E-36
  0.12900000E+02  0.92763028E-20  0.13339311E-36
  0.13000000E+02  0.91539231E-20  0.13179488E-36
  0.13100000E+02  0.90338495E-20  0.13022293E-36
  0.13200000E+02  0.89160270E-20  0.12867674E-36
  0.13300000E+02  0.88004020E-20  0.12715581E-36
  0.13400000E+02  0.86869223E-20  0.12565965E-36
  0.13500000E+02  0.85755374E-20  0.12418776E-36
  0.13600000E+02  0.84661981E-20  0.12273968E-36
  0.13700000E+02  0.83588564E-20  0.12131495E-36
  0.13800000E+02  0.82534660E-20  0.11991310E-36
  0.13900000E+02  0.81499816E-20  0.11853369E-36
  0.14000000E+02  0.80483592E-20  0.11717629E-36
  0.14100000E+02  0.79485562E-20  0.11584046E-36
  0.14200000E+02  0.78505309E-20  0.11452580E-36
  0.14300000E+02  0.77542429E-20  0.11323190E-36
  0.14400000E+02  0.76596529E-20  0.11195835E-36
  0.14500000E+02  0.75667226E-20  0.11070476E-36
  0.14600000E+02  0.74754147E-20  0.10947075E-36
  0.14700000E+02  0.73856929E-20  0.10825595E-36
  0.14800000E+02  0.72975222E-20  0.10705998E-36
  0.14900000E+02  0.72108680E-20  0.10588250E-36
  0.15000000E+02  0.71256970E-20  0.10472314E-36
  0.15100000E+02  0.70419766E-20  0.10358157E-36
  0.15200000E+02  0.69596751E-20  0.10245745E-36
  0.15300000E+02  0.68787618E-20  0.10135045E-36
  0.15400000E+02  0.67992065E-20  0.10026024E-36
  0.15500000E+02  0.67209800E-20  0.99186512E-37
  0.15600000E+02  0.66440538E-20  0.98128958E-37
  0.15700000E+02  0.65684002E-20  0.97087275E-37
  0.15800000E+02  0.64939919E-20  0.96061167E-37
  0.15900000E+02  0.64208028E-20  0.95050344E-37
  0.16000000E+02  0.63488071E-20  0.94054524E-37
  0.16100000E+02  0.62779798E-20  0.93073429E-37
  0.16200000E+02  0.62082964E-20  0.92106787E-37
  0.16300000E+02  0.61397331E-20  0.91154334E-37
  0.16400000E+02  0.60722669E-20  0.90215809E-37
  0.16500000E+02  0.60058750E-20  0.89290958E-37
  0.16600000E+02  0.59405355E-20  0.88379532E-37
  0.16700000E+02  0.58762267E-20  0.87481286E-37
  0.16800000E+02  0.58129278E-20  0.86595982E-37
  0.16900000E+02  0.57506182E-20  0.85723387E-37
  0.17000000E+02  0.56892780E-20  0.84863271E-37
  0.17100000E+02  0.56288878E-20  0.84015411E-37
  0.17200000E+02  0.55694286E-20  0.83179586E-37
  0.17300000E+02  0.55108817E-20  0.82355583E-37
  0.17400000E+02  0.54532292E-20  0.81543191E-37
  0.17500000E+02  0.53964533E-20  0.80742204E-37
  0.17600000E+02  0.53405369E-20  0.79952419E-37
  0.17700000E+02  0.52854631E-20  0.79173641E-37
  0.17800000E+02  0.52312154E-20  0.78405675E-37
  0.17900000E+02  0.51777779E-20  0.77648331E-37
  0.18000000E+02  0.51251349E-20  0.76901425E-37
  0.18100000E+02  0.50732710E-20  0.76164774E-37
  0.18200000E+02  0.50221714E-20  0.75438201E-37
  0.18300000E+02  0.49718215E-20  0.74721530E-37
  0.18400000E+02  0.49222070E-20  0.74014591E-37
  0.18500000E+02  0.48733140E-20  0.73317217E-37
  0.18600000E+02  0.48251289E-20  0.72629244E-37
  0.18700000E+02  0.47776385E-20  0.71950511E-37
  0.18800000E+02  0.47308296E-20  0.71280860E-37
  0.18900000E+02  0.46846897E-20  0.70620137E-37
  0.19000000E+02  0.46392063E-20  0.69968192E-37
  0.19100000E+02  0.45943673E-20  0.69324875E-37
  0.19200000E+02  0.45501609E-20  0.68690042E-37
  0.19300000E+02  0.45065755E-20  0.68063550E-37
  0.19400000E+02  0.44635997E-20  0.67445260E-37
  0.19500000E+02  0.44212224E-20  0.66835036E-37
  0.19600000E+02  0.43794329E-20  0.66232743E-37
  0.19700000E+02  0.43382206E-20  0.65638249E-37
  0.19800000E+02  0.42975750E-20  0.65051427E-37
  0.19900000E+02  0.42574861E-20  0.64472149E-37
  0.20000000E+02  0.42179439E-20  0.63900293E-37
  0.20100000E+02  0.41789388E-20  0.63335736E-37
  0.20200000E+02  0.41404612E-20  0.62778360E-37
  0.20300000E+02  0.41025019E-20  0.62228048E-37
  0.20400000E+02  0.40650518E-20  0.61684686E-37
  0.20500000E+02  0.40281020E-20  0.61148161E-37
  0.20600000E+02  0.39916438E-20  0.60618363E-37
  0.20700000E+02  0.39556686E-20  0.60095185E-37
  0.20800000E+02  0.39201683E-20  0.59578521E-37
  0.20900000E+02  0.38851345E-20  0.59068266E-37
  0.21000000E+02  0.38505593E-20  0.58564319E-37
  0.21100000E+02  0.38164349E-20  0.58066580E-37
  0.21200000E+02  0.37827536E-20  0.57574951E-37
  0.21300000E+02  0.37495079E-20  0.57089336E-37
  0.21400000E+02  0.37166905E-20  0.56609640E-37
  0.21500000E+02  0.36842942E-20  0.56135771E-37
  0.21600000E+02  0.36523119E-20  0.55667638E-37
  0.21700000E+02  0.36207367E-20  0.55205151E-37
  0.21800000E+02  0.35895620E-20  0.54748224E-37
  0.21900000E+02  0.35587810E-20  0.54296771E-37
  0.22000000E+02  0.35283872E-20  0.53850707E-37
  0.22100000E+02  0.34983744E-20  0.53409949E-37
  0.22200000E+02  0.34687362E-20  0.52974416E-37
  0.22300000E+02  0.34394666E-20  0.52544030E-37
  0.22400000E+02  0.34105595E-20  0.52118710E-37
  0.22500000E+02  0.33820092E-20  0.51698381E-37
  0.22600000E+02  0.33538099E-20  0.51282968E-37
  0.22700000E+02  0.33259559E-20  0.50872395E-37
  0.22800000E+02  0.32984417E-20  0.50466591E-37
  0.22900000E+02  0.32712619E-20  0.50065484E-37
  0.23000000E+02  0.32444112E-20  0.49669005E-37
  0.23100000E+02  0.32178844E-20  0.49277083E-37
  0.23200000E+02  0.31916763E-20  0.48889652E-37
  0.23300000E+02  0.31657820E-20  0.48506646E-37
  0.23400000E+02  0.31401965E-20  0.48127998E-37
  0.23500000E+02  0.31149151E-20  0.47753646E-37
  0.23600000E+02  0.30899330E-20  0.47383525E-37
  0.23700000E+02  0.30652456E-20  0.47017576E-37
  0.23800000E+02  0.30408482E-20  0.46655735E-37
  0.23900000E+02  0.30167366E-20  0.46297945E-37
  0.24000000E+02  0.29929062E-20  0.45944147E-37
  0.24100000E+02  0.29693529E-20  0.45594282E-37
  0.24200000E+02  0.29460723E-20  0.45248294E-37
  0.24300000E+02  0.29230604E-20  0.44906129E-37
  0.24400000E+02  0.29003130E-20  0.44567731E-37
  0.24500000E+02  0.28778263E-20  0.44233046E-37
  0.24600000E+02  0.28555962E-20  0.43902022E-37
  0.24700000E+02  0.28336191E-20  0.43574607E-37
  0.24800000E+02  0.28118910E-20  0.43250750E-37
  0.24900000E+02  0.27904083E-20  0.42930401E-37
  0.25000000E+02  0.27691673E-20  0.42613511E-37
  0.25100000E+02  0.27481646E-20  0.42300032E-37
  0.25200000E+02  0.27273966E-20  0.41989915E-37
  0.25300000E+02  0.27068598E-20  0.41683114E-37
  0.25400000E+02  0.26865509E-20  0.41379584E-37
  0.25500000E+02  0.26664666E-20  0.41079278E-37
  0.25600000E+02  0.26466036E-20  0.40782153E-37
  0.25700000E+02  0.26269587E-20  0.40488165E-37
  0.25800000E+02  0.26075288E-20  0.40197271E-37
  0.25900000E+02  0.25883108E-20  0.39909428E-37
  0.26000000E+02  0.25693017E-20  0.39624596E-37
  0.26100000E+02  0.25504985E-20  0.39342732E-37
  0.26200000E+02  0.25318982E-20  0.39063798E-37
  0.26300000E+02  0.25134980E-20  0.38787754E-37
  0.26400000E+02  0.24952951E-20  0.38514560E-37
  0.26500000E+02  0.24772866E-20  0.38244178E-37
  0.26600000E+02  0.24594700E-20  0.37976572E-37
  0.26700000E+02  0.24418424E-20  0.37711703E-37
  0.26800000E+02  0.24244013E-20  0.37449535E-37
  0.26900000E+02  0.24071440E-20  0.37190034E-37
  0.27000000E+02  0.23900680E-20  0.36933162E-37
  0.27100000E+02  0.23731709E-20  0.36678887E-37
  0.27200000E+02  0.23564501E-20  0.36427173E-37
  0.27300000E+02  0.23399033E-20  0.36177987E-37
  0.27400000E+02  0.23235281E-20  0.35931296E-37
  0.27500000E+02  0.23073220E-20  0.35687067E-37
  0.27600000E+02  0.22912829E-20  0.35445270E-37
  0.27700000E+02  0.22754085E-20  0.35205871E-37
  0.27800000E+02  0.22596965E-20  0.34968840E-37
  0.27900000E+02  0.22441448E-20  0.34734147E-37
  0.28000000E+02  0.22287513E-20  0.34501762E-37
  0.28100000E+02  0.22135137E-20  0.34271654E-37
  0.28200000E+02  0.21984301E-20  0.34043796E-37
  0.28300000E+02  0.21834983E-20  0.33818158E-37
  0.28400000E+02  0.21687165E-20  0.33594712E-37
  0.28500000E+02  0.21540825E-20  0.33373430E-37
  0.28600000E+02  0.21395945E-20  0.33154285E-37
  0.28700000E+02  0.21252506E-20  0.32937251E-37
  0.28800000E+02  0.21110488E-20  0.32722300E-37
  0.28900000E+02  0.20969873E-20  0.32509407E-37
  0.29000000E+02  0.20830643E-20  0.32298546E-37
  0.29100000E+02  0.20692780E-20  0.32089691E-37
  0.29200000E+02  0.20556266E-20  0.31882819E-37
  0.29300000E+02  0.20421084E-20  0.31677903E-37
  0.29400000E+02  0.20287217E-20  0.31474920E-37
  0.29500000E+02  0.20154648E-20  0.31273847E-37
  0.29600000E+02  0.20023360E-20  0.31074660E-37
  0.29700000E+02  0.19893338E-20  0.30877335E-37
  0.29800000E+02  0.19764565E-20  0.30681850E-37
  0.29900000E+02  0.19637025E-20  0.30488183E-37
  0.30000000E+02  0.19510703E-20  0.30296312E-37
  0.30100000E+02  0.19385583E-20  0.30106214E-37
  0.30200000E+02  0.19261651E-20  0.29917869E-37
  0.30300000E+02  0.19138891E-20  0.29731255E-37
  0.30400000E+02  0.19017289E-20  0.29546351E-37
  0.30500000E+02  0.18896831E-20  0.29363138E-37
  0.30600000E+02  0.18777503E-20  0.29181594E-37
  0.30700000E+02  0.18659290E-20  0.29001700E-37
  0.30800000E+02  0.18542178E-20  0.28823437E-37
  0.30900000E+02  0.18426155E-20  0.28646785E-37
  0.31000000E+02  0.18311207E-20  0.28471725E-37
  0.31100000E+02  0.18197321E-20  0.28298238E-37
  0.31200000E+02  0.18084484E-20  0.28126306E-37
  0.31300000E+02  0.17972683E-20  0.27955910E-37
  0.31400000E+02  0.17861905E-20  0.27787033E-37
  0.31500000E+02  0.17752139E-20  0.27619657E-37
  0.31600000E+02  0.17643372E-20  0.27453765E-37
  0.31700000E+02  0.17535592E-20  0.27289339E-37
  0.31800000E+02  0.17428788E-20  0.27126362E-37
  0.31900000E+02  0.17322948E-20  0.26964817E-37
  0.32000000E+02  0.17218059E-20  0.26804689E-37
  0.32100000E+02  0.17114112E-20  0.26645961E-37
  0.32200000E+02  0.17011095E-20  0.26488617E-37
  0.32300000E+02  0.16908996E-20  0.26332640E-37
  0.32400000E+02  0.16807806E-20  0.26178017E-37
  0.32500000E+02  0.16707513E-20  0.26024730E-37
  0.32600000E+02  0.16608107E-20  0.25872765E-37
  0.32700000E+02  0.16509578E-20  0.25722108E-37
  0.32800000E+02  0.16411915E-20  0.25572743E-37
  0.32900000E+02  0.16315109E-20  0.25424655E-37
  0.33000000E+02  0.16219149E-20  0.25277832E-37
  0.33100000E+02  0.16124026E-20  0.25132257E-37
  0.33200000E+02  0.16029731E-20  0.24987918E-37
  0.33300000E+02  0.15936252E-20  0.24844801E-37
  0.33400000E+02  0.15843583E-20  0.24702892E-37
  0.33500000E+02  0.15751712E-20  0.24562178E-37
  0.33600000E+02  0.15660631E-20  0.24422646E-37
  0.33700000E+02  0.15570331E-20  0.24284282E-37
  0.33800000E+02  0.15480804E-20  0.24147074E-37
  0.33900000E+02  0.15392040E-20  0.24011009E-37
  0.34000000E+02  0.15304031E-20  0.23876075E-37
  0.34100000E+02  0.15216768E-20  0.23742259E-37
  0.34200000E+02  0.15130244E-20  0.23609550E-37
  0.34300000E+02  0.15044449E-20  0.23477934E-37
  0.34400000E+02  0.14959376E-20  0.23347401E-37
  0.34500000E+02  0.14875017E-20  0.23217939E-37
  0.34600000E+02  0.14791364E-20  0.23089536E-37
  0.34700000E+02  0.14708409E-20  0.22962181E-37
  0.34800000E+02  0.14626144E-20  0.22835862E-37
  0.34900000E+02  0.14544562E-20  0.22710569E-37
  0.35000000E+02  0.14463655E-20  0.22586291E-37
  0.35100000E+02  0.14383417E-20  0.22463016E-37
  0.35200000E+02  0.14303838E-20  0.22340735E-37
  0.35300000E+02  0.14224914E-20  0.22219436E-37
  0.35400000E+02  0.14146636E-20  0.22099109E-37
  0.35500000E+02  0.14068997E-20  0.21979745E-37
  0.35600000E+02  0.13991990E-20  0.21861333E-37
  0.35700000E+02  0.13915610E-20  0.21743863E-37
  0.35800000E+02  0.13839848E-20  0.21627324E-37
  0.35900000E+02  0.13764699E-20  0.21511709E-37
  0.36000000E+02  0.13690156E-20  0.21397006E-37
  0.36100000E+02  0.13616212E-20  0.21283207E-37
  0.36200000E+02  0.13542861E-20  0.21170302E-37
  0.36300000E+02  0.13470096E-20  0.21058282E-37
  0.36400000E+02  0.13397913E-20  0.20947137E-37
  0.36500000E+02  0.13326304E-20  0.20836859E-37
  0.36600000E+02  0.13255263E-20  0.20727440E-37
  0.36700000E+02  0.13184785E-20  0.20618869E-37
  0.36800000E+02  0.13114863E-20  0.20511139E-37
  0.36900000E+02  0.13045492E-20  0.20404240E-37
  0.37000000E+02  0.12976666E-20  0.20298165E-37
  0.37100000E+02  0.12908379E-20  0.20192906E-37
  0.37200000E+02  0.12840626E-20  0.20088453E-37
  0.37300000E+02  0.12773402E-20  0.19984799E-37
  0.37400000E+02  0.12706700E-20  0.19881935E-37
  0.37500000E+02  0.12640516E-20  0.19779855E-37
  0.37600000E+02  0.12574844E-20  0.19678549E-37
  0.37700000E+02  0.12509679E-20  0.19578011E-37
  0.37800000E+02  0.12445016E-20  0.19478233E-37
  0.37900000E+02  0.12380849E-20  0.19379206E-37
  0.38000000E+02  0.12317174E-20  0.19280924E-37
  0.38100000E+02  0.12253986E-20  0.19183380E-37
  0.38200000E+02  0.12191279E-20  0.19086565E-37
  0.38300000E+02  0.12129050E-20  0.18990473E-37
  0.38400000E+02  0.12067292E-20  0.18895097E-37
  0.38500000E+02  0.12006002E-20  0.18800429E-37
  0.38600000E+02  0.11945174E-20  0.18706464E-37
  0.38700000E+02  0.11884805E-20  0.18613193E-37
  0.38800000E+02  0.11824888E-20  0.18520610E-37
  0.38900000E+02  0.11765421E-20  0.18428709E-37
  0.39000000E+02  0.11706399E-20  0.18337483E-37
  0.39100000E+02  0.11647817E-20  0.18246925E-37
  0.39200000E+02  0.11589670E-20  0.18157029E-37
  0.39300000E+02  0.11531955E-20  0.18067789E-37
  0.39400000E+02  0.11474668E-20  0.17979198E-37
  0.39500000E+02  0.11417803E-20  0.17891250E-37
  0.39600000E+02  0.11361358E-20  0.17803939E-37
  0.39700000E+02  0.11305327E-20  0.17717258E-37
  0.39800000E+02  0.11249707E-20  0.17631203E-37
  0.39900000E+02  0.11194495E-20  0.17545766E-37
  0.40000000E+02  0.11139685E-20  0.17460943E-37
