  0.00000000E+00 -0.41574575E-20 -0.72496484E-37
  0.10000000E+00 -0.41542988E-20 -0.71424935E-37
  0.20000000E+00 -0.41448776E-20 -0.70216911E-37
  0.30000000E+00 -0.41293553E-20 -0.68139170E-37
  0.40000000E+00 -0.41079904E-20 -0.67116939E-37
  0.50000000E+00 -0.40811225E-20 -0.63608017E-37
  0.60000000E+00 -0.40491549E-20 -0.62094865E-37
  0.70000000E+00 -0.40125343E-20 -0.58883028E-37
  0.80000000E+00 -0.39717312E-20 -0.56868712E-37
  0.90000000E+00 -0.39272231E-20 -0.52737129E-37
  0.10000000E+01 -0.38794789E-20 -0.48377875E-37
  0.11000000E+01 -0.38289484E-20 -0.47553414E-37
  0.12000000E+01 -0.37760538E-20 -0.45453579E-37
  0.13000000E+01 -0.37211848E-20 -0.42557314E-37
  0.14000000E+01 -0.36646962E-20 -0.43359509E-37
  0.15000000E+01 -0.36069076E-20 -0.41256994E-37
  0.16000000E+01 -0.35481043E-20 -0.40750328E-37
  0.17000000E+01 -0.34885395E-20 -0.40199727E-37
  0.18000000E+01 -0.34284368E-20 -0.39865696E-37
  0.19000000E+01 -0.33679931E-20 -0.40827159E-37
  0.20000000E+01 -0.33073817E-20 -0.41567564E-37
  0.21000000E+01 -0.32467547E-20 -0.42328753E-37
  0.22000000E+01 -0.31862457E-20 -0.44000106E-37
  0.23000000E+01 -0.31259725E-20 -0.45292175E-37
  0.24000000E+01 -0.30660386E-20 -0.46668662E-37
  0.25000000E+01 -0.30065350E-20 -0.47511528E-37
  0.26000000E+01 -0.29475420E-20 -0.49435163E-37
  0.27000000E+01 -0.28891303E-20 -0.50725922E-37
  0.28000000E+01 -0.28313621E-20 -0.51101571E-37
  0.29000000E+01 -0.27742920E-20 -0.53572171E-37
  0.30000000E+01 -0.27179675E-20 -0.56116347E-37
  0.31000000E+01 -0.26624303E-20 -0.56801030E-37
  0.32000000E+01 -0.26077164E-20 -0.58297418E-37
  0.33000000E+01 -0.25538564E-20 -0.59857919E-37
  0.34000000E+01 -0.25008765E-20 -0.60809114E-37
  0.35000000E+01 -0.24487985E-20 -0.62342604E-37
  0.36000000E+01 -0.23976404E-20 -0.63440887E-37
  0.37000000E+01 -0.23474162E-20 -0.64443722E-37
  0.38000000E+01 -0.22981370E-20 -0.65326897E-37
  0.39000000E+01 -0.22498105E-20 -0.65854482E-37
  0.40000000E+01 -0.22024418E-20 -0.67204698E-37
  0.41000000E+01 -0.21560332E-20 -0.67719151E-37
  0.42000000E+01 -0.21105848E-20 -0.67662583E-37
  0.43000000E+01 -0.20660944E-20 -0.68420590E-37
  0.44000000E+01 -0.20225581E-20 -0.68787965E-37
  0.45000000E+01 -0.19799701E-20 -0.69231915E-37
  0.46000000E+01 -0.19383229E-20 -0.68959848E-37
  0.47000000E+01 -0.18976076E-20 -0.69323262E-37
  0.48000000E+01 -0.18578143E-20 -0.69346474E-37
  0.49000000E+01 -0.18189316E-20 -0.69112525E-37
  0.50000000E+01 -0.17809474E-20 -0.68847750E-37
  0.51000000E+01 -0.17438486E-20 -0.69163249E-37
  0.52000000E+01 -0.17076214E-20 -0.68567385E-37
  0.53000000E+01 -0.16722513E-20 -0.68513704E-37
  0.54000000E+01 -0.16377233E-20 -0.68449526E-37
  0.55000000E+01 -0.16040220E-20 -0.67659655E-37
  0.56000000E+01 -0.15711316E-20 -0.67220793E-37
  0.57000000E+01 -0.15390360E-20 -0.66539728E-37
  0.58000000E+01 -0.15077190E-20 -0.66804743E-37
  0.59000000E+01 -0.14771641E-20 -0.65872981E-37
  0.60000000E+01 -0.14473549E-20 -0.65521965E-37
  0.61000000E+01 -0.14182746E-20 -0.64639306E-37
  0.62000000E+01 -0.13899069E-20 -0.64413532E-37
  0.63000000E+01 -0.13622352E-20 -0.63993945E-37
  0.64000000E+01 -0.13352431E-20 -0.63252939E-37
  0.65000000E+01 -0.13089144E-20 -0.62529898E-37
  0.66000000E+01 -0.12832330E-20 -0.62069182E-37
  0.67000000E+01 -0.12581829E-20 -0.61467907E-37
  0.68000000E+01 -0.12337483E-20 -0.60719616E-37
  0.69000000E+01 -0.12099139E-20 -0.60046658E-37
  0.70000000E+01 -0.11866643E-20 -0.59490316E-37
  0.71000000E+01 -0.11639846E-20 -0.58887445E-37
  0.72000000E+01 -0.11418600E-20 -0.57974032E-37
  0.73000000E+01 -0.11202760E-20 -0.57447832E-37
  0.74000000E+01 -0.10992185E-20 -0.56643198E-37
  0.75000000E+01 -0.10786736E-20 -0.56049507E-37
  0.76000000E+01 -0.10586277E-20 -0.55115428E-37
  0.77000000E+01 -0.10390675E-20 -0.54486914E-37
  0.78000000E+01 -0.10199800E-20 -0.53847681E-37
  0.79000000E+01 -0.10013526E-20 -0.53301327E-37
  0.80000000E+01 -0.98317295E-21 -0.52772010E-37
  0.81000000E+01 -0.96542887E-21 -0.51943955E-37
  0.82000000E+01 -0.94810863E-21 -0.51269654E-37
  0.83000000E+01 -0.93120074E-21 -0.50802694E-37
  0.84000000E+01 -0.91469405E-21 -0.50179357E-37
  0.85000000E+01 -0.89857765E-21 -0.49395642E-37
  0.86000000E+01 -0.88284094E-21 -0.48839961E-37
  0.87000000E+01 -0.86747361E-21 -0.47965388E-37
  0.88000000E+01 -0.85246561E-21 -0.47350431E-37
  0.89000000E+01 -0.83780719E-21 -0.46942864E-37
  0.90000000E+01 -0.82348885E-21 -0.46115645E-37
  0.91000000E+01 -0.80950135E-21 -0.45741554E-37
  0.92000000E+01 -0.79583573E-21 -0.45022101E-37
  0.93000000E+01 -0.78248325E-21 -0.44419297E-37
  0.94000000E+01 -0.76943544E-21 -0.43858325E-37
  0.95000000E+01 -0.75668407E-21 -0.43203926E-37
  0.96000000E+01 -0.74422114E-21 -0.42884362E-37
  0.97000000E+01 -0.73203887E-21 -0.42268295E-37
  0.98000000E+01 -0.72012973E-21 -0.41608422E-37
  0.99000000E+01 -0.70848637E-21 -0.41115552E-37
  0.10000000E+02 -0.69710169E-21 -0.40558212E-37
  0.10100000E+02 -0.68596877E-21 -0.39854382E-37
  0.10200000E+02 -0.67508090E-21 -0.39483465E-37
  0.10300000E+02 -0.66443156E-21 -0.38947120E-37
  0.10400000E+02 -0.65401444E-21 -0.38518097E-37
  0.10500000E+02 -0.64382340E-21 -0.37972360E-37
  0.10600000E+02 -0.63385246E-21 -0.37512082E-37
  0.10700000E+02 -0.62409585E-21 -0.36979992E-37
  0.10800000E+02 -0.61454794E-21 -0.36421840E-37
  0.10900000E+02 -0.60520329E-21 -0.36082935E-37
  0.11000000E+02 -0.59605659E-21 -0.35627669E-37
  0.11100000E+02 -0.58710272E-21 -0.35265581E-37
  0.11200000E+02 -0.57833667E-21 -0.34718051E-37
  0.11300000E+02 -0.56975361E-21 -0.34373870E-37
  0.11400000E+02 -0.56134882E-21 -0.33761385E-37
  0.11500000E+02 -0.55311776E-21 -0.33458454E-37
  0.11600000E+02 -0.54505597E-21 -0.32967841E-37
  0.11700000E+02 -0.53715917E-21 -0.32505652E-37
  0.11800000E+02 -0.52942316E-21 -0.32176389E-37
  0.11900000E+02 -0.52184388E-21 -0.31788079E-37
  0.12000000E+02 -0.51441741E-21 -0.31419075E-37
  0.12100000E+02 -0.50713990E-21 -0.30948285E-37
  0.12200000E+02 -0.50000765E-21 -0.30641968E-37
  0.12300000E+02 -0.49301703E-21 -0.30215390E-37
  0.12400000E+02 -0.48616454E-21 -0.29900769E-37
  0.12500000E+02 -0.47944678E-21 -0.29520478E-37
  0.12600000E+02 -0.47286043E-21 -0.29107531E-37
  0.12700000E+02 -0.46640228E-21 -0.28634052E-37
  0.12800000E+02 -0.46006921E-21 -0.28499830E-37
  0.12900000E+02 -0.45385817E-21 -0.28074630E-37
  0.13000000E+02 -0.44776621E-21 -0.27695826E-37
  0.13100000E+02 -0.44179048E-21 -0.27269873E-37
  0.13200000E+02 -0.43592817E-21 -0.27033595E-37
  0.13300000E+02 -0.43017659E-21 -0.26792415E-37
  0.13400000E+02 -0.42453310E-21 -0.26462786E-37
  0.13500000E+02 -0.41899514E-21 -0.26159468E-37
  0.13600000E+02 -0.41356022E-21 -0.25824074E-37
  0.13700000E+02 -0.40822591E-21 -0.25467287E-37
  0.13800000E+02 -0.40298988E-21 -0.25147306E-37
  0.13900000E+02 -0.39784982E-21 -0.24940335E-37
  0.14000000E+02 -0.39280351E-21 -0.24625632E-37
  0.14100000E+02 -0.38784879E-21 -0.24324726E-37
  0.14200000E+02 -0.38298355E-21 -0.24056748E-37
  0.14300000E+02 -0.37820575E-21 -0.23792084E-37
  0.14400000E+02 -0.37351338E-21 -0.23522560E-37
  0.14500000E+02 -0.36890450E-21 -0.23214908E-37
  0.14600000E+02 -0.36437724E-21 -0.23017497E-37
  0.14700000E+02 -0.35992975E-21 -0.22800911E-37
  0.14800000E+02 -0.35556024E-21 -0.22482662E-37
  0.14900000E+02 -0.35126698E-21 -0.22266762E-37
  0.15000000E+02 -0.34704826E-21 -0.22011847E-37
  0.15100000E+02 -0.34290245E-21 -0.21764868E-37
  0.15200000E+02 -0.33882793E-21 -0.21544274E-37
  0.15300000E+02 -0.33482313E-21 -0.21278320E-37
  0.15400000E+02 -0.33088654E-21 -0.21039191E-37
  0.15500000E+02 -0.32701668E-21 -0.20917575E-37
  0.15600000E+02 -0.32321208E-21 -0.20538936E-37
  0.15700000E+02 -0.31947136E-21 -0.20476784E-37
  0.15800000E+02 -0.31579313E-21 -0.20163209E-37
  0.15900000E+02 -0.31217606E-21 -0.19894054E-37
  0.16000000E+02 -0.30861885E-21 -0.19760027E-37
  0.16100000E+02 -0.30512022E-21 -0.19492934E-37
  0.16200000E+02 -0.30167895E-21 -0.19331339E-37
  0.16300000E+02 -0.29829382E-21 -0.19117544E-37
  0.16400000E+02 -0.29496366E-21 -0.18907168E-37
  0.16500000E+02 -0.29168733E-21 -0.18734351E-37
  0.16600000E+02 -0.28846370E-21 -0.18582600E-37
  0.16700000E+02 -0.28529169E-21 -0.18316135E-37
  0.16800000E+02 -0.28217024E-21 -0.18159325E-37
  0.16900000E+02 -0.27909830E-21 -0.17971864E-37
  0.17000000E+02 -0.27607487E-21 -0.17762107E-37
  0.17100000E+02 -0.27309896E-21 -0.17576706E-37
  0.17200000E+02 -0.27016962E-21 -0.17417671E-37
  0.17300000E+02 -0.26728590E-21 -0.17257672E-37
  0.17400000E+02 -0.26444688E-21 -0.17077930E-37
  0.17500000E+02 -0.26165168E-21 -0.16959762E-37
  0.17600000E+02 -0.25889942E-21 -0.16700567E-37
  0.17700000E+02 -0.25618925E-21 -0.16569746E-37
  0.17800000E+02 -0.25352034E-21 -0.16432137E-37
  0.17900000E+02 -0.25089188E-21 -0.16241863E-37
  0.18000000E+02 -0.24830308E-21 -0.16061333E-37
  0.18100000E+02 -0.24575317E-21 -0.15893581E-37
  0.18200000E+02 -0.24324138E-21 -0.15824840E-37
  0.18300000E+02 -0.24076699E-21 -0.15587068E-37
  0.18400000E+02 -0.23832927E-21 -0.15496252E-37
  0.18500000E+02 -0.23592752E-21 -0.15360828E-37
  0.18600000E+02 -0.23356106E-21 -0.15168820E-37
  0.18700000E+02 -0.23122921E-21 -0.15069173E-37
  0.18800000E+02 -0.22893132E-21 -0.14873678E-37
  0.18900000E+02 -0.22666674E-21 -0.14738905E-37
  0.19000000E+02 -0.22443486E-21 -0.14611644E-37
  0.19100000E+02 -0.22223505E-21 -0.14496620E-37
  0.19200000E+02 -0.22006673E-21 -0.14325879E-37
  0.19300000E+02 -0.21792931E-21 -0.14224856E-37
  0.19400000E+02 -0.21582221E-21 -0.14133509E-37
  0.19500000E+02 -0.21374489E-21 -0.13966324E-37
  0.19600000E+02 -0.21169678E-21 -0.13846428E-37
  0.19700000E+02 -0.20967737E-21 -0.13706330E-37
  0.19800000E+02 -0.20768613E-21 -0.13557683E-37
  0.19900000E+02 -0.20572254E-21 -0.13465830E-37
  0.20000000E+02 -0.20378611E-21 -0.13351506E-37
  0.20100000E+02 -0.20187636E-21 -0.13229948E-37
  0.20200000E+02 -0.19999280E-21 -0.13117652E-37
  0.20300000E+02 -0.19813496E-21 -0.13010268E-37
  0.20400000E+02 -0.19630240E-21 -0.12871189E-37
  0.20500000E+02 -0.19449465E-21 -0.12757633E-37
  0.20600000E+02 -0.19271130E-21 -0.12624342E-37
  0.20700000E+02 -0.19095190E-21 -0.12499019E-37
  0.20800000E+02 -0.18921604E-21 -0.12448877E-37
  0.20900000E+02 -0.18750331E-21 -0.12319941E-37
  0.21000000E+02 -0.18581331E-21 -0.12187836E-37
  0.21100000E+02 -0.18414564E-21 -0.12108766E-37
  0.21200000E+02 -0.18249993E-21 -0.11975525E-37
  0.21300000E+02 -0.18087579E-21 -0.11924552E-37
  0.21400000E+02 -0.17927285E-21 -0.11770434E-37
  0.21500000E+02 -0.17769076E-21 -0.11708604E-37
  0.21600000E+02 -0.17612916E-21 -0.11653601E-37
  0.21700000E+02 -0.17458771E-21 -0.11500260E-37
  0.21800000E+02 -0.17306607E-21 -0.11413256E-37
  0.21900000E+02 -0.17156390E-21 -0.11320874E-37
  0.22000000E+02 -0.17008088E-21 -0.11217030E-37
  0.22100000E+02 -0.16861669E-21 -0.11129963E-37
  0.22200000E+02 -0.16717102E-21 -0.11036980E-37
  0.22300000E+02 -0.16574356E-21 -0.10966153E-37
  0.22400000E+02 -0.16433402E-21 -0.10860721E-37
  0.22500000E+02 -0.16294210E-21 -0.10757268E-37
  0.22600000E+02 -0.16156751E-21 -0.10681273E-37
  0.22700000E+02 -0.16020997E-21 -0.10595417E-37
  0.22800000E+02 -0.15886921E-21 -0.10484830E-37
  0.22900000E+02 -0.15754495E-21 -0.10406603E-37
  0.23000000E+02 -0.15623693E-21 -0.10342683E-37
  0.23100000E+02 -0.15494489E-21 -0.10252522E-37
  0.23200000E+02 -0.15366857E-21 -0.10205255E-37
  0.23300000E+02 -0.15240773E-21 -0.10093847E-37
  0.23400000E+02 -0.15116211E-21 -0.10008827E-37
  0.23500000E+02 -0.14993148E-21 -0.99067590E-38
  0.23600000E+02 -0.14871560E-21 -0.98726171E-38
  0.23700000E+02 -0.14751424E-21 -0.97752515E-38
  0.23800000E+02 -0.14632718E-21 -0.97209772E-38
  0.23900000E+02 -0.14515418E-21 -0.95947526E-38
  0.24000000E+02 -0.14399504E-21 -0.95534977E-38
  0.24100000E+02 -0.14284954E-21 -0.94787988E-38
  0.24200000E+02 -0.14171746E-21 -0.94117694E-38
  0.24300000E+02 -0.14059861E-21 -0.93243215E-38
  0.24400000E+02 -0.13949278E-21 -0.92845396E-38
  0.24500000E+02 -0.13839977E-21 -0.91657476E-38
  0.24600000E+02 -0.13731938E-21 -0.91581932E-38
  0.24700000E+02 -0.13625143E-21 -0.90697691E-38
  0.24800000E+02 -0.13519573E-21 -0.89738998E-38
  0.24900000E+02 -0.13415210E-21 -0.89278636E-38
  0.25000000E+02 -0.13312034E-21 -0.88417255E-38
  0.25100000E+02 -0.13210030E-21 -0.87860690E-38
  0.25200000E+02 -0.13109178E-21 -0.87325203E-38
  0.25300000E+02 -0.13009463E-21 -0.86609776E-38
  0.25400000E+02 -0.12910867E-21 -0.85986350E-38
  0.25500000E+02 -0.12813374E-21 -0.85217574E-38
  0.25600000E+02 -0.12716967E-21 -0.84656075E-38
  0.25700000E+02 -0.12621632E-21 -0.84015333E-38
  0.25800000E+02 -0.12527351E-21 -0.83598916E-38
  0.25900000E+02 -0.12434111E-21 -0.83013001E-38
  0.26000000E+02 -0.12341895E-21 -0.82412893E-38
  0.26100000E+02 -0.12250689E-21 -0.81460209E-38
  0.26200000E+02 -0.12160479E-21 -0.81132450E-38
  0.26300000E+02 -0.12071250E-21 -0.80854274E-38
  0.26400000E+02 -0.11982989E-21 -0.80065127E-38
  0.26500000E+02 -0.11895680E-21 -0.79329944E-38
  0.26600000E+02 -0.11809312E-21 -0.78494430E-38
  0.26700000E+02 -0.11723871E-21 -0.78179772E-38
  0.26800000E+02 -0.11639343E-21 -0.77690455E-38
  0.26900000E+02 -0.11555716E-21 -0.77056148E-38
  0.27000000E+02 -0.11472977E-21 -0.76738707E-38
  0.27100000E+02 -0.11391114E-21 -0.76152751E-38
  0.27200000E+02 -0.11310114E-21 -0.75680501E-38
  0.27300000E+02 -0.11229966E-21 -0.75073470E-38
  0.27400000E+02 -0.11150658E-21 -0.74532184E-38
  0.27500000E+02 -0.11072179E-21 -0.74186873E-38
  0.27600000E+02 -0.10994516E-21 -0.73450294E-38
  0.27700000E+02 -0.10917659E-21 -0.72959994E-38
  0.27800000E+02 -0.10841597E-21 -0.72675503E-38
  0.27900000E+02 -0.10766319E-21 -0.72170597E-38
  0.28000000E+02 -0.10691814E-21 -0.71598821E-38
  0.28100000E+02 -0.10618072E-21 -0.71050701E-38
  0.28200000E+02 -0.10545083E-21 -0.70425871E-38
  0.28300000E+02 -0.10472836E-21 -0.70161054E-38
  0.28400000E+02 -0.10401322E-21 -0.69667543E-38
  0.28500000E+02 -0.10330530E-21 -0.69296737E-38
  0.28600000E+02 -0.10260452E-21 -0.68776703E-38
  0.28700000E+02 -0.10191078E-21 -0.68384479E-38
  0.28800000E+02 -0.10122398E-21 -0.67967916E-38
  0.28900000E+02 -0.10054403E-21 -0.67578003E-38
  0.29000000E+02 -0.99870851E-22 -0.66968077E-38
  0.29100000E+02 -0.99204343E-22 -0.66520938E-38
  0.29200000E+02 -0.98544423E-22 -0.66027514E-38
  0.29300000E+02 -0.97891005E-22 -0.65672437E-38
  0.29400000E+02 -0.97244004E-22 -0.65334705E-38
  0.29500000E+02 -0.96603338E-22 -0.65041987E-38
  0.29600000E+02 -0.95968924E-22 -0.64392275E-38
  0.29700000E+02 -0.95340684E-22 -0.63941920E-38
  0.29800000E+02 -0.94718537E-22 -0.63702502E-38
  0.29900000E+02 -0.94102405E-22 -0.63047653E-38
  0.30000000E+02 -0.93492213E-22 -0.62657477E-38
  0.30100000E+02 -0.92887884E-22 -0.62380420E-38
  0.30200000E+02 -0.92289345E-22 -0.62254129E-38
  0.30300000E+02 -0.91696523E-22 -0.61463680E-38
  0.30400000E+02 -0.91109345E-22 -0.61300625E-38
  0.30500000E+02 -0.90527740E-22 -0.60813321E-38
  0.30600000E+02 -0.89951640E-22 -0.60433907E-38
  0.30700000E+02 -0.89380975E-22 -0.60034083E-38
  0.30800000E+02 -0.88815678E-22 -0.59627357E-38
  0.30900000E+02 -0.88255682E-22 -0.59226070E-38
  0.31000000E+02 -0.87700922E-22 -0.59051559E-38
  0.31100000E+02 -0.87151334E-22 -0.58560140E-38
  0.31200000E+02 -0.86606853E-22 -0.58121947E-38
  0.31300000E+02 -0.86067417E-22 -0.57615759E-38
  0.31400000E+02 -0.85532965E-22 -0.57570142E-38
  0.31500000E+02 -0.85003435E-22 -0.57078277E-38
  0.31600000E+02 -0.84478769E-22 -0.56648340E-38
  0.31700000E+02 -0.83958907E-22 -0.56288559E-38
  0.31800000E+02 -0.83443791E-22 -0.56155234E-38
  0.31900000E+02 -0.82933364E-22 -0.55735419E-38
  0.32000000E+02 -0.82427570E-22 -0.55614703E-38
  0.32100000E+02 -0.81926354E-22 -0.55296810E-38
  0.32200000E+02 -0.81429660E-22 -0.54605568E-38
  0.32300000E+02 -0.80937435E-22 -0.54596501E-38
  0.32400000E+02 -0.80449625E-22 -0.54170104E-38
  0.32500000E+02 -0.79966180E-22 -0.53856038E-38
  0.32600000E+02 -0.79487046E-22 -0.53434585E-38
  0.32700000E+02 -0.79012174E-22 -0.53213186E-38
  0.32800000E+02 -0.78541513E-22 -0.52887666E-38
  0.32900000E+02 -0.78075014E-22 -0.52564560E-38
  0.33000000E+02 -0.77612629E-22 -0.52291466E-38
  0.33100000E+02 -0.77154310E-22 -0.51905377E-38
  0.33200000E+02 -0.76700009E-22 -0.51711658E-38
  0.33300000E+02 -0.76249680E-22 -0.51386803E-38
  0.33400000E+02 -0.75803277E-22 -0.50917194E-38
  0.33500000E+02 -0.75360755E-22 -0.50613255E-38
  0.33600000E+02 -0.74922070E-22 -0.50445904E-38
  0.33700000E+02 -0.74487177E-22 -0.50206357E-38
  0.33800000E+02 -0.74056034E-22 -0.49935281E-38
  0.33900000E+02 -0.73628597E-22 -0.49593832E-38
  0.34000000E+02 -0.73204824E-22 -0.49338318E-38
  0.34100000E+02 -0.72784675E-22 -0.48953681E-38
  0.34200000E+02 -0.72368108E-22 -0.48788026E-38
  0.34300000E+02 -0.71955083E-22 -0.48491402E-38
  0.34400000E+02 -0.71545560E-22 -0.48309821E-38
  0.34500000E+02 -0.71139499E-22 -0.47999168E-38
  0.34600000E+02 -0.70736863E-22 -0.47709786E-38
  0.34700000E+02 -0.70337613E-22 -0.47426556E-38
  0.34800000E+02 -0.69941712E-22 -0.47199641E-38
  0.34900000E+02 -0.69549122E-22 -0.46996773E-38
  0.35000000E+02 -0.69159806E-22 -0.46801791E-38
  0.35100000E+02 -0.68773730E-22 -0.46328602E-38
  0.35200000E+02 -0.68390856E-22 -0.46096168E-38
  0.35300000E+02 -0.68011151E-22 -0.45867239E-38
  0.35400000E+02 -0.67634579E-22 -0.45673780E-38
  0.35500000E+02 -0.67261106E-22 -0.45294669E-38
  0.35600000E+02 -0.66890699E-22 -0.45097358E-38
  0.35700000E+02 -0.66523324E-22 -0.44957486E-38
  0.35800000E+02 -0.66158949E-22 -0.44812701E-38
  0.35900000E+02 -0.65797540E-22 -0.44361443E-38
  0.36000000E+02 -0.65439067E-22 -0.44039881E-38
  0.36100000E+02 -0.65083498E-22 -0.43967204E-38
  0.36200000E+02 -0.64730801E-22 -0.43704058E-38
  0.36300000E+02 -0.64380947E-22 -0.43489415E-38
  0.36400000E+02 -0.64033903E-22 -0.43174115E-38
  0.36500000E+02 -0.63689642E-22 -0.42902768E-38
  0.36600000E+02 -0.63348133E-22 -0.42700825E-38
  0.36700000E+02 -0.63009348E-22 -0.42656088E-38
  0.36800000E+02 -0.62673257E-22 -0.42348917E-38
  0.36900000E+02 -0.62339832E-22 -0.42106541E-38
  0.37000000E+02 -0.62009046E-22 -0.41876177E-38
  0.37100000E+02 -0.61680870E-22 -0.41762928E-38
  0.37200000E+02 -0.61355277E-22 -0.41509618E-38
  0.37300000E+02 -0.61032242E-22 -0.41249757E-38
  0.37400000E+02 -0.60711736E-22 -0.41068324E-38
  0.37500000E+02 -0.60393734E-22 -0.40820914E-38
  0.37600000E+02 -0.60078210E-22 -0.40581332E-38
  0.37700000E+02 -0.59765138E-22 -0.40232391E-38
  0.37800000E+02 -0.59454494E-22 -0.40211769E-38
  0.37900000E+02 -0.59146252E-22 -0.39893390E-38
  0.38000000E+02 -0.58840388E-22 -0.39734440E-38
  0.38100000E+02 -0.58536877E-22 -0.39689125E-38
  0.38200000E+02 -0.58235696E-22 -0.39392139E-38
  0.38300000E+02 -0.57936821E-22 -0.39189828E-38
  0.38400000E+02 -0.57640228E-22 -0.38980235E-38
  0.38500000E+02 -0.57345895E-22 -0.38777581E-38
  0.38600000E+02 -0.57053798E-22 -0.38628737E-38
  0.38700000E+02 -0.56763916E-22 -0.38486907E-38
  0.38800000E+02 -0.56476226E-22 -0.38249967E-38
  0.38900000E+02 -0.56190706E-22 -0.37944314E-38
  0.39000000E+02 -0.55907334E-22 -0.37870507E-38
  0.39100000E+02 -0.55626090E-22 -0.37670947E-38
  0.39200000E+02 -0.55346951E-22 -0.37458178E-38
  0.39300000E+02 -0.55069898E-22 -0.37205774E-38
  0.39400000E+02 -0.54794909E-22 -0.37097178E-38
  0.39500000E+02 -0.54521964E-22 -0.36987925E-38
  0.39600000E+02 -0.54251043E-22 -0.36772852E-38
  0.39700000E+02 -0.53982127E-22 -0.36545450E-38
  0.39800000E+02 -0.53715194E-22 -0.36437167E-38
  0.39900000E+02 -0.53450228E-22 -0.36159335E-38
  0.40000000E+02 -0.53187207E-22 -0.36098888E-38
