  0.00000000E+00 -0.12890138E-22 -0.13788687E-35
  0.10000000E+00 -0.12899367E-22 -0.13772723E-35
  0.20000000E+00 -0.12926602E-22 -0.13706475E-35
  0.30000000E+00 -0.12970525E-22 -0.13614286E-35
  0.40000000E+00 -0.13029047E-22 -0.13472540E-35
  0.50000000E+00 -0.13099464E-22 -0.13309193E-35
  0.60000000E+00 -0.13178637E-22 -0.13103256E-35
  0.70000000E+00 -0.13263182E-22 -0.12874475E-35
  0.80000000E+00 -0.13349660E-22 -0.12625566E-35
  0.90000000E+00 -0.13434734E-22 -0.12345522E-35
  0.10000000E+01 -0.13515298E-22 -0.12057188E-35
  0.11000000E+01 -0.13588572E-22 -0.11750212E-35
  0.12000000E+01 -0.13652160E-22 -0.11432396E-35
  0.13000000E+01 -0.13704077E-22 -0.11108181E-35
  0.14000000E+01 -0.13742753E-22 -0.10778409E-35
  0.15000000E+01 -0.13767021E-22 -0.10442256E-35
  0.16000000E+01 -0.13776085E-22 -0.10112696E-35
  0.17000000E+01 -0.13769486E-22 -0.97935176E-36
  0.18000000E+01 -0.13747062E-22 -0.94605363E-36
  0.19000000E+01 -0.13708906E-22 -0.91424231E-36
  0.20000000E+01 -0.13655328E-22 -0.88350657E-36
  0.21000000E+01 -0.13586811E-22 -0.85330900E-36
  0.22000000E+01 -0.13503983E-22 -0.82287447E-36
  0.23000000E+01 -0.13407578E-22 -0.79450144E-36
  0.24000000E+01 -0.13298415E-22 -0.76678727E-36
  0.25000000E+01 -0.13177366E-22 -0.73983778E-36
  0.26000000E+01 -0.13045341E-22 -0.71351159E-36
  0.27000000E+01 -0.12903268E-22 -0.68840152E-36
  0.28000000E+01 -0.12752075E-22 -0.66396389E-36
  0.29000000E+01 -0.12592682E-22 -0.64035420E-36
  0.30000000E+01 -0.12425990E-22 -0.61805372E-36
  0.31000000E+01 -0.12252871E-22 -0.59637466E-36
  0.32000000E+01 -0.12074161E-22 -0.57558793E-36
  0.33000000E+01 -0.11890662E-22 -0.55585449E-36
  0.34000000E+01 -0.11703131E-22 -0.53652260E-36
  0.35000000E+01 -0.11512282E-22 -0.51852757E-36
  0.36000000E+01 -0.11318784E-22 -0.50046775E-36
  0.37000000E+01 -0.11123259E-22 -0.48386212E-36
  0.38000000E+01 -0.10926287E-22 -0.46752565E-36
  0.39000000E+01 -0.10728400E-22 -0.45195517E-36
  0.40000000E+01 -0.10530090E-22 -0.43678126E-36
  0.41000000E+01 -0.10331805E-22 -0.42253956E-36
  0.42000000E+01 -0.10133953E-22 -0.40882406E-36
  0.43000000E+01 -0.99369044E-23 -0.39550112E-36
  0.44000000E+01 -0.97409943E-23 -0.38300622E-36
  0.45000000E+01 -0.95465224E-23 -0.37122395E-36
  0.46000000E+01 -0.93537570E-23 -0.35921644E-36
  0.47000000E+01 -0.91629361E-23 -0.34767700E-36
  0.48000000E+01 -0.89742703E-23 -0.33712131E-36
  0.49000000E+01 -0.87879439E-23 -0.32692355E-36
  0.50000000E+01 -0.86041175E-23 -0.31689902E-36
  0.51000000E+01 -0.84229297E-23 -0.30729340E-36
  0.52000000E+01 -0.82444985E-23 -0.29812154E-36
  0.53000000E+01 -0.80689236E-23 -0.28960211E-36
  0.54000000E+01 -0.78962873E-23 -0.28085534E-36
  0.55000000E+01 -0.77266566E-23 -0.27283366E-36
  0.56000000E+01 -0.75600844E-23 -0.26486425E-36
  0.57000000E+01 -0.73966105E-23 -0.25728528E-36
  0.58000000E+01 -0.72362635E-23 -0.25017360E-36
  0.59000000E+01 -0.70790610E-23 -0.24289675E-36
  0.60000000E+01 -0.69250117E-23 -0.23628565E-36
  0.61000000E+01 -0.67741155E-23 -0.22984161E-36
  0.62000000E+01 -0.66263649E-23 -0.22354439E-36
  0.63000000E+01 -0.64817455E-23 -0.21761634E-36
  0.64000000E+01 -0.63402371E-23 -0.21179368E-36
  0.65000000E+01 -0.62018142E-23 -0.20622436E-36
  0.66000000E+01 -0.60664466E-23 -0.20089064E-36
  0.67000000E+01 -0.59341000E-23 -0.19536456E-36
  0.68000000E+01 -0.58047366E-23 -0.19066772E-36
  0.69000000E+01 -0.56783157E-23 -0.18580264E-36
  0.70000000E+01 -0.55547937E-23 -0.18105077E-36
  0.71000000E+01 -0.54341251E-23 -0.17644423E-36
  0.72000000E+01 -0.53162624E-23 -0.17199975E-36
  0.73000000E+01 -0.52011564E-23 -0.16782643E-36
  0.74000000E+01 -0.50887571E-23 -0.16373701E-36
  0.75000000E+01 -0.49790131E-23 -0.15991440E-36
  0.76000000E+01 -0.48718725E-23 -0.15617840E-36
  0.77000000E+01 -0.47672829E-23 -0.15224521E-36
  0.78000000E+01 -0.46651916E-23 -0.14884889E-36
  0.79000000E+01 -0.45655455E-23 -0.14526144E-36
  0.80000000E+01 -0.44682919E-23 -0.14200270E-36
  0.81000000E+01 -0.43733780E-23 -0.13884898E-36
  0.82000000E+01 -0.42807513E-23 -0.13551151E-36
  0.83000000E+01 -0.41903596E-23 -0.13250918E-36
  0.84000000E+01 -0.41021512E-23 -0.12943005E-36
  0.85000000E+01 -0.40160752E-23 -0.12666093E-36
  0.86000000E+01 -0.39320808E-23 -0.12397676E-36
  0.87000000E+01 -0.38501184E-23 -0.12127239E-36
  0.88000000E+01 -0.37701387E-23 -0.11873965E-36
  0.89000000E+01 -0.36920935E-23 -0.11613081E-36
  0.90000000E+01 -0.36159352E-23 -0.11364511E-36
  0.91000000E+01 -0.35416170E-23 -0.11130949E-36
  0.92000000E+01 -0.34690932E-23 -0.10903318E-36
  0.93000000E+01 -0.33983188E-23 -0.10664267E-36
  0.94000000E+01 -0.33292498E-23 -0.10456151E-36
  0.95000000E+01 -0.32618429E-23 -0.10239864E-36
  0.96000000E+01 -0.31960559E-23 -0.10040537E-36
  0.97000000E+01 -0.31318475E-23 -0.98303906E-37
  0.98000000E+01 -0.30691774E-23 -0.96412425E-37
  0.99000000E+01 -0.30080060E-23 -0.94578183E-37
  0.10000000E+02 -0.29482948E-23 -0.92713108E-37
  0.10100000E+02 -0.28900060E-23 -0.91037053E-37
  0.10200000E+02 -0.28331031E-23 -0.89305475E-37
  0.10300000E+02 -0.27775501E-23 -0.87552947E-37
  0.10400000E+02 -0.27233120E-23 -0.85821598E-37
  0.10500000E+02 -0.26703547E-23 -0.84313278E-37
  0.10600000E+02 -0.26186450E-23 -0.82685945E-37
  0.10700000E+02 -0.25681504E-23 -0.81202601E-37
  0.10800000E+02 -0.25188395E-23 -0.79750678E-37
  0.10900000E+02 -0.24706814E-23 -0.78422565E-37
  0.11000000E+02 -0.24236462E-23 -0.76860087E-37
  0.11100000E+02 -0.23777048E-23 -0.75444197E-37
  0.11200000E+02 -0.23328286E-23 -0.74170460E-37
  0.11300000E+02 -0.22889901E-23 -0.72945739E-37
  0.11400000E+02 -0.22461623E-23 -0.71769840E-37
  0.11500000E+02 -0.22043191E-23 -0.70477392E-37
  0.11600000E+02 -0.21634349E-23 -0.69122724E-37
  0.11700000E+02 -0.21234850E-23 -0.68010242E-37
  0.11800000E+02 -0.20844452E-23 -0.66943840E-37
  0.11900000E+02 -0.20462920E-23 -0.65859992E-37
  0.12000000E+02 -0.20090026E-23 -0.64650933E-37
  0.12100000E+02 -0.19725548E-23 -0.63619598E-37
  0.12200000E+02 -0.19369269E-23 -0.62575064E-37
  0.12300000E+02 -0.19020980E-23 -0.61576556E-37
  0.12400000E+02 -0.18680475E-23 -0.60654670E-37
  0.12500000E+02 -0.18347556E-23 -0.59655373E-37
  0.12600000E+02 -0.18022029E-23 -0.58677420E-37
  0.12700000E+02 -0.17703706E-23 -0.57826190E-37
  0.12800000E+02 -0.17392405E-23 -0.56852432E-37
  0.12900000E+02 -0.17087947E-23 -0.56013241E-37
  0.13000000E+02 -0.16790159E-23 -0.55171461E-37
  0.13100000E+02 -0.16498873E-23 -0.54263190E-37
  0.13200000E+02 -0.16213925E-23 -0.53473135E-37
  0.13300000E+02 -0.15935156E-23 -0.52618445E-37
  0.13400000E+02 -0.15662411E-23 -0.51929588E-37
  0.13500000E+02 -0.15395540E-23 -0.51155130E-37
  0.13600000E+02 -0.15134396E-23 -0.50322920E-37
  0.13700000E+02 -0.14878836E-23 -0.49545534E-37
  0.13800000E+02 -0.14628722E-23 -0.48917391E-37
  0.13900000E+02 -0.14383920E-23 -0.48204746E-37
  0.14000000E+02 -0.14144297E-23 -0.47444643E-37
  0.14100000E+02 -0.13909728E-23 -0.46824278E-37
  0.14200000E+02 -0.13680087E-23 -0.46166927E-37
  0.14300000E+02 -0.13455253E-23 -0.45495124E-37
  0.14400000E+02 -0.13235110E-23 -0.44795304E-37
  0.14500000E+02 -0.13019544E-23 -0.44261117E-37
  0.14600000E+02 -0.12808442E-23 -0.43589244E-37
  0.14700000E+02 -0.12601697E-23 -0.43026647E-37
  0.14800000E+02 -0.12399204E-23 -0.42391124E-37
  0.14900000E+02 -0.12200861E-23 -0.41897837E-37
  0.15000000E+02 -0.12006567E-23 -0.41276446E-37
  0.15100000E+02 -0.11816226E-23 -0.40725689E-37
  0.15200000E+02 -0.11629743E-23 -0.40238473E-37
  0.15300000E+02 -0.11447027E-23 -0.39711216E-37
  0.15400000E+02 -0.11267988E-23 -0.39133861E-37
  0.15500000E+02 -0.11092539E-23 -0.38685621E-37
  0.15600000E+02 -0.10920596E-23 -0.38204353E-37
  0.15700000E+02 -0.10752075E-23 -0.37652060E-37
  0.15800000E+02 -0.10586897E-23 -0.37164456E-37
  0.15900000E+02 -0.10424984E-23 -0.36703153E-37
  0.16000000E+02 -0.10266259E-23 -0.36209299E-37
  0.16100000E+02 -0.10110648E-23 -0.35818021E-37
  0.16200000E+02 -0.99580794E-24 -0.35355015E-37
  0.16300000E+02 -0.98084826E-24 -0.34932906E-37
  0.16400000E+02 -0.96617892E-24 -0.34468948E-37
  0.16500000E+02 -0.95179324E-24 -0.34076588E-37
  0.16600000E+02 -0.93768475E-24 -0.33678648E-37
  0.16700000E+02 -0.92384710E-24 -0.33200299E-37
  0.16800000E+02 -0.91027414E-24 -0.32808851E-37
  0.16900000E+02 -0.89695986E-24 -0.32424329E-37
  0.17000000E+02 -0.88389841E-24 -0.32042444E-37
  0.17100000E+02 -0.87108410E-24 -0.31664217E-37
  0.17200000E+02 -0.85851136E-24 -0.31303836E-37
  0.17300000E+02 -0.84617479E-24 -0.30896616E-37
  0.17400000E+02 -0.83406912E-24 -0.30574513E-37
  0.17500000E+02 -0.82218919E-24 -0.30247151E-37
  0.17600000E+02 -0.81053000E-24 -0.29838689E-37
  0.17700000E+02 -0.79908666E-24 -0.29535404E-37
  0.17800000E+02 -0.78785442E-24 -0.29163769E-37
  0.17900000E+02 -0.77682863E-24 -0.28852187E-37
  0.18000000E+02 -0.76600476E-24 -0.28527534E-37
  0.18100000E+02 -0.75537840E-24 -0.28184901E-37
  0.18200000E+02 -0.74494525E-24 -0.27892854E-37
  0.18300000E+02 -0.73470111E-24 -0.27614854E-37
  0.18400000E+02 -0.72464189E-24 -0.27255352E-37
  0.18500000E+02 -0.71476360E-24 -0.26982958E-37
  0.18600000E+02 -0.70506234E-24 -0.26677189E-37
  0.18700000E+02 -0.69553432E-24 -0.26415070E-37
  0.18800000E+02 -0.68617583E-24 -0.26133764E-37
  0.18900000E+02 -0.67698326E-24 -0.25834844E-37
  0.19000000E+02 -0.66795309E-24 -0.25549072E-37
  0.19100000E+02 -0.65908187E-24 -0.25292333E-37
  0.19200000E+02 -0.65036624E-24 -0.25046692E-37
  0.19300000E+02 -0.64180294E-24 -0.24764819E-37
  0.19400000E+02 -0.63338876E-24 -0.24518610E-37
  0.19500000E+02 -0.62512059E-24 -0.24232332E-37
  0.19600000E+02 -0.61699537E-24 -0.24006726E-37
  0.19700000E+02 -0.60901014E-24 -0.23727601E-37
  0.19800000E+02 -0.60116200E-24 -0.23475508E-37
  0.19900000E+02 -0.59344812E-24 -0.23267682E-37
  0.20000000E+02 -0.58586572E-24 -0.23008030E-37
  0.20100000E+02 -0.57841211E-24 -0.22795024E-37
  0.20200000E+02 -0.57108465E-24 -0.22561906E-37
  0.20300000E+02 -0.56388077E-24 -0.22343318E-37
  0.20400000E+02 -0.55679795E-24 -0.22073558E-37
  0.20500000E+02 -0.54983375E-24 -0.21903959E-37
  0.20600000E+02 -0.54298575E-24 -0.21691044E-37
  0.20700000E+02 -0.53625162E-24 -0.21473856E-37
  0.20800000E+02 -0.52962908E-24 -0.21259439E-37
  0.20900000E+02 -0.52311588E-24 -0.21031066E-37
  0.21000000E+02 -0.51670984E-24 -0.20814558E-37
  0.21100000E+02 -0.51040883E-24 -0.20624481E-37
  0.21200000E+02 -0.50421077E-24 -0.20487821E-37
  0.21300000E+02 -0.49811362E-24 -0.20258235E-37
  0.21400000E+02 -0.49211538E-24 -0.20070432E-37
  0.21500000E+02 -0.48621412E-24 -0.19881216E-37
  0.21600000E+02 -0.48040793E-24 -0.19693784E-37
  0.21700000E+02 -0.47469496E-24 -0.19523540E-37
  0.21800000E+02 -0.46907338E-24 -0.19354471E-37
  0.21900000E+02 -0.46354143E-24 -0.19150593E-37
  0.22000000E+02 -0.45809737E-24 -0.18976384E-37
  0.22100000E+02 -0.45273950E-24 -0.18804636E-37
  0.22200000E+02 -0.44746616E-24 -0.18633067E-37
  0.22300000E+02 -0.44227573E-24 -0.18460694E-37
  0.22400000E+02 -0.43716663E-24 -0.18296671E-37
  0.22500000E+02 -0.43213730E-24 -0.18128184E-37
  0.22600000E+02 -0.42718624E-24 -0.17931144E-37
  0.22700000E+02 -0.42231194E-24 -0.17797261E-37
  0.22800000E+02 -0.41751298E-24 -0.17621020E-37
  0.22900000E+02 -0.41278791E-24 -0.17496716E-37
  0.23000000E+02 -0.40813537E-24 -0.17309014E-37
  0.23100000E+02 -0.40355399E-24 -0.17176789E-37
  0.23200000E+02 -0.39904243E-24 -0.17017414E-37
  0.23300000E+02 -0.39459942E-24 -0.16857940E-37
  0.23400000E+02 -0.39022366E-24 -0.16715361E-37
  0.23500000E+02 -0.38591391E-24 -0.16574069E-37
  0.23600000E+02 -0.38166897E-24 -0.16447435E-37
  0.23700000E+02 -0.37748763E-24 -0.16303988E-37
  0.23800000E+02 -0.37336874E-24 -0.16160069E-37
  0.23900000E+02 -0.36931115E-24 -0.16035902E-37
  0.24000000E+02 -0.36531374E-24 -0.15904740E-37
  0.24100000E+02 -0.36137542E-24 -0.15756031E-37
  0.24200000E+02 -0.35749512E-24 -0.15608013E-37
  0.24300000E+02 -0.35367179E-24 -0.15503135E-37
  0.24400000E+02 -0.34990441E-24 -0.15370973E-37
  0.24500000E+02 -0.34619197E-24 -0.15225554E-37
  0.24600000E+02 -0.34253349E-24 -0.15124770E-37
  0.24700000E+02 -0.33892801E-24 -0.14991521E-37
  0.24800000E+02 -0.33537458E-24 -0.14874741E-37
  0.24900000E+02 -0.33187228E-24 -0.14748587E-37
  0.25000000E+02 -0.32842021E-24 -0.14616832E-37
  0.25100000E+02 -0.32501748E-24 -0.14503657E-37
  0.25200000E+02 -0.32166322E-24 -0.14387339E-37
  0.25300000E+02 -0.31835658E-24 -0.14288613E-37
  0.25400000E+02 -0.31509674E-24 -0.14151173E-37
  0.25500000E+02 -0.31188287E-24 -0.14052492E-37
  0.25600000E+02 -0.30871418E-24 -0.13947467E-37
  0.25700000E+02 -0.30558988E-24 -0.13835390E-37
  0.25800000E+02 -0.30250921E-24 -0.13742722E-37
  0.25900000E+02 -0.29947142E-24 -0.13612999E-37
  0.26000000E+02 -0.29647576E-24 -0.13505620E-37
  0.26100000E+02 -0.29352153E-24 -0.13416051E-37
  0.26200000E+02 -0.29060801E-24 -0.13296403E-37
  0.26300000E+02 -0.28773450E-24 -0.13188690E-37
  0.26400000E+02 -0.28490034E-24 -0.13094235E-37
  0.26500000E+02 -0.28210485E-24 -0.13003889E-37
  0.26600000E+02 -0.27934738E-24 -0.12887898E-37
  0.26700000E+02 -0.27662730E-24 -0.12810693E-37
  0.26800000E+02 -0.27394397E-24 -0.12708842E-37
  0.26900000E+02 -0.27129678E-24 -0.12599190E-37
  0.27000000E+02 -0.26868512E-24 -0.12511779E-37
  0.27100000E+02 -0.26610842E-24 -0.12408893E-37
  0.27200000E+02 -0.26356608E-24 -0.12319772E-37
  0.27300000E+02 -0.26105754E-24 -0.12239170E-37
  0.27400000E+02 -0.25858224E-24 -0.12128720E-37
  0.27500000E+02 -0.25613964E-24 -0.12047780E-37
  0.27600000E+02 -0.25372920E-24 -0.11961145E-37
  0.27700000E+02 -0.25135039E-24 -0.11882250E-37
  0.27800000E+02 -0.24900270E-24 -0.11793588E-37
  0.27900000E+02 -0.24668563E-24 -0.11688722E-37
  0.28000000E+02 -0.24439867E-24 -0.11625337E-37
  0.28100000E+02 -0.24214134E-24 -0.11548851E-37
  0.28200000E+02 -0.23991317E-24 -0.11446496E-37
  0.28300000E+02 -0.23771368E-24 -0.11365443E-37
  0.28400000E+02 -0.23554241E-24 -0.11295946E-37
  0.28500000E+02 -0.23339892E-24 -0.11216516E-37
  0.28600000E+02 -0.23128276E-24 -0.11130057E-37
  0.28700000E+02 -0.22919350E-24 -0.11044792E-37
  0.28800000E+02 -0.22713071E-24 -0.10977122E-37
  0.28900000E+02 -0.22509398E-24 -0.10895022E-37
  0.29000000E+02 -0.22308288E-24 -0.10819016E-37
  0.29100000E+02 -0.22109703E-24 -0.10729605E-37
  0.29200000E+02 -0.21913603E-24 -0.10674551E-37
  0.29300000E+02 -0.21719948E-24 -0.10628279E-37
  0.29400000E+02 -0.21528701E-24 -0.10520592E-37
  0.29500000E+02 -0.21339824E-24 -0.10452324E-37
  0.29600000E+02 -0.21153281E-24 -0.10381902E-37
  0.29700000E+02 -0.20969036E-24 -0.10296669E-37
  0.29800000E+02 -0.20787052E-24 -0.10247886E-37
  0.29900000E+02 -0.20607296E-24 -0.10173844E-37
  0.30000000E+02 -0.20429733E-24 -0.10105933E-37
  0.30100000E+02 -0.20254331E-24 -0.10042002E-37
  0.30200000E+02 -0.20081055E-24 -0.99836034E-38
  0.30300000E+02 -0.19909873E-24 -0.98981065E-38
  0.30400000E+02 -0.19740755E-24 -0.98522273E-38
  0.30500000E+02 -0.19573669E-24 -0.97622171E-38
  0.30600000E+02 -0.19408583E-24 -0.97128134E-38
  0.30700000E+02 -0.19245469E-24 -0.96508689E-38
  0.30800000E+02 -0.19084297E-24 -0.95682234E-38
  0.30900000E+02 -0.18925037E-24 -0.95058145E-38
  0.31000000E+02 -0.18767661E-24 -0.94535908E-38
  0.31100000E+02 -0.18612141E-24 -0.94014595E-38
  0.31200000E+02 -0.18458450E-24 -0.93231396E-38
  0.31300000E+02 -0.18306561E-24 -0.92804872E-38
  0.31400000E+02 -0.18156446E-24 -0.92071997E-38
  0.31500000E+02 -0.18008081E-24 -0.91502482E-38
  0.31600000E+02 -0.17861439E-24 -0.91061608E-38
  0.31700000E+02 -0.17716496E-24 -0.90343012E-38
  0.31800000E+02 -0.17573225E-24 -0.89786617E-38
  0.31900000E+02 -0.17431604E-24 -0.89259841E-38
  0.32000000E+02 -0.17291609E-24 -0.88687196E-38
  0.32100000E+02 -0.17153215E-24 -0.88131741E-38
  0.32200000E+02 -0.17016399E-24 -0.87536495E-38
  0.32300000E+02 -0.16881140E-24 -0.87005923E-38
  0.32400000E+02 -0.16747414E-24 -0.86584481E-38
  0.32500000E+02 -0.16615200E-24 -0.85804801E-38
  0.32600000E+02 -0.16484476E-24 -0.85348659E-38
  0.32700000E+02 -0.16355222E-24 -0.84789575E-38
  0.32800000E+02 -0.16227415E-24 -0.84405637E-38
  0.32900000E+02 -0.16101036E-24 -0.83892708E-38
  0.33000000E+02 -0.15976065E-24 -0.83199591E-38
  0.33100000E+02 -0.15852481E-24 -0.82823114E-38
  0.33200000E+02 -0.15730266E-24 -0.82305666E-38
  0.33300000E+02 -0.15609400E-24 -0.81778791E-38
  0.33400000E+02 -0.15489864E-24 -0.81279077E-38
  0.33500000E+02 -0.15371639E-24 -0.80811424E-38
  0.33600000E+02 -0.15254709E-24 -0.80306030E-38
  0.33700000E+02 -0.15139054E-24 -0.79765905E-38
  0.33800000E+02 -0.15024657E-24 -0.79467340E-38
  0.33900000E+02 -0.14911501E-24 -0.78926826E-38
  0.34000000E+02 -0.14799568E-24 -0.78343799E-38
  0.34100000E+02 -0.14688842E-24 -0.78010414E-38
  0.34200000E+02 -0.14579307E-24 -0.77436682E-38
  0.34300000E+02 -0.14470946E-24 -0.77129502E-38
  0.34400000E+02 -0.14363743E-24 -0.76545514E-38
  0.34500000E+02 -0.14257683E-24 -0.76210520E-38
  0.34600000E+02 -0.14152749E-24 -0.75719455E-38
  0.34700000E+02 -0.14048928E-24 -0.75284078E-38
  0.34800000E+02 -0.13946204E-24 -0.74764241E-38
  0.34900000E+02 -0.13844561E-24 -0.74399216E-38
  0.35000000E+02 -0.13743987E-24 -0.74057377E-38
  0.35100000E+02 -0.13644466E-24 -0.73527625E-38
  0.35200000E+02 -0.13545984E-24 -0.73201032E-38
  0.35300000E+02 -0.13448528E-24 -0.72701638E-38
  0.35400000E+02 -0.13352084E-24 -0.72219912E-38
  0.35500000E+02 -0.13256639E-24 -0.71793884E-38
  0.35600000E+02 -0.13162179E-24 -0.71488897E-38
  0.35700000E+02 -0.13068692E-24 -0.71072603E-38
  0.35800000E+02 -0.12976165E-24 -0.70615782E-38
  0.35900000E+02 -0.12884585E-24 -0.70251186E-38
  0.36000000E+02 -0.12793940E-24 -0.69831753E-38
  0.36100000E+02 -0.12704218E-24 -0.69456111E-38
  0.36200000E+02 -0.12615406E-24 -0.69113479E-38
  0.36300000E+02 -0.12527494E-24 -0.68743027E-38
  0.36400000E+02 -0.12440469E-24 -0.68311682E-38
  0.36500000E+02 -0.12354320E-24 -0.67942780E-38
  0.36600000E+02 -0.12269036E-24 -0.67507079E-38
  0.36700000E+02 -0.12184605E-24 -0.67174445E-38
  0.36800000E+02 -0.12101018E-24 -0.66781594E-38
  0.36900000E+02 -0.12018262E-24 -0.66507643E-38
  0.37000000E+02 -0.11936328E-24 -0.66104331E-38
  0.37100000E+02 -0.11855205E-24 -0.65724116E-38
  0.37200000E+02 -0.11774882E-24 -0.65377918E-38
  0.37300000E+02 -0.11695350E-24 -0.64917058E-38
  0.37400000E+02 -0.11616599E-24 -0.64775961E-38
  0.37500000E+02 -0.11538619E-24 -0.64363902E-38
  0.37600000E+02 -0.11461401E-24 -0.63938151E-38
  0.37700000E+02 -0.11384934E-24 -0.63611207E-38
  0.37800000E+02 -0.11309209E-24 -0.63339106E-38
  0.37900000E+02 -0.11234218E-24 -0.63070731E-38
  0.38000000E+02 -0.11159950E-24 -0.62664958E-38
  0.38100000E+02 -0.11086398E-24 -0.62250298E-38
  0.38200000E+02 -0.11013552E-24 -0.61906487E-38
  0.38300000E+02 -0.10941404E-24 -0.61634015E-38
  0.38400000E+02 -0.10869945E-24 -0.61298887E-38
  0.38500000E+02 -0.10799167E-24 -0.61010040E-38
  0.38600000E+02 -0.10729061E-24 -0.60723479E-38
  0.38700000E+02 -0.10659619E-24 -0.60386379E-38
  0.38800000E+02 -0.10590833E-24 -0.59989700E-38
  0.38900000E+02 -0.10522695E-24 -0.59745797E-38
  0.39000000E+02 -0.10455197E-24 -0.59383522E-38
  0.39100000E+02 -0.10388332E-24 -0.59099064E-38
  0.39200000E+02 -0.10322092E-24 -0.58855952E-38
  0.39300000E+02 -0.10256470E-24 -0.58572761E-38
  0.39400000E+02 -0.10191457E-24 -0.58229253E-38
  0.39500000E+02 -0.10127047E-24 -0.57888925E-38
  0.39600000E+02 -0.10063233E-24 -0.57663053E-38
  0.39700000E+02 -0.10000008E-24 -0.57380199E-38
  0.39800000E+02 -0.99373634E-25 -0.57045010E-38
  0.39900000E+02 -0.98752939E-25 -0.56802459E-38
  0.40000000E+02 -0.98137923E-25 -0.56542519E-38
