  0.00000000E+00  0.14045762E-20 -0.54193902E-37
  0.10000000E+00  0.14032278E-20 -0.54651156E-37
  0.20000000E+00  0.13992096E-20 -0.54400687E-37
  0.30000000E+00  0.13926002E-20 -0.55794763E-37
  0.40000000E+00  0.13835263E-20 -0.56700471E-37
  0.50000000E+00  0.13721563E-20 -0.58323589E-37
  0.60000000E+00  0.13586920E-20 -0.61509046E-37
  0.70000000E+00  0.13433596E-20 -0.62974544E-37
  0.80000000E+00  0.13264003E-20 -0.64986874E-37
  0.90000000E+00  0.13080610E-20 -0.67865962E-37
  0.10000000E+01  0.12885864E-20 -0.70326738E-37
  0.11000000E+01  0.12682118E-20 -0.74077288E-37
  0.12000000E+01  0.12471574E-20 -0.77523681E-37
  0.13000000E+01  0.12256246E-20 -0.79561234E-37
  0.14000000E+01  0.12037936E-20 -0.81418867E-37
  0.15000000E+01  0.11818216E-20 -0.84205373E-37
  0.16000000E+01  0.11598432E-20 -0.87929481E-37
  0.17000000E+01  0.11379712E-20 -0.90054206E-37
  0.18000000E+01  0.11162976E-20 -0.91837478E-37
  0.19000000E+01  0.10948958E-20 -0.94273415E-37
  0.20000000E+01  0.10738225E-20 -0.96781233E-37
  0.21000000E+01  0.10531199E-20 -0.98700976E-37
  0.22000000E+01  0.10328179E-20 -0.10026798E-36
  0.23000000E+01  0.10129361E-20 -0.10182836E-36
  0.24000000E+01  0.99348572E-21 -0.10383396E-36
  0.25000000E+01  0.97447112E-21 -0.10517083E-36
  0.26000000E+01  0.95589144E-21 -0.10599458E-36
  0.27000000E+01  0.93774179E-21 -0.10702578E-36
  0.28000000E+01  0.92001433E-21 -0.10759908E-36
  0.29000000E+01  0.90269914E-21 -0.10813438E-36
  0.30000000E+01  0.88578492E-21 -0.10858629E-36
  0.31000000E+01  0.86925959E-21 -0.10831674E-36
  0.32000000E+01  0.85311069E-21 -0.10877953E-36
  0.33000000E+01  0.83732575E-21 -0.10900793E-36
  0.34000000E+01  0.82189251E-21 -0.10910206E-36
  0.35000000E+01  0.80679910E-21 -0.10933654E-36
  0.36000000E+01  0.79203419E-21 -0.10876561E-36
  0.37000000E+01  0.77758700E-21 -0.10829138E-36
  0.38000000E+01  0.76344739E-21 -0.10747001E-36
  0.39000000E+01  0.74960585E-21 -0.10716207E-36
  0.40000000E+01  0.73605349E-21 -0.10652465E-36
  0.41000000E+01  0.72278199E-21 -0.10592581E-36
  0.42000000E+01  0.70978361E-21 -0.10494065E-36
  0.43000000E+01  0.69705114E-21 -0.10400148E-36
  0.44000000E+01  0.68457781E-21 -0.10334594E-36
  0.45000000E+01  0.67235731E-21 -0.10238331E-36
  0.46000000E+01  0.66038371E-21 -0.10116365E-36
  0.47000000E+01  0.64865142E-21 -0.10009944E-36
  0.48000000E+01  0.63715517E-21 -0.98990857E-37
  0.49000000E+01  0.62588995E-21 -0.97733351E-37
  0.50000000E+01  0.61485099E-21 -0.96675668E-37
  0.51000000E+01  0.60403373E-21 -0.95750622E-37
  0.52000000E+01  0.59343377E-21 -0.94544751E-37
  0.53000000E+01  0.58304690E-21 -0.93512737E-37
  0.54000000E+01  0.57286903E-21 -0.92150378E-37
  0.55000000E+01  0.56289616E-21 -0.90857659E-37
  0.56000000E+01  0.55312444E-21 -0.89478748E-37
  0.57000000E+01  0.54355007E-21 -0.88339028E-37
  0.58000000E+01  0.53416935E-21 -0.86953623E-37
  0.59000000E+01  0.52497865E-21 -0.86028626E-37
  0.60000000E+01  0.51597438E-21 -0.84932947E-37
  0.61000000E+01  0.50715302E-21 -0.83479666E-37
  0.62000000E+01  0.49851111E-21 -0.82550221E-37
  0.63000000E+01  0.49004521E-21 -0.81433407E-37
  0.64000000E+01  0.48175195E-21 -0.80230204E-37
  0.65000000E+01  0.47362798E-21 -0.78947436E-37
  0.66000000E+01  0.46567000E-21 -0.77531356E-37
  0.67000000E+01  0.45787476E-21 -0.76300465E-37
  0.68000000E+01  0.45023904E-21 -0.75183315E-37
  0.69000000E+01  0.44275964E-21 -0.74091923E-37
  0.70000000E+01  0.43543342E-21 -0.73013938E-37
  0.71000000E+01  0.42825728E-21 -0.71858514E-37
  0.72000000E+01  0.42122815E-21 -0.70736731E-37
  0.73000000E+01  0.41434300E-21 -0.69615534E-37
  0.74000000E+01  0.40759886E-21 -0.68541938E-37
  0.75000000E+01  0.40099276E-21 -0.67485391E-37
  0.76000000E+01  0.39452182E-21 -0.66504287E-37
  0.77000000E+01  0.38818316E-21 -0.65503800E-37
  0.78000000E+01  0.38197398E-21 -0.64370213E-37
  0.79000000E+01  0.37589150E-21 -0.63269423E-37
  0.80000000E+01  0.36993299E-21 -0.62557121E-37
  0.81000000E+01  0.36409577E-21 -0.61397693E-37
  0.82000000E+01  0.35837720E-21 -0.60486348E-37
  0.83000000E+01  0.35277469E-21 -0.59399431E-37
  0.84000000E+01  0.34728570E-21 -0.58892521E-37
  0.85000000E+01  0.34190772E-21 -0.57833142E-37
  0.86000000E+01  0.33663830E-21 -0.57063647E-37
  0.87000000E+01  0.33147503E-21 -0.55915237E-37
  0.88000000E+01  0.32641556E-21 -0.55205148E-37
  0.89000000E+01  0.32145756E-21 -0.54115282E-37
  0.90000000E+01  0.31659877E-21 -0.53413961E-37
  0.91000000E+01  0.31183697E-21 -0.52539862E-37
  0.92000000E+01  0.30716998E-21 -0.51994312E-37
  0.93000000E+01  0.30259567E-21 -0.50921260E-37
  0.94000000E+01  0.29811195E-21 -0.50348198E-37
  0.95000000E+01  0.29371678E-21 -0.49558472E-37
  0.96000000E+01  0.28940816E-21 -0.48759260E-37
  0.97000000E+01  0.28518414E-21 -0.48086700E-37
  0.98000000E+01  0.28104280E-21 -0.47384949E-37
  0.99000000E+01  0.27698229E-21 -0.46596922E-37
  0.10000000E+02  0.27300076E-21 -0.46065874E-37
  0.10100000E+02  0.26909643E-21 -0.45297401E-37
  0.10200000E+02  0.26526757E-21 -0.44542391E-37
  0.10300000E+02  0.26151246E-21 -0.43962185E-37
  0.10400000E+02  0.25782943E-21 -0.43290127E-37
  0.10500000E+02  0.25421687E-21 -0.42748073E-37
  0.10600000E+02  0.25067318E-21 -0.42121752E-37
  0.10700000E+02  0.24719680E-21 -0.41343846E-37
  0.10800000E+02  0.24378623E-21 -0.40838575E-37
  0.10900000E+02  0.24043999E-21 -0.40332736E-37
  0.11000000E+02  0.23715662E-21 -0.39725372E-37
  0.11100000E+02  0.23393472E-21 -0.39050781E-37
  0.11200000E+02  0.23077291E-21 -0.38481760E-37
  0.11300000E+02  0.22766986E-21 -0.38149845E-37
  0.11400000E+02  0.22462423E-21 -0.37525685E-37
  0.11500000E+02  0.22163477E-21 -0.37040167E-37
  0.11600000E+02  0.21870022E-21 -0.36510651E-37
  0.11700000E+02  0.21581935E-21 -0.36045409E-37
  0.11800000E+02  0.21299099E-21 -0.35573154E-37
  0.11900000E+02  0.21021397E-21 -0.35074117E-37
  0.12000000E+02  0.20748716E-21 -0.34449805E-37
  0.12100000E+02  0.20480945E-21 -0.34064510E-37
  0.12200000E+02  0.20217977E-21 -0.33672872E-37
  0.12300000E+02  0.19959706E-21 -0.33258085E-37
  0.12400000E+02  0.19706030E-21 -0.32728326E-37
  0.12500000E+02  0.19456849E-21 -0.32286731E-37
  0.12600000E+02  0.19212065E-21 -0.31887882E-37
  0.12700000E+02  0.18971583E-21 -0.31395101E-37
  0.12800000E+02  0.18735310E-21 -0.31034219E-37
  0.12900000E+02  0.18503155E-21 -0.30744163E-37
  0.13000000E+02  0.18275029E-21 -0.30203580E-37
  0.13100000E+02  0.18050847E-21 -0.29824827E-37
  0.13200000E+02  0.17830524E-21 -0.29456802E-37
  0.13300000E+02  0.17613978E-21 -0.29099074E-37
  0.13400000E+02  0.17401129E-21 -0.28773875E-37
  0.13500000E+02  0.17191897E-21 -0.28377615E-37
  0.13600000E+02  0.16986208E-21 -0.27999288E-37
  0.13700000E+02  0.16783986E-21 -0.27646197E-37
  0.13800000E+02  0.16585159E-21 -0.27307992E-37
  0.13900000E+02  0.16389656E-21 -0.26972793E-37
  0.14000000E+02  0.16197407E-21 -0.26615366E-37
  0.14100000E+02  0.16008345E-21 -0.26193535E-37
  0.14200000E+02  0.15822404E-21 -0.25932464E-37
  0.14300000E+02  0.15639519E-21 -0.25668267E-37
  0.14400000E+02  0.15459627E-21 -0.25364937E-37
  0.14500000E+02  0.15282668E-21 -0.25069687E-37
  0.14600000E+02  0.15108581E-21 -0.24707530E-37
  0.14700000E+02  0.14937307E-21 -0.24433840E-37
  0.14800000E+02  0.14768790E-21 -0.24218833E-37
  0.14900000E+02  0.14602974E-21 -0.23904003E-37
  0.15000000E+02  0.14439804E-21 -0.23636215E-37
  0.15100000E+02  0.14279227E-21 -0.23313759E-37
  0.15200000E+02  0.14121192E-21 -0.23079631E-37
  0.15300000E+02  0.13965647E-21 -0.22833542E-37
  0.15400000E+02  0.13812543E-21 -0.22428460E-37
  0.15500000E+02  0.13661832E-21 -0.22318287E-37
  0.15600000E+02  0.13513466E-21 -0.21918473E-37
  0.15700000E+02  0.13367399E-21 -0.21740490E-37
  0.15800000E+02  0.13223586E-21 -0.21560223E-37
  0.15900000E+02  0.13081984E-21 -0.21320178E-37
  0.16000000E+02  0.12942548E-21 -0.20988132E-37
  0.16100000E+02  0.12805238E-21 -0.20751245E-37
  0.16200000E+02  0.12670012E-21 -0.20577882E-37
  0.16300000E+02  0.12536829E-21 -0.20315969E-37
  0.16400000E+02  0.12405651E-21 -0.20102259E-37
  0.16500000E+02  0.12276439E-21 -0.19899991E-37
  0.16600000E+02  0.12149156E-21 -0.19651860E-37
  0.16700000E+02  0.12023766E-21 -0.19526442E-37
  0.16800000E+02  0.11900231E-21 -0.19247307E-37
  0.16900000E+02  0.11778518E-21 -0.19093617E-37
  0.17000000E+02  0.11658592E-21 -0.18815291E-37
  0.17100000E+02  0.11540420E-21 -0.18709327E-37
  0.17200000E+02  0.11423969E-21 -0.18447165E-37
  0.17300000E+02  0.11309206E-21 -0.18300496E-37
  0.17400000E+02  0.11196102E-21 -0.18039826E-37
  0.17500000E+02  0.11084624E-21 -0.17895961E-37
  0.17600000E+02  0.10974744E-21 -0.17681840E-37
  0.17700000E+02  0.10866432E-21 -0.17477283E-37
  0.17800000E+02  0.10759659E-21 -0.17345534E-37
  0.17900000E+02  0.10654398E-21 -0.17205986E-37
  0.18000000E+02  0.10550621E-21 -0.16994508E-37
  0.18100000E+02  0.10448301E-21 -0.16782221E-37
  0.18200000E+02  0.10347412E-21 -0.16675977E-37
  0.18300000E+02  0.10247928E-21 -0.16519130E-37
  0.18400000E+02  0.10149824E-21 -0.16285431E-37
  0.18500000E+02  0.10053076E-21 -0.16197126E-37
  0.18600000E+02  0.99576603E-22 -0.15987614E-37
  0.18700000E+02  0.98635522E-22 -0.15871257E-37
  0.18800000E+02  0.97707293E-22 -0.15631834E-37
  0.18900000E+02  0.96791690E-22 -0.15480848E-37
  0.19000000E+02  0.95888491E-22 -0.15346656E-37
  0.19100000E+02  0.94997482E-22 -0.15268678E-37
  0.19200000E+02  0.94118450E-22 -0.15112588E-37
  0.19300000E+02  0.93251188E-22 -0.14922099E-37
  0.19400000E+02  0.92395494E-22 -0.14816955E-37
  0.19500000E+02  0.91551169E-22 -0.14690760E-37
  0.19600000E+02  0.90718018E-22 -0.14457655E-37
  0.19700000E+02  0.89895852E-22 -0.14350297E-37
  0.19800000E+02  0.89084483E-22 -0.14249026E-37
  0.19900000E+02  0.88283729E-22 -0.14100208E-37
  0.20000000E+02  0.87493411E-22 -0.13920479E-37
  0.20100000E+02  0.86713354E-22 -0.13866990E-37
  0.20200000E+02  0.85943384E-22 -0.13711526E-37
  0.20300000E+02  0.85183336E-22 -0.13564711E-37
  0.20400000E+02  0.84433042E-22 -0.13476049E-37
  0.20500000E+02  0.83692342E-22 -0.13359527E-37
  0.20600000E+02  0.82961078E-22 -0.13257542E-37
  0.20700000E+02  0.82239094E-22 -0.13099030E-37
  0.20800000E+02  0.81526237E-22 -0.12982683E-37
  0.20900000E+02  0.80822359E-22 -0.12846002E-37
  0.21000000E+02  0.80127314E-22 -0.12697473E-37
  0.21100000E+02  0.79440959E-22 -0.12665683E-37
  0.21200000E+02  0.78763152E-22 -0.12530578E-37
  0.21300000E+02  0.78093756E-22 -0.12381433E-37
  0.21400000E+02  0.77432637E-22 -0.12342415E-37
  0.21500000E+02  0.76779661E-22 -0.12219084E-37
  0.21600000E+02  0.76134698E-22 -0.12081355E-37
  0.21700000E+02  0.75497623E-22 -0.11959110E-37
  0.21800000E+02  0.74868308E-22 -0.11870448E-37
  0.21900000E+02  0.74246633E-22 -0.11755302E-37
  0.22000000E+02  0.73632477E-22 -0.11687071E-37
  0.22100000E+02  0.73025722E-22 -0.11576209E-37
  0.22200000E+02  0.72426252E-22 -0.11493697E-37
  0.22300000E+02  0.71833955E-22 -0.11370078E-37
  0.22400000E+02  0.71248718E-22 -0.11291588E-37
  0.22500000E+02  0.70670433E-22 -0.11197993E-37
  0.22600000E+02  0.70098992E-22 -0.11056461E-37
  0.22700000E+02  0.69534291E-22 -0.10978998E-37
  0.22800000E+02  0.68976226E-22 -0.10905388E-37
  0.22900000E+02  0.68424696E-22 -0.10825984E-37
  0.23000000E+02  0.67879602E-22 -0.10762854E-37
  0.23100000E+02  0.67340846E-22 -0.10581603E-37
  0.23200000E+02  0.66808332E-22 -0.10522236E-37
  0.23300000E+02  0.66281967E-22 -0.10476893E-37
  0.23400000E+02  0.65761658E-22 -0.10377833E-37
  0.23500000E+02  0.65247315E-22 -0.10297817E-37
  0.23600000E+02  0.64738849E-22 -0.10186191E-37
  0.23700000E+02  0.64236172E-22 -0.10153385E-37
  0.23800000E+02  0.63739199E-22 -0.10054474E-37
  0.23900000E+02  0.63247845E-22 -0.99735787E-38
  0.24000000E+02  0.62762029E-22 -0.99038797E-38
  0.24100000E+02  0.62281668E-22 -0.98733724E-38
  0.24200000E+02  0.61806684E-22 -0.97355612E-38
  0.24300000E+02  0.61336998E-22 -0.96721552E-38
  0.24400000E+02  0.60872532E-22 -0.95961208E-38
  0.24500000E+02  0.60413212E-22 -0.95328660E-38
  0.24600000E+02  0.59958963E-22 -0.94379673E-38
  0.24700000E+02  0.59509712E-22 -0.93658935E-38
  0.24800000E+02  0.59065388E-22 -0.92617647E-38
  0.24900000E+02  0.58625920E-22 -0.92480176E-38
  0.25000000E+02  0.58191240E-22 -0.91362633E-38
  0.25100000E+02  0.57761278E-22 -0.90882220E-38
  0.25200000E+02  0.57335969E-22 -0.89775470E-38
  0.25300000E+02  0.56915247E-22 -0.89262084E-38
  0.25400000E+02  0.56499048E-22 -0.88507059E-38
  0.25500000E+02  0.56087307E-22 -0.88048185E-38
  0.25600000E+02  0.55679963E-22 -0.87476853E-38
  0.25700000E+02  0.55276955E-22 -0.86515254E-38
  0.25800000E+02  0.54878222E-22 -0.86180426E-38
  0.25900000E+02  0.54483705E-22 -0.85459477E-38
  0.26000000E+02  0.54093346E-22 -0.84628417E-38
  0.26100000E+02  0.53707088E-22 -0.84021315E-38
  0.26200000E+02  0.53324874E-22 -0.83188834E-38
  0.26300000E+02  0.52946650E-22 -0.82941317E-38
  0.26400000E+02  0.52572361E-22 -0.82348344E-38
  0.26500000E+02  0.52201954E-22 -0.81556232E-38
  0.26600000E+02  0.51835376E-22 -0.81035498E-38
  0.26700000E+02  0.51472575E-22 -0.80432804E-38
  0.26800000E+02  0.51113500E-22 -0.79841272E-38
  0.26900000E+02  0.50758102E-22 -0.79237665E-38
  0.27000000E+02  0.50406332E-22 -0.78737995E-38
  0.27100000E+02  0.50058140E-22 -0.78270114E-38
  0.27200000E+02  0.49713480E-22 -0.77998909E-38
  0.27300000E+02  0.49372305E-22 -0.77059024E-38
  0.27400000E+02  0.49034568E-22 -0.76651289E-38
  0.27500000E+02  0.48700225E-22 -0.76019964E-38
  0.27600000E+02  0.48369230E-22 -0.75564650E-38
  0.27700000E+02  0.48041540E-22 -0.74947912E-38
  0.27800000E+02  0.47717113E-22 -0.74590746E-38
  0.27900000E+02  0.47395904E-22 -0.74002331E-38
  0.28000000E+02  0.47077873E-22 -0.73425061E-38
  0.28100000E+02  0.46762978E-22 -0.73406375E-38
  0.28200000E+02  0.46451180E-22 -0.72434192E-38
  0.28300000E+02  0.46142437E-22 -0.72074494E-38
  0.28400000E+02  0.45836712E-22 -0.71626457E-38
  0.28500000E+02  0.45533965E-22 -0.71012929E-38
  0.28600000E+02  0.45234159E-22 -0.70329362E-38
  0.28700000E+02  0.44937256E-22 -0.70127255E-38
  0.28800000E+02  0.44643219E-22 -0.69573910E-38
  0.28900000E+02  0.44352012E-22 -0.69231589E-38
  0.29000000E+02  0.44063599E-22 -0.68915002E-38
  0.29100000E+02  0.43777946E-22 -0.68460957E-38
  0.29200000E+02  0.43495018E-22 -0.67784631E-38
  0.29300000E+02  0.43214780E-22 -0.67418609E-38
  0.29400000E+02  0.42937200E-22 -0.67018212E-38
  0.29500000E+02  0.42662244E-22 -0.66543450E-38
  0.29600000E+02  0.42389880E-22 -0.65542223E-38
  0.29700000E+02  0.42120075E-22 -0.65406667E-38
  0.29800000E+02  0.41852799E-22 -0.65328376E-38
  0.29900000E+02  0.41588020E-22 -0.64846744E-38
  0.30000000E+02  0.41325708E-22 -0.64112523E-38
  0.30100000E+02  0.41065832E-22 -0.63963399E-38
  0.30200000E+02  0.40808363E-22 -0.63408730E-38
  0.30300000E+02  0.40553272E-22 -0.63175979E-38
  0.30400000E+02  0.40300530E-22 -0.62639487E-38
  0.30500000E+02  0.40050108E-22 -0.62161100E-38
  0.30600000E+02  0.39801979E-22 -0.61811853E-38
  0.30700000E+02  0.39556115E-22 -0.61437664E-38
  0.30800000E+02  0.39312489E-22 -0.61283541E-38
  0.30900000E+02  0.39071074E-22 -0.60756757E-38
  0.31000000E+02  0.38831844E-22 -0.60257404E-38
  0.31100000E+02  0.38594773E-22 -0.60118016E-38
  0.31200000E+02  0.38359836E-22 -0.59535575E-38
  0.31300000E+02  0.38127007E-22 -0.59271646E-38
  0.31400000E+02  0.37896262E-22 -0.58736662E-38
  0.31500000E+02  0.37667576E-22 -0.58411744E-38
  0.31600000E+02  0.37440924E-22 -0.58138937E-38
  0.31700000E+02  0.37216284E-22 -0.57864646E-38
  0.31800000E+02  0.36993631E-22 -0.57257451E-38
  0.31900000E+02  0.36772944E-22 -0.56865946E-38
  0.32000000E+02  0.36554198E-22 -0.56557719E-38
  0.32100000E+02  0.36337371E-22 -0.56295755E-38
  0.32200000E+02  0.36122443E-22 -0.55834918E-38
  0.32300000E+02  0.35909389E-22 -0.55613566E-38
  0.32400000E+02  0.35698190E-22 -0.55232908E-38
  0.32500000E+02  0.35488824E-22 -0.55077221E-38
  0.32600000E+02  0.35281270E-22 -0.54743494E-38
  0.32700000E+02  0.35075507E-22 -0.54316231E-38
  0.32800000E+02  0.34871515E-22 -0.54080452E-38
  0.32900000E+02  0.34669275E-22 -0.53802770E-38
  0.33000000E+02  0.34468766E-22 -0.53268881E-38
  0.33100000E+02  0.34269969E-22 -0.53123796E-38
  0.33200000E+02  0.34072865E-22 -0.52904246E-38
  0.33300000E+02  0.33877434E-22 -0.52584332E-38
  0.33400000E+02  0.33683659E-22 -0.52240591E-38
  0.33500000E+02  0.33491521E-22 -0.51715995E-38
  0.33600000E+02  0.33301001E-22 -0.51576752E-38
  0.33700000E+02  0.33112081E-22 -0.51473392E-38
  0.33800000E+02  0.32924745E-22 -0.50788782E-38
  0.33900000E+02  0.32738974E-22 -0.50738229E-38
  0.34000000E+02  0.32554752E-22 -0.50376823E-38
  0.34100000E+02  0.32372061E-22 -0.50013263E-38
  0.34200000E+02  0.32190884E-22 -0.49807845E-38
  0.34300000E+02  0.32011206E-22 -0.49510476E-38
  0.34400000E+02  0.31833010E-22 -0.49275379E-38
  0.34500000E+02  0.31656280E-22 -0.48919453E-38
  0.34600000E+02  0.31480999E-22 -0.48740376E-38
  0.34700000E+02  0.31307153E-22 -0.48348882E-38
  0.34800000E+02  0.31134726E-22 -0.48108082E-38
  0.34900000E+02  0.30963702E-22 -0.47878506E-38
  0.35000000E+02  0.30794067E-22 -0.47763993E-38
  0.35100000E+02  0.30625806E-22 -0.47317211E-38
  0.35200000E+02  0.30458904E-22 -0.47009530E-38
  0.35300000E+02  0.30293347E-22 -0.46887340E-38
  0.35400000E+02  0.30129121E-22 -0.46426700E-38
  0.35500000E+02  0.29966211E-22 -0.46164821E-38
  0.35600000E+02  0.29804603E-22 -0.45862304E-38
  0.35700000E+02  0.29644284E-22 -0.45869228E-38
  0.35800000E+02  0.29485241E-22 -0.45477849E-38
  0.35900000E+02  0.29327460E-22 -0.45294599E-38
  0.36000000E+02  0.29170927E-22 -0.45044280E-38
  0.36100000E+02  0.29015630E-22 -0.44881451E-38
  0.36200000E+02  0.28861557E-22 -0.44425476E-38
  0.36300000E+02  0.28708693E-22 -0.44343459E-38
  0.36400000E+02  0.28557028E-22 -0.44044851E-38
  0.36500000E+02  0.28406547E-22 -0.43923698E-38
  0.36600000E+02  0.28257241E-22 -0.43708081E-38
  0.36700000E+02  0.28109095E-22 -0.43399846E-38
  0.36800000E+02  0.27962098E-22 -0.43147876E-38
  0.36900000E+02  0.27816240E-22 -0.42880589E-38
  0.37000000E+02  0.27671507E-22 -0.42789380E-38
  0.37100000E+02  0.27527889E-22 -0.42318341E-38
  0.37200000E+02  0.27385374E-22 -0.42208311E-38
  0.37300000E+02  0.27243951E-22 -0.41958174E-38
  0.37400000E+02  0.27103609E-22 -0.41805404E-38
  0.37500000E+02  0.26964337E-22 -0.41571423E-38
  0.37600000E+02  0.26826125E-22 -0.41330629E-38
  0.37700000E+02  0.26688962E-22 -0.41098314E-38
  0.37800000E+02  0.26552837E-22 -0.40956233E-38
  0.37900000E+02  0.26417740E-22 -0.40737174E-38
  0.38000000E+02  0.26283661E-22 -0.40584611E-38
  0.38100000E+02  0.26150590E-22 -0.40270503E-38
  0.38200000E+02  0.26018516E-22 -0.39906747E-38
  0.38300000E+02  0.25887430E-22 -0.39764673E-38
  0.38400000E+02  0.25757322E-22 -0.39894523E-38
  0.38500000E+02  0.25628183E-22 -0.39409171E-38
  0.38600000E+02  0.25500003E-22 -0.39198528E-38
  0.38700000E+02  0.25372772E-22 -0.38953020E-38
  0.38800000E+02  0.25246482E-22 -0.38902654E-38
  0.38900000E+02  0.25121123E-22 -0.38663216E-38
  0.39000000E+02  0.24996686E-22 -0.38550113E-38
  0.39100000E+02  0.24873163E-22 -0.38170381E-38
  0.39200000E+02  0.24750544E-22 -0.38062047E-38
  0.39300000E+02  0.24628820E-22 -0.37886662E-38
  0.39400000E+02  0.24507983E-22 -0.37591293E-38
  0.39500000E+02  0.24388026E-22 -0.37598921E-38
  0.39600000E+02  0.24268938E-22 -0.37336791E-38
  0.39700000E+02  0.24150712E-22 -0.37138469E-38
  0.39800000E+02  0.24033339E-22 -0.36802979E-38
  0.39900000E+02  0.23916812E-22 -0.36771098E-38
  0.40000000E+02  0.23801122E-22 -0.36509133E-38
