  0.00000000E+00  0.23824754E-20 -0.36114041E-38
  0.10000000E+00  0.23809981E-20 -0.36052253E-38
  0.20000000E+00  0.23765827E-20 -0.35782687E-38
  0.30000000E+00  0.23692779E-20 -0.35602025E-38
  0.40000000E+00  0.23591632E-20 -0.35052938E-38
  0.50000000E+00  0.23463458E-20 -0.34951265E-38
  0.60000000E+00  0.23309572E-20 -0.34272997E-38
  0.70000000E+00  0.23131493E-20 -0.33489108E-38
  0.80000000E+00  0.22930897E-20 -0.32406524E-38
  0.90000000E+00  0.22709571E-20 -0.31766476E-38
  0.10000000E+01  0.22469374E-20 -0.30734412E-38
  0.11000000E+01  0.22212193E-20 -0.30013606E-38
  0.12000000E+01  0.21939908E-20 -0.28835361E-38
  0.13000000E+01  0.21654364E-20 -0.27784341E-38
  0.14000000E+01  0.21357344E-20 -0.27068281E-38
  0.15000000E+01  0.21050550E-20 -0.26111808E-38
  0.16000000E+01  0.20735590E-20 -0.24911546E-38
  0.17000000E+01  0.20413970E-20 -0.23895515E-38
  0.18000000E+01  0.20087085E-20 -0.23212094E-38
  0.19000000E+01  0.19756220E-20 -0.22419777E-38
  0.20000000E+01  0.19422550E-20 -0.21460710E-38
  0.21000000E+01  0.19087143E-20 -0.20594062E-38
  0.22000000E+01  0.18750963E-20 -0.19512505E-38
  0.23000000E+01  0.18414876E-20 -0.18731685E-38
  0.24000000E+01  0.18079655E-20 -0.18097385E-38
  0.25000000E+01  0.17745989E-20 -0.17511395E-38
  0.26000000E+01  0.17414487E-20 -0.16499897E-38
  0.27000000E+01  0.17085683E-20 -0.16026991E-38
  0.28000000E+01  0.16760047E-20 -0.15242927E-38
  0.29000000E+01  0.16437985E-20 -0.14816734E-38
  0.30000000E+01  0.16119849E-20 -0.14163503E-38
  0.31000000E+01  0.15805941E-20 -0.13452071E-38
  0.32000000E+01  0.15496516E-20 -0.13089590E-38
  0.33000000E+01  0.15191790E-20 -0.12444681E-38
  0.34000000E+01  0.14891939E-20 -0.11778001E-38
  0.35000000E+01  0.14597110E-20 -0.11499191E-38
  0.36000000E+01  0.14307416E-20 -0.10994749E-38
  0.37000000E+01  0.14022947E-20 -0.10663238E-38
  0.38000000E+01  0.13743768E-20 -0.10260249E-38
  0.39000000E+01  0.13469922E-20 -0.97216535E-39
  0.40000000E+01  0.13201435E-20 -0.93966527E-39
  0.41000000E+01  0.12938314E-20 -0.90450318E-39
  0.42000000E+01  0.12680553E-20 -0.88558629E-39
  0.43000000E+01  0.12428133E-20 -0.84147994E-39
  0.44000000E+01  0.12181023E-20 -0.82239973E-39
  0.45000000E+01  0.11939182E-20 -0.78831095E-39
  0.46000000E+01  0.11702561E-20 -0.76246761E-39
  0.47000000E+01  0.11471103E-20 -0.73367884E-39
  0.48000000E+01  0.11244743E-20 -0.70946910E-39
  0.49000000E+01  0.11023413E-20 -0.69140514E-39
  0.50000000E+01  0.10807038E-20 -0.64986017E-39
  0.51000000E+01  0.10595540E-20 -0.64030723E-39
  0.52000000E+01  0.10388837E-20 -0.62260727E-39
  0.53000000E+01  0.10186847E-20 -0.59662434E-39
  0.54000000E+01  0.99894811E-21 -0.58753747E-39
  0.55000000E+01  0.97966523E-21 -0.55513906E-39
  0.56000000E+01  0.96082711E-21 -0.54286983E-39
  0.57000000E+01  0.94242470E-21 -0.52276146E-39
  0.58000000E+01  0.92444894E-21 -0.50535882E-39
  0.59000000E+01  0.90689072E-21 -0.49150368E-39
  0.60000000E+01  0.88974093E-21 -0.49047780E-39
  0.61000000E+01  0.87299050E-21 -0.46434863E-39
  0.62000000E+01  0.85663040E-21 -0.45628666E-39
  0.63000000E+01  0.84065168E-21 -0.44354843E-39
  0.64000000E+01  0.82504547E-21 -0.43203260E-39
  0.65000000E+01  0.80980299E-21 -0.41318772E-39
  0.66000000E+01  0.79491557E-21 -0.40262177E-39
  0.67000000E+01  0.78037468E-21 -0.39094574E-39
  0.68000000E+01  0.76617189E-21 -0.37839498E-39
  0.69000000E+01  0.75229893E-21 -0.36620153E-39
  0.70000000E+01  0.73874767E-21 -0.35653025E-39
  0.71000000E+01  0.72551011E-21 -0.34521083E-39
  0.72000000E+01  0.71257843E-21 -0.33739492E-39
  0.73000000E+01  0.69994494E-21 -0.32729042E-39
  0.74000000E+01  0.68760214E-21 -0.31921172E-39
  0.75000000E+01  0.67554265E-21 -0.30934781E-39
  0.76000000E+01  0.66375927E-21 -0.30417739E-39
  0.77000000E+01  0.65224498E-21 -0.29497235E-39
  0.78000000E+01  0.64099290E-21 -0.28701193E-39
  0.79000000E+01  0.62999630E-21 -0.28539720E-39
  0.80000000E+01  0.61924863E-21 -0.27255536E-39
  0.81000000E+01  0.60874350E-21 -0.27119356E-39
  0.82000000E+01  0.59847467E-21 -0.25968518E-39
  0.83000000E+01  0.58843604E-21 -0.25316013E-39
  0.84000000E+01  0.57862169E-21 -0.25146717E-39
  0.85000000E+01  0.56902584E-21 -0.24650178E-39
  0.86000000E+01  0.55964286E-21 -0.24375974E-39
  0.87000000E+01  0.55046725E-21 -0.23277103E-39
  0.88000000E+01  0.54149369E-21 -0.22484094E-39
  0.89000000E+01  0.53271696E-21 -0.22276589E-39
  0.90000000E+01  0.52413200E-21 -0.22072393E-39
  0.91000000E+01  0.51573389E-21 -0.21099011E-39
  0.92000000E+01  0.50751782E-21 -0.20869617E-39
  0.93000000E+01  0.49947914E-21 -0.20676667E-39
  0.94000000E+01  0.49161330E-21 -0.19977660E-39
  0.95000000E+01  0.48391589E-21 -0.19709100E-39
  0.96000000E+01  0.47638260E-21 -0.19253718E-39
  0.97000000E+01  0.46900927E-21 -0.18842142E-39
  0.98000000E+01  0.46179182E-21 -0.18773077E-39
  0.99000000E+01  0.45472631E-21 -0.17467533E-39
  0.10000000E+02  0.44780888E-21 -0.17870681E-39
  0.10100000E+02  0.44103581E-21 -0.17402010E-39
  0.10200000E+02  0.43440346E-21 -0.16920935E-39
  0.10300000E+02  0.42790829E-21 -0.16857116E-39
  0.10400000E+02  0.42154688E-21 -0.16278501E-39
  0.10500000E+02  0.41531587E-21 -0.15746946E-39
  0.10600000E+02  0.40921203E-21 -0.15618978E-39
  0.10700000E+02  0.40323218E-21 -0.15391805E-39
  0.10800000E+02  0.39737327E-21 -0.14699544E-39
  0.10900000E+02  0.39163231E-21 -0.14457821E-39
  0.11000000E+02  0.38600639E-21 -0.14580245E-39
  0.11100000E+02  0.38049269E-21 -0.14044407E-39
  0.11200000E+02  0.37508847E-21 -0.14109191E-39
  0.11300000E+02  0.36979106E-21 -0.13450376E-39
  0.11400000E+02  0.36459786E-21 -0.13256372E-39
  0.11500000E+02  0.35950635E-21 -0.13241459E-39
  0.11600000E+02  0.35451407E-21 -0.12931592E-39
  0.11700000E+02  0.34961864E-21 -0.12584464E-39
  0.11800000E+02  0.34481774E-21 -0.12651121E-39
  0.11900000E+02  0.34010911E-21 -0.12410214E-39
  0.12000000E+02  0.33549055E-21 -0.12148799E-39
  0.12100000E+02  0.33095992E-21 -0.11858708E-39
  0.12200000E+02  0.32651516E-21 -0.11729798E-39
  0.12300000E+02  0.32215423E-21 -0.11430329E-39
  0.12400000E+02  0.31787518E-21 -0.11199945E-39
  0.12500000E+02  0.31367608E-21 -0.11248705E-39
  0.12600000E+02  0.30955508E-21 -0.10791495E-39
  0.12700000E+02  0.30551037E-21 -0.10764179E-39
  0.12800000E+02  0.30154017E-21 -0.10412421E-39
  0.12900000E+02  0.29764278E-21 -0.10518529E-39
  0.13000000E+02  0.29381653E-21 -0.10517282E-39
  0.13100000E+02  0.29005979E-21 -0.10027888E-39
  0.13200000E+02  0.28637097E-21 -0.10002093E-39
  0.13300000E+02  0.28274855E-21 -0.94872634E-40
  0.13400000E+02  0.27919101E-21 -0.94430327E-40
  0.13500000E+02  0.27569691E-21 -0.93187226E-40
  0.13600000E+02  0.27226481E-21 -0.92506411E-40
  0.13700000E+02  0.26889334E-21 -0.90711597E-40
  0.13800000E+02  0.26558115E-21 -0.90760817E-40
  0.13900000E+02  0.26232691E-21 -0.89742528E-40
  0.14000000E+02  0.25912937E-21 -0.88277255E-40
  0.14100000E+02  0.25598726E-21 -0.89132281E-40
  0.14200000E+02  0.25289938E-21 -0.85307029E-40
  0.14300000E+02  0.24986455E-21 -0.83535372E-40
  0.14400000E+02  0.24688160E-21 -0.82444900E-40
  0.14500000E+02  0.24394943E-21 -0.81403515E-40
  0.14600000E+02  0.24106694E-21 -0.80783011E-40
  0.14700000E+02  0.23823305E-21 -0.78328288E-40
  0.14800000E+02  0.23544674E-21 -0.78442632E-40
  0.14900000E+02  0.23270699E-21 -0.77360663E-40
  0.15000000E+02  0.23001281E-21 -0.76368126E-40
  0.15100000E+02  0.22736325E-21 -0.75341028E-40
  0.15200000E+02  0.22475735E-21 -0.73511272E-40
  0.15300000E+02  0.22219422E-21 -0.72712585E-40
  0.15400000E+02  0.21967295E-21 -0.73525970E-40
  0.15500000E+02  0.21719268E-21 -0.71159897E-40
  0.15600000E+02  0.21475256E-21 -0.69048417E-40
  0.15700000E+02  0.21235175E-21 -0.69526281E-40
  0.15800000E+02  0.20998946E-21 -0.68488427E-40
  0.15900000E+02  0.20766490E-21 -0.67618052E-40
  0.16000000E+02  0.20537729E-21 -0.66147815E-40
  0.16100000E+02  0.20312590E-21 -0.65306774E-40
  0.16200000E+02  0.20090998E-21 -0.64502358E-40
  0.16300000E+02  0.19872882E-21 -0.66070637E-40
  0.16400000E+02  0.19658173E-21 -0.64834933E-40
  0.16500000E+02  0.19446802E-21 -0.62893990E-40
  0.16600000E+02  0.19238704E-21 -0.61889076E-40
  0.16700000E+02  0.19033813E-21 -0.61639805E-40
  0.16800000E+02  0.18832066E-21 -0.60785912E-40
  0.16900000E+02  0.18633401E-21 -0.59618431E-40
  0.17000000E+02  0.18437759E-21 -0.58602011E-40
  0.17100000E+02  0.18245080E-21 -0.56314948E-40
  0.17200000E+02  0.18055306E-21 -0.57418168E-40
  0.17300000E+02  0.17868382E-21 -0.56621119E-40
  0.17400000E+02  0.17684253E-21 -0.56222311E-40
  0.17500000E+02  0.17502864E-21 -0.55363520E-40
  0.17600000E+02  0.17324164E-21 -0.55284096E-40
  0.17700000E+02  0.17148102E-21 -0.53830306E-40
  0.17800000E+02  0.16974627E-21 -0.52830284E-40
  0.17900000E+02  0.16803690E-21 -0.52347732E-40
  0.18000000E+02  0.16635244E-21 -0.52702730E-40
  0.18100000E+02  0.16469242E-21 -0.50670524E-40
  0.18200000E+02  0.16305639E-21 -0.50322833E-40
  0.18300000E+02  0.16144390E-21 -0.48989364E-40
  0.18400000E+02  0.15985451E-21 -0.50577605E-40
  0.18500000E+02  0.15828779E-21 -0.48459502E-40
  0.18600000E+02  0.15674334E-21 -0.49522432E-40
  0.18700000E+02  0.15522073E-21 -0.48223255E-40
  0.18800000E+02  0.15371959E-21 -0.47564765E-40
  0.18900000E+02  0.15223950E-21 -0.48068536E-40
  0.19000000E+02  0.15078010E-21 -0.46451732E-40
  0.19100000E+02  0.14934101E-21 -0.46111106E-40
  0.19200000E+02  0.14792186E-21 -0.45116821E-40
  0.19300000E+02  0.14652231E-21 -0.45376256E-40
  0.19400000E+02  0.14514199E-21 -0.45366385E-40
  0.19500000E+02  0.14378057E-21 -0.43554322E-40
  0.19600000E+02  0.14243771E-21 -0.43645793E-40
  0.19700000E+02  0.14111309E-21 -0.43599874E-40
  0.19800000E+02  0.13980639E-21 -0.43504834E-40
  0.19900000E+02  0.13851729E-21 -0.41694949E-40
  0.20000000E+02  0.13724548E-21 -0.41693620E-40
  0.20100000E+02  0.13599067E-21 -0.41233610E-40
  0.20200000E+02  0.13475257E-21 -0.40061081E-40
  0.20300000E+02  0.13353088E-21 -0.40212885E-40
  0.20400000E+02  0.13232532E-21 -0.41100474E-40
  0.20500000E+02  0.13113562E-21 -0.40071589E-40
  0.20600000E+02  0.12996150E-21 -0.40255434E-40
  0.20700000E+02  0.12880271E-21 -0.39644040E-40
  0.20800000E+02  0.12765898E-21 -0.38882802E-40
  0.20900000E+02  0.12653006E-21 -0.37937484E-40
  0.21000000E+02  0.12541570E-21 -0.38017862E-40
  0.21100000E+02  0.12431566E-21 -0.38329726E-40
  0.21200000E+02  0.12322970E-21 -0.37152058E-40
  0.21300000E+02  0.12215758E-21 -0.36550487E-40
  0.21400000E+02  0.12109908E-21 -0.36843319E-40
  0.21500000E+02  0.12005397E-21 -0.36084623E-40
  0.21600000E+02  0.11902203E-21 -0.36000465E-40
  0.21700000E+02  0.11800304E-21 -0.35311559E-40
  0.21800000E+02  0.11699681E-21 -0.34920684E-40
  0.21900000E+02  0.11600311E-21 -0.35233434E-40
  0.22000000E+02  0.11502174E-21 -0.35035329E-40
  0.22100000E+02  0.11405251E-21 -0.33552682E-40
  0.22200000E+02  0.11309523E-21 -0.34658555E-40
  0.22300000E+02  0.11214969E-21 -0.33567149E-40
  0.22400000E+02  0.11121571E-21 -0.33015501E-40
  0.22500000E+02  0.11029311E-21 -0.32822099E-40
  0.22600000E+02  0.10938171E-21 -0.33048022E-40
  0.22700000E+02  0.10848134E-21 -0.32108650E-40
  0.22800000E+02  0.10759181E-21 -0.31988552E-40
  0.22900000E+02  0.10671295E-21 -0.31964972E-40
  0.23000000E+02  0.10584461E-21 -0.31867735E-40
  0.23100000E+02  0.10498662E-21 -0.31620658E-40
  0.23200000E+02  0.10413881E-21 -0.31320651E-40
  0.23300000E+02  0.10330103E-21 -0.31572317E-40
  0.23400000E+02  0.10247313E-21 -0.30480786E-40
  0.23500000E+02  0.10165495E-21 -0.30661354E-40
  0.23600000E+02  0.10084634E-21 -0.29071673E-40
  0.23700000E+02  0.10004716E-21 -0.28991891E-40
  0.23800000E+02  0.99257272E-22 -0.30065100E-40
  0.23900000E+02  0.98476524E-22 -0.28839300E-40
  0.24000000E+02  0.97704782E-22 -0.28725658E-40
  0.24100000E+02  0.96941911E-22 -0.28187742E-40
  0.24200000E+02  0.96187779E-22 -0.27477464E-40
  0.24300000E+02  0.95442254E-22 -0.27494787E-40
  0.24400000E+02  0.94705208E-22 -0.27675649E-40
  0.24500000E+02  0.93976516E-22 -0.27872662E-40
  0.24600000E+02  0.93256054E-22 -0.26984069E-40
  0.24700000E+02  0.92543701E-22 -0.26906424E-40
  0.24800000E+02  0.91839337E-22 -0.26629327E-40
  0.24900000E+02  0.91142845E-22 -0.26551991E-40
  0.25000000E+02  0.90454111E-22 -0.25930995E-40
  0.25100000E+02  0.89773023E-22 -0.26454595E-40
  0.25200000E+02  0.89099468E-22 -0.26350937E-40
  0.25300000E+02  0.88433338E-22 -0.25517209E-40
  0.25400000E+02  0.87774527E-22 -0.25449865E-40
  0.25500000E+02  0.87122929E-22 -0.25036467E-40
  0.25600000E+02  0.86478440E-22 -0.24696435E-40
  0.25700000E+02  0.85840961E-22 -0.24722911E-40
  0.25800000E+02  0.85210390E-22 -0.24378427E-40
  0.25900000E+02  0.84586631E-22 -0.24922834E-40
  0.26000000E+02  0.83969586E-22 -0.24081174E-40
  0.26100000E+02  0.83359162E-22 -0.23193764E-40
  0.26200000E+02  0.82755266E-22 -0.23487083E-40
  0.26300000E+02  0.82157806E-22 -0.23582412E-40
  0.26400000E+02  0.81566692E-22 -0.23563728E-40
  0.26500000E+02  0.80981836E-22 -0.23498799E-40
  0.26600000E+02  0.80403153E-22 -0.23222279E-40
  0.26700000E+02  0.79830555E-22 -0.22955305E-40
  0.26800000E+02  0.79263961E-22 -0.22764854E-40
  0.26900000E+02  0.78703286E-22 -0.22608200E-40
  0.27000000E+02  0.78148451E-22 -0.22508221E-40
  0.27100000E+02  0.77599376E-22 -0.22387222E-40
  0.27200000E+02  0.77055982E-22 -0.22181079E-40
  0.27300000E+02  0.76518193E-22 -0.22351144E-40
  0.27400000E+02  0.75985932E-22 -0.21607319E-40
  0.27500000E+02  0.75459126E-22 -0.21462297E-40
  0.27600000E+02  0.74937700E-22 -0.20936294E-40
  0.27700000E+02  0.74421584E-22 -0.21156683E-40
  0.27800000E+02  0.73910707E-22 -0.20696456E-40
  0.27900000E+02  0.73404997E-22 -0.21320059E-40
  0.28000000E+02  0.72904388E-22 -0.20949759E-40
  0.28100000E+02  0.72408812E-22 -0.20383692E-40
  0.28200000E+02  0.71918202E-22 -0.20347773E-40
  0.28300000E+02  0.71432494E-22 -0.20595833E-40
  0.28400000E+02  0.70951622E-22 -0.20023483E-40
  0.28500000E+02  0.70475524E-22 -0.20096868E-40
  0.28600000E+02  0.70004138E-22 -0.20397785E-40
  0.28700000E+02  0.69537402E-22 -0.20318635E-40
  0.28800000E+02  0.69075257E-22 -0.19909840E-40
  0.28900000E+02  0.68617643E-22 -0.19349901E-40
  0.29000000E+02  0.68164502E-22 -0.19557094E-40
  0.29100000E+02  0.67715776E-22 -0.19017559E-40
  0.29200000E+02  0.67271410E-22 -0.19793421E-40
  0.29300000E+02  0.66831347E-22 -0.19186027E-40
  0.29400000E+02  0.66395533E-22 -0.18765639E-40
  0.29500000E+02  0.65963914E-22 -0.18498411E-40
  0.29600000E+02  0.65536437E-22 -0.18822913E-40
  0.29700000E+02  0.65113050E-22 -0.18701290E-40
  0.29800000E+02  0.64693701E-22 -0.17864373E-40
  0.29900000E+02  0.64278341E-22 -0.18284125E-40
  0.30000000E+02  0.63866918E-22 -0.18322099E-40
  0.30100000E+02  0.63459385E-22 -0.18233458E-40
  0.30200000E+02  0.63055693E-22 -0.17955028E-40
  0.30300000E+02  0.62655793E-22 -0.17736735E-40
  0.30400000E+02  0.62259641E-22 -0.17959444E-40
  0.30500000E+02  0.61867189E-22 -0.17816344E-40
  0.30600000E+02  0.61478392E-22 -0.17345044E-40
  0.30700000E+02  0.61093205E-22 -0.17553065E-40
  0.30800000E+02  0.60711584E-22 -0.17208224E-40
  0.30900000E+02  0.60333486E-22 -0.16738467E-40
  0.31000000E+02  0.59958869E-22 -0.16724639E-40
  0.31100000E+02  0.59587689E-22 -0.17028583E-40
  0.31200000E+02  0.59219906E-22 -0.17173159E-40
  0.31300000E+02  0.58855479E-22 -0.16451986E-40
  0.31400000E+02  0.58494368E-22 -0.17010498E-40
  0.31500000E+02  0.58136532E-22 -0.16635410E-40
  0.31600000E+02  0.57781933E-22 -0.16419337E-40
  0.31700000E+02  0.57430532E-22 -0.15804590E-40
  0.31800000E+02  0.57082292E-22 -0.16202955E-40
  0.31900000E+02  0.56737175E-22 -0.15829292E-40
  0.32000000E+02  0.56395144E-22 -0.15398429E-40
  0.32100000E+02  0.56056162E-22 -0.15917811E-40
  0.32200000E+02  0.55720195E-22 -0.15591678E-40
  0.32300000E+02  0.55387207E-22 -0.15244857E-40
  0.32400000E+02  0.55057163E-22 -0.15284052E-40
  0.32500000E+02  0.54730029E-22 -0.15465374E-40
  0.32600000E+02  0.54405771E-22 -0.15384528E-40
  0.32700000E+02  0.54084356E-22 -0.15396215E-40
  0.32800000E+02  0.53765751E-22 -0.15237768E-40
  0.32900000E+02  0.53449924E-22 -0.14868055E-40
  0.33000000E+02  0.53136843E-22 -0.14574080E-40
  0.33100000E+02  0.52826476E-22 -0.14865286E-40
  0.33200000E+02  0.52518793E-22 -0.15297671E-40
  0.33300000E+02  0.52213763E-22 -0.14723173E-40
  0.33400000E+02  0.51911355E-22 -0.14636085E-40
  0.33500000E+02  0.51611541E-22 -0.14680017E-40
  0.33600000E+02  0.51314291E-22 -0.14507372E-40
  0.33700000E+02  0.51019576E-22 -0.14425253E-40
  0.33800000E+02  0.50727367E-22 -0.14755311E-40
  0.33900000E+02  0.50437637E-22 -0.13885675E-40
  0.34000000E+02  0.50150358E-22 -0.13668793E-40
  0.34100000E+02  0.49865502E-22 -0.14438354E-40
  0.34200000E+02  0.49583043E-22 -0.13762892E-40
  0.34300000E+02  0.49302954E-22 -0.13898605E-40
  0.34400000E+02  0.49025209E-22 -0.13448348E-40
  0.34500000E+02  0.48749782E-22 -0.13282244E-40
  0.34600000E+02  0.48476648E-22 -0.13704682E-40
  0.34700000E+02  0.48205781E-22 -0.13512685E-40
  0.34800000E+02  0.47937157E-22 -0.13158857E-40
  0.34900000E+02  0.47670751E-22 -0.13493867E-40
  0.35000000E+02  0.47406539E-22 -0.12864449E-40
  0.35100000E+02  0.47144497E-22 -0.13193427E-40
  0.35200000E+02  0.46884602E-22 -0.13236879E-40
  0.35300000E+02  0.46626830E-22 -0.12659089E-40
  0.35400000E+02  0.46371159E-22 -0.12910785E-40
  0.35500000E+02  0.46117567E-22 -0.12955621E-40
  0.35600000E+02  0.45866030E-22 -0.12800707E-40
  0.35700000E+02  0.45616527E-22 -0.13153207E-40
  0.35800000E+02  0.45369037E-22 -0.12686036E-40
  0.35900000E+02  0.45123537E-22 -0.12740306E-40
  0.36000000E+02  0.44880007E-22 -0.12839872E-40
  0.36100000E+02  0.44638426E-22 -0.12244765E-40
  0.36200000E+02  0.44398774E-22 -0.12764273E-40
  0.36300000E+02  0.44161029E-22 -0.12313956E-40
  0.36400000E+02  0.43925173E-22 -0.12208285E-40
  0.36500000E+02  0.43691185E-22 -0.12440169E-40
  0.36600000E+02  0.43459045E-22 -0.12010425E-40
  0.36700000E+02  0.43228735E-22 -0.12325929E-40
  0.36800000E+02  0.43000236E-22 -0.11692597E-40
  0.36900000E+02  0.42773528E-22 -0.11899411E-40
  0.37000000E+02  0.42548593E-22 -0.11816274E-40
  0.37100000E+02  0.42325414E-22 -0.11535299E-40
  0.37200000E+02  0.42103971E-22 -0.11706954E-40
  0.37300000E+02  0.41884247E-22 -0.11983417E-40
  0.37400000E+02  0.41666225E-22 -0.11600694E-40
  0.37500000E+02  0.41449886E-22 -0.11384116E-40
  0.37600000E+02  0.41235215E-22 -0.11355325E-40
  0.37700000E+02  0.41022193E-22 -0.11501097E-40
  0.37800000E+02  0.40810805E-22 -0.11153958E-40
  0.37900000E+02  0.40601033E-22 -0.11593309E-40
  0.38000000E+02  0.40392862E-22 -0.11428121E-40
  0.38100000E+02  0.40186275E-22 -0.11056791E-40
  0.38200000E+02  0.39981256E-22 -0.11296276E-40
  0.38300000E+02  0.39777790E-22 -0.11226227E-40
  0.38400000E+02  0.39575861E-22 -0.11014906E-40
  0.38500000E+02  0.39375454E-22 -0.10964216E-40
  0.38600000E+02  0.39176553E-22 -0.10834543E-40
  0.38700000E+02  0.38979144E-22 -0.10538349E-40
  0.38800000E+02  0.38783212E-22 -0.10789237E-40
  0.38900000E+02  0.38588743E-22 -0.10538856E-40
  0.39000000E+02  0.38395721E-22 -0.10571153E-40
  0.39100000E+02  0.38204133E-22 -0.10668526E-40
  0.39200000E+02  0.38013965E-22 -0.10561605E-40
  0.39300000E+02  0.37825203E-22 -0.10472765E-40
  0.39400000E+02  0.37637832E-22 -0.10445285E-40
  0.39500000E+02  0.37451840E-22 -0.10453398E-40
  0.39600000E+02  0.37267214E-22 -0.10261537E-40
  0.39700000E+02  0.37083939E-22 -0.98039283E-41
  0.39800000E+02  0.36902003E-22 -0.10313790E-40
  0.39900000E+02  0.36721392E-22 -0.10185974E-40
  0.40000000E+02  0.36542095E-22 -0.10058165E-40
