  0.00000000E+00  0.16976334E-22  0.94356857E-37
  0.10000000E+00  0.16967501E-22  0.93917212E-37
  0.20000000E+00  0.16941108E-22  0.94978067E-37
  0.30000000E+00  0.16897478E-22  0.95344260E-37
  0.40000000E+00  0.16837126E-22  0.96671572E-37
  0.50000000E+00  0.16760740E-22  0.98384306E-37
  0.60000000E+00  0.16669148E-22  0.10058396E-36
  0.70000000E+00  0.16563287E-22  0.10241729E-36
  0.80000000E+00  0.16444165E-22  0.10456673E-36
  0.90000000E+00  0.16312835E-22  0.10642796E-36
  0.10000000E+01  0.16170368E-22  0.10909117E-36
  0.11000000E+01  0.16017823E-22  0.11091044E-36
  0.12000000E+01  0.15856241E-22  0.11336042E-36
  0.13000000E+01  0.15686621E-22  0.11527984E-36
  0.14000000E+01  0.15509918E-22  0.11676387E-36
  0.15000000E+01  0.15327033E-22  0.11881826E-36
  0.16000000E+01  0.15138813E-22  0.12007172E-36
  0.17000000E+01  0.14946047E-22  0.12156880E-36
  0.18000000E+01  0.14749469E-22  0.12200782E-36
  0.19000000E+01  0.14549756E-22  0.12327890E-36
  0.20000000E+01  0.14347532E-22  0.12365216E-36
  0.21000000E+01  0.14143370E-22  0.12426309E-36
  0.22000000E+01  0.13937796E-22  0.12424188E-36
  0.23000000E+01  0.13731289E-22  0.12429838E-36
  0.24000000E+01  0.13524286E-22  0.12412677E-36
  0.25000000E+01  0.13317182E-22  0.12341557E-36
  0.26000000E+01  0.13110339E-22  0.12292218E-36
  0.27000000E+01  0.12904080E-22  0.12224365E-36
  0.28000000E+01  0.12698698E-22  0.12195322E-36
  0.29000000E+01  0.12494458E-22  0.12122587E-36
  0.30000000E+01  0.12291594E-22  0.11965769E-36
  0.31000000E+01  0.12090318E-22  0.11820482E-36
  0.32000000E+01  0.11890817E-22  0.11708368E-36
  0.33000000E+01  0.11693257E-22  0.11612505E-36
  0.34000000E+01  0.11497785E-22  0.11464388E-36
  0.35000000E+01  0.11304528E-22  0.11338380E-36
  0.36000000E+01  0.11113599E-22  0.11168886E-36
  0.37000000E+01  0.10925095E-22  0.11039315E-36
  0.38000000E+01  0.10739099E-22  0.10866540E-36
  0.39000000E+01  0.10555681E-22  0.10765327E-36
  0.40000000E+01  0.10374900E-22  0.10552337E-36
  0.41000000E+01  0.10196804E-22  0.10399597E-36
  0.42000000E+01  0.10021432E-22  0.10232970E-36
  0.43000000E+01  0.98488145E-23  0.10103256E-36
  0.44000000E+01  0.96789733E-23  0.99548340E-37
  0.45000000E+01  0.95119232E-23  0.97850231E-37
  0.46000000E+01  0.93476729E-23  0.96374655E-37
  0.47000000E+01  0.91862249E-23  0.94734251E-37
  0.48000000E+01  0.90275764E-23  0.93334509E-37
  0.49000000E+01  0.88717198E-23  0.91460698E-37
  0.50000000E+01  0.87186432E-23  0.89992804E-37
  0.51000000E+01  0.85683310E-23  0.88312310E-37
  0.52000000E+01  0.84207638E-23  0.86804777E-37
  0.53000000E+01  0.82759193E-23  0.85432625E-37
  0.54000000E+01  0.81337726E-23  0.83966025E-37
  0.55000000E+01  0.79942960E-23  0.82399215E-37
  0.56000000E+01  0.78574598E-23  0.80951365E-37
  0.57000000E+01  0.77232327E-23  0.79498089E-37
  0.58000000E+01  0.75915813E-23  0.78275157E-37
  0.59000000E+01  0.74624710E-23  0.76968022E-37
  0.60000000E+01  0.73358661E-23  0.75423743E-37
  0.61000000E+01  0.72117297E-23  0.74192369E-37
  0.62000000E+01  0.70900240E-23  0.73059044E-37
  0.63000000E+01  0.69707106E-23  0.71708805E-37
  0.64000000E+01  0.68537506E-23  0.70381045E-37
  0.65000000E+01  0.67391045E-23  0.69226983E-37
  0.66000000E+01  0.66267326E-23  0.68116455E-37
  0.67000000E+01  0.65165949E-23  0.66887541E-37
  0.68000000E+01  0.64086513E-23  0.65838953E-37
  0.69000000E+01  0.63028617E-23  0.64628292E-37
  0.70000000E+01  0.61991861E-23  0.63524012E-37
  0.71000000E+01  0.60975845E-23  0.62363513E-37
  0.72000000E+01  0.59980172E-23  0.61310318E-37
  0.73000000E+01  0.59004446E-23  0.60431554E-37
  0.74000000E+01  0.58048275E-23  0.59217525E-37
  0.75000000E+01  0.57111270E-23  0.58262202E-37
  0.76000000E+01  0.56193047E-23  0.57399986E-37
  0.77000000E+01  0.55293225E-23  0.56404754E-37
  0.78000000E+01  0.54411426E-23  0.55506260E-37
  0.79000000E+01  0.53547279E-23  0.54467025E-37
  0.80000000E+01  0.52700419E-23  0.53816117E-37
  0.81000000E+01  0.51870482E-23  0.52684105E-37
  0.82000000E+01  0.51057113E-23  0.51961872E-37
  0.83000000E+01  0.50259962E-23  0.51120785E-37
  0.84000000E+01  0.49478683E-23  0.50273697E-37
  0.85000000E+01  0.48712937E-23  0.49388947E-37
  0.86000000E+01  0.47962392E-23  0.48507795E-37
  0.87000000E+01  0.47226719E-23  0.47916868E-37
  0.88000000E+01  0.46505596E-23  0.47157878E-37
  0.89000000E+01  0.45798709E-23  0.46338920E-37
  0.90000000E+01  0.45105748E-23  0.45714612E-37
  0.91000000E+01  0.44426409E-23  0.44905061E-37
  0.92000000E+01  0.43760394E-23  0.44111350E-37
  0.93000000E+01  0.43107412E-23  0.43487955E-37
  0.94000000E+01  0.42467177E-23  0.42890692E-37
  0.95000000E+01  0.41839408E-23  0.42133755E-37
  0.96000000E+01  0.41223833E-23  0.41549611E-37
  0.97000000E+01  0.40620182E-23  0.40956940E-37
  0.98000000E+01  0.40028193E-23  0.40495273E-37
  0.99000000E+01  0.39447609E-23  0.39756165E-37
  0.10000000E+02  0.38878178E-23  0.39138239E-37
  0.10100000E+02  0.38319654E-23  0.38509425E-37
  0.10200000E+02  0.37771797E-23  0.37983288E-37
  0.10300000E+02  0.37234372E-23  0.37391312E-37
  0.10400000E+02  0.36707149E-23  0.36924895E-37
  0.10500000E+02  0.36189902E-23  0.36275334E-37
  0.10600000E+02  0.35682412E-23  0.35748718E-37
  0.10700000E+02  0.35184465E-23  0.35324399E-37
  0.10800000E+02  0.34695850E-23  0.34806631E-37
  0.10900000E+02  0.34216363E-23  0.34286988E-37
  0.11000000E+02  0.33745803E-23  0.33845856E-37
  0.11100000E+02  0.33283975E-23  0.33257345E-37
  0.11200000E+02  0.32830686E-23  0.32928199E-37
  0.11300000E+02  0.32385751E-23  0.32339595E-37
  0.11400000E+02  0.31948988E-23  0.31970767E-37
  0.11500000E+02  0.31520217E-23  0.31534984E-37
  0.11600000E+02  0.31099265E-23  0.31127579E-37
  0.11700000E+02  0.30685962E-23  0.30692758E-37
  0.11800000E+02  0.30280143E-23  0.30189372E-37
  0.11900000E+02  0.29881644E-23  0.29874007E-37
  0.12000000E+02  0.29490309E-23  0.29385970E-37
  0.12100000E+02  0.29105982E-23  0.29051782E-37
  0.12200000E+02  0.28728512E-23  0.28665204E-37
  0.12300000E+02  0.28357753E-23  0.28274539E-37
  0.12400000E+02  0.27993561E-23  0.27945747E-37
  0.12500000E+02  0.27635795E-23  0.27524632E-37
  0.12600000E+02  0.27284317E-23  0.27220203E-37
  0.12700000E+02  0.26938995E-23  0.26843677E-37
  0.12800000E+02  0.26599698E-23  0.26539332E-37
  0.12900000E+02  0.26266297E-23  0.26125123E-37
  0.13000000E+02  0.25938669E-23  0.25779904E-37
  0.13100000E+02  0.25616691E-23  0.25496026E-37
  0.13200000E+02  0.25300246E-23  0.25208417E-37
  0.13300000E+02  0.24989216E-23  0.24857590E-37
  0.13400000E+02  0.24683489E-23  0.24607105E-37
  0.13500000E+02  0.24382954E-23  0.24238132E-37
  0.13600000E+02  0.24087503E-23  0.23950887E-37
  0.13700000E+02  0.23797031E-23  0.23666223E-37
  0.13800000E+02  0.23511434E-23  0.23404393E-37
  0.13900000E+02  0.23230613E-23  0.23064742E-37
  0.14000000E+02  0.22954469E-23  0.22783751E-37
  0.14100000E+02  0.22682906E-23  0.22526737E-37
  0.14200000E+02  0.22415830E-23  0.22275732E-37
  0.14300000E+02  0.22153150E-23  0.21954431E-37
  0.14400000E+02  0.21894776E-23  0.21717984E-37
  0.14500000E+02  0.21640622E-23  0.21442773E-37
  0.14600000E+02  0.21390602E-23  0.21256753E-37
  0.14700000E+02  0.21144633E-23  0.20963419E-37
  0.14800000E+02  0.20902633E-23  0.20734464E-37
  0.14900000E+02  0.20664523E-23  0.20472906E-37
  0.15000000E+02  0.20430225E-23  0.20301568E-37
  0.15100000E+02  0.20199664E-23  0.20030669E-37
  0.15200000E+02  0.19972765E-23  0.19832257E-37
  0.15300000E+02  0.19749456E-23  0.19580110E-37
  0.15400000E+02  0.19529666E-23  0.19324737E-37
  0.15500000E+02  0.19313327E-23  0.19149336E-37
  0.15600000E+02  0.19100369E-23  0.18937622E-37
  0.15700000E+02  0.18890728E-23  0.18717645E-37
  0.15800000E+02  0.18684339E-23  0.18543042E-37
  0.15900000E+02  0.18481139E-23  0.18311668E-37
  0.16000000E+02  0.18281066E-23  0.18094148E-37
  0.16100000E+02  0.18084060E-23  0.17830315E-37
  0.16200000E+02  0.17890061E-23  0.17678320E-37
  0.16300000E+02  0.17699013E-23  0.17494591E-37
  0.16400000E+02  0.17510860E-23  0.17325873E-37
  0.16500000E+02  0.17325545E-23  0.17127702E-37
  0.16600000E+02  0.17143015E-23  0.16957879E-37
  0.16700000E+02  0.16963218E-23  0.16794204E-37
  0.16800000E+02  0.16786101E-23  0.16571313E-37
  0.16900000E+02  0.16611616E-23  0.16400317E-37
  0.17000000E+02  0.16439712E-23  0.16227528E-37
  0.17100000E+02  0.16270341E-23  0.16075807E-37
  0.17200000E+02  0.16103457E-23  0.15918476E-37
  0.17300000E+02  0.15939013E-23  0.15734997E-37
  0.17400000E+02  0.15776964E-23  0.15585802E-37
  0.17500000E+02  0.15617266E-23  0.15423423E-37
  0.17600000E+02  0.15459876E-23  0.15265984E-37
  0.17700000E+02  0.15304752E-23  0.15133893E-37
  0.17800000E+02  0.15151852E-23  0.14965037E-37
  0.17900000E+02  0.15001136E-23  0.14827881E-37
  0.18000000E+02  0.14852565E-23  0.14697786E-37
  0.18100000E+02  0.14706100E-23  0.14512766E-37
  0.18200000E+02  0.14561703E-23  0.14418624E-37
  0.18300000E+02  0.14419337E-23  0.14263648E-37
  0.18400000E+02  0.14278965E-23  0.14108151E-37
  0.18500000E+02  0.14140553E-23  0.13975041E-37
  0.18600000E+02  0.14004065E-23  0.13834011E-37
  0.18700000E+02  0.13869468E-23  0.13698701E-37
  0.18800000E+02  0.13736728E-23  0.13545909E-37
  0.18900000E+02  0.13605812E-23  0.13450030E-37
  0.19000000E+02  0.13476689E-23  0.13263663E-37
  0.19100000E+02  0.13349328E-23  0.13172698E-37
  0.19200000E+02  0.13223697E-23  0.13041920E-37
  0.19300000E+02  0.13099767E-23  0.12929473E-37
  0.19400000E+02  0.12977508E-23  0.12819333E-37
  0.19500000E+02  0.12856892E-23  0.12695234E-37
  0.19600000E+02  0.12737890E-23  0.12564834E-37
  0.19700000E+02  0.12620476E-23  0.12467879E-37
  0.19800000E+02  0.12504621E-23  0.12334657E-37
  0.19900000E+02  0.12390300E-23  0.12229693E-37
  0.20000000E+02  0.12277486E-23  0.12122514E-37
  0.20100000E+02  0.12166154E-23  0.12001551E-37
  0.20200000E+02  0.12056279E-23  0.11904661E-37
  0.20300000E+02  0.11947837E-23  0.11780818E-37
  0.20400000E+02  0.11840803E-23  0.11666653E-37
  0.20500000E+02  0.11735155E-23  0.11563071E-37
  0.20600000E+02  0.11630869E-23  0.11469116E-37
  0.20700000E+02  0.11527924E-23  0.11366242E-37
  0.20800000E+02  0.11426295E-23  0.11254310E-37
  0.20900000E+02  0.11325964E-23  0.11149060E-37
  0.21000000E+02  0.11226907E-23  0.11072927E-37
  0.21100000E+02  0.11129104E-23  0.10980198E-37
  0.21200000E+02  0.11032535E-23  0.10889536E-37
  0.21300000E+02  0.10937179E-23  0.10780324E-37
  0.21400000E+02  0.10843018E-23  0.10709978E-37
  0.21500000E+02  0.10750032E-23  0.10617051E-37
  0.21600000E+02  0.10658202E-23  0.10508924E-37
  0.21700000E+02  0.10567509E-23  0.10380414E-37
  0.21800000E+02  0.10477936E-23  0.10340326E-37
  0.21900000E+02  0.10389464E-23  0.10250577E-37
  0.22000000E+02  0.10302077E-23  0.10123885E-37
  0.22100000E+02  0.10215757E-23  0.10071490E-37
  0.22200000E+02  0.10130488E-23  0.99820981E-38
  0.22300000E+02  0.10046252E-23  0.98793232E-38
  0.22400000E+02  0.99630339E-24  0.98448553E-38
  0.22500000E+02  0.98808178E-24  0.97477867E-38
  0.22600000E+02  0.97995880E-24  0.96540814E-38
  0.22700000E+02  0.97193293E-24  0.95967853E-38
  0.22800000E+02  0.96400266E-24  0.94941209E-38
  0.22900000E+02  0.95616654E-24  0.94236008E-38
  0.23000000E+02  0.94842311E-24  0.93317130E-38
  0.23100000E+02  0.94077097E-24  0.92649440E-38
  0.23200000E+02  0.93320871E-24  0.92090704E-38
  0.23300000E+02  0.92573499E-24  0.91100323E-38
  0.23400000E+02  0.91834845E-24  0.90507364E-38
  0.23500000E+02  0.91104778E-24  0.89797357E-38
  0.23600000E+02  0.90383170E-24  0.89073730E-38
  0.23700000E+02  0.89669893E-24  0.88457466E-38
  0.23800000E+02  0.88964823E-24  0.87451515E-38
  0.23900000E+02  0.88267838E-24  0.86905053E-38
  0.24000000E+02  0.87578818E-24  0.86246295E-38
  0.24100000E+02  0.86897645E-24  0.85632651E-38
  0.24200000E+02  0.86224204E-24  0.84986454E-38
  0.24300000E+02  0.85558380E-24  0.84251807E-38
  0.24400000E+02  0.84900063E-24  0.83677030E-38
  0.24500000E+02  0.84249142E-24  0.82922671E-38
  0.24600000E+02  0.83605509E-24  0.82278463E-38
  0.24700000E+02  0.82969060E-24  0.81842444E-38
  0.24800000E+02  0.82339690E-24  0.80990058E-38
  0.24900000E+02  0.81717297E-24  0.80555893E-38
  0.25000000E+02  0.81101780E-24  0.79831143E-38
  0.25100000E+02  0.80493042E-24  0.79238589E-38
  0.25200000E+02  0.79890985E-24  0.78653220E-38
  0.25300000E+02  0.79295514E-24  0.78096892E-38
  0.25400000E+02  0.78706535E-24  0.77639232E-38
  0.25500000E+02  0.78123957E-24  0.76937330E-38
  0.25600000E+02  0.77547689E-24  0.76248280E-38
  0.25700000E+02  0.76977643E-24  0.75762566E-38
  0.25800000E+02  0.76413731E-24  0.75407062E-38
  0.25900000E+02  0.75855868E-24  0.74937578E-38
  0.26000000E+02  0.75303969E-24  0.74168631E-38
  0.26100000E+02  0.74757951E-24  0.73661375E-38
  0.26200000E+02  0.74217732E-24  0.73025248E-38
  0.26300000E+02  0.73683234E-24  0.72567773E-38
  0.26400000E+02  0.73154376E-24  0.71993264E-38
  0.26500000E+02  0.72631082E-24  0.71515034E-38
  0.26600000E+02  0.72113275E-24  0.71005662E-38
  0.26700000E+02  0.71600881E-24  0.70408772E-38
  0.26800000E+02  0.71093825E-24  0.69979715E-38
  0.26900000E+02  0.70592036E-24  0.69258446E-38
  0.27000000E+02  0.70095442E-24  0.69017787E-38
  0.27100000E+02  0.69603973E-24  0.68573872E-38
  0.27200000E+02  0.69117560E-24  0.68009555E-38
  0.27300000E+02  0.68636136E-24  0.67445808E-38
  0.27400000E+02  0.68159634E-24  0.67122350E-38
  0.27500000E+02  0.67687988E-24  0.66754556E-38
  0.27600000E+02  0.67221133E-24  0.66183296E-38
  0.27700000E+02  0.66759007E-24  0.65964267E-38
  0.27800000E+02  0.66301547E-24  0.65464322E-38
  0.27900000E+02  0.65848691E-24  0.64801442E-38
  0.28000000E+02  0.65400380E-24  0.64440730E-38
  0.28100000E+02  0.64956552E-24  0.63945802E-38
  0.28200000E+02  0.64517151E-24  0.63470132E-38
  0.28300000E+02  0.64082118E-24  0.62965940E-38
  0.28400000E+02  0.63651397E-24  0.62585836E-38
  0.28500000E+02  0.63224932E-24  0.62326249E-38
  0.28600000E+02  0.62802668E-24  0.61905385E-38
  0.28700000E+02  0.62384551E-24  0.61533043E-38
  0.28800000E+02  0.61970528E-24  0.60952588E-38
  0.28900000E+02  0.61560547E-24  0.60610303E-38
  0.29000000E+02  0.61154555E-24  0.60330201E-38
  0.29100000E+02  0.60752503E-24  0.59909993E-38
  0.29200000E+02  0.60354340E-24  0.59424523E-38
  0.29300000E+02  0.59960017E-24  0.59180786E-38
  0.29400000E+02  0.59569486E-24  0.58741205E-38
  0.29500000E+02  0.59182700E-24  0.58353962E-38
  0.29600000E+02  0.58799610E-24  0.58011330E-38
  0.29700000E+02  0.58420172E-24  0.57444510E-38
  0.29800000E+02  0.58044339E-24  0.57049974E-38
  0.29900000E+02  0.57672066E-24  0.56843057E-38
  0.30000000E+02  0.57303311E-24  0.56422963E-38
  0.30100000E+02  0.56938028E-24  0.56057996E-38
  0.30200000E+02  0.56576176E-24  0.55773140E-38
  0.30300000E+02  0.56217712E-24  0.55299422E-38
  0.30400000E+02  0.55862595E-24  0.55023260E-38
  0.30500000E+02  0.55510784E-24  0.54624974E-38
  0.30600000E+02  0.55162238E-24  0.54441502E-38
  0.30700000E+02  0.54816918E-24  0.53988085E-38
  0.30800000E+02  0.54474785E-24  0.53722611E-38
  0.30900000E+02  0.54135801E-24  0.53249616E-38
  0.31000000E+02  0.53799926E-24  0.53029512E-38
  0.31100000E+02  0.53467125E-24  0.52635585E-38
  0.31200000E+02  0.53137360E-24  0.52259592E-38
  0.31300000E+02  0.52810594E-24  0.52074649E-38
  0.31400000E+02  0.52486793E-24  0.51777709E-38
  0.31500000E+02  0.52165921E-24  0.51409485E-38
  0.31600000E+02  0.51847943E-24  0.50977664E-38
  0.31700000E+02  0.51532825E-24  0.50723050E-38
  0.31800000E+02  0.51220533E-24  0.50481936E-38
  0.31900000E+02  0.50911034E-24  0.50138663E-38
  0.32000000E+02  0.50604296E-24  0.49885748E-38
  0.32100000E+02  0.50300285E-24  0.49571032E-38
  0.32200000E+02  0.49998971E-24  0.49213418E-38
  0.32300000E+02  0.49700322E-24  0.48890014E-38
  0.32400000E+02  0.49404307E-24  0.48544312E-38
  0.32500000E+02  0.49110895E-24  0.48307997E-38
  0.32600000E+02  0.48820057E-24  0.48143911E-38
  0.32700000E+02  0.48531763E-24  0.47752175E-38
  0.32800000E+02  0.48245983E-24  0.47480607E-38
  0.32900000E+02  0.47962689E-24  0.47203488E-38
  0.33000000E+02  0.47681853E-24  0.46923936E-38
  0.33100000E+02  0.47403446E-24  0.46668717E-38
  0.33200000E+02  0.47127442E-24  0.46379350E-38
  0.33300000E+02  0.46853812E-24  0.46125137E-38
  0.33400000E+02  0.46582530E-24  0.45805966E-38
  0.33500000E+02  0.46313570E-24  0.45649750E-38
  0.33600000E+02  0.46046905E-24  0.45222582E-38
  0.33700000E+02  0.45782509E-24  0.44971437E-38
  0.33800000E+02  0.45520359E-24  0.44878221E-38
  0.33900000E+02  0.45260427E-24  0.44549872E-38
  0.34000000E+02  0.45002690E-24  0.44325654E-38
  0.34100000E+02  0.44747123E-24  0.44081723E-38
  0.34200000E+02  0.44493703E-24  0.43820053E-38
  0.34300000E+02  0.44242406E-24  0.43537168E-38
  0.34400000E+02  0.43993207E-24  0.43256698E-38
  0.34500000E+02  0.43746085E-24  0.43044589E-38
  0.34600000E+02  0.43501016E-24  0.42723159E-38
  0.34700000E+02  0.43257979E-24  0.42543258E-38
  0.34800000E+02  0.43016950E-24  0.42326075E-38
  0.34900000E+02  0.42777909E-24  0.42106307E-38
  0.35000000E+02  0.42540833E-24  0.41916584E-38
  0.35100000E+02  0.42305702E-24  0.41713771E-38
  0.35200000E+02  0.42072494E-24  0.41386748E-38
  0.35300000E+02  0.41841188E-24  0.41053690E-38
  0.35400000E+02  0.41611765E-24  0.41060574E-38
  0.35500000E+02  0.41384204E-24  0.40721358E-38
  0.35600000E+02  0.41158486E-24  0.40499472E-38
  0.35700000E+02  0.40934590E-24  0.40326266E-38
  0.35800000E+02  0.40712497E-24  0.39996846E-38
  0.35900000E+02  0.40492189E-24  0.39863082E-38
  0.36000000E+02  0.40273646E-24  0.39658796E-38
  0.36100000E+02  0.40056850E-24  0.39328067E-38
  0.36200000E+02  0.39841782E-24  0.39143432E-38
  0.36300000E+02  0.39628424E-24  0.38993316E-38
  0.36400000E+02  0.39416759E-24  0.38829518E-38
  0.36500000E+02  0.39206768E-24  0.38611143E-38
  0.36600000E+02  0.38998435E-24  0.38453809E-38
  0.36700000E+02  0.38791742E-24  0.38064120E-38
  0.36800000E+02  0.38586671E-24  0.38057535E-38
  0.36900000E+02  0.38383207E-24  0.37928119E-38
  0.37000000E+02  0.38181333E-24  0.37520432E-38
  0.37100000E+02  0.37981032E-24  0.37503169E-38
  0.37200000E+02  0.37782289E-24  0.37172435E-38
  0.37300000E+02  0.37585086E-24  0.36921353E-38
  0.37400000E+02  0.37389410E-24  0.36863180E-38
  0.37500000E+02  0.37195243E-24  0.36625613E-38
  0.37600000E+02  0.37002571E-24  0.36458792E-38
  0.37700000E+02  0.36811378E-24  0.36222348E-38
  0.37800000E+02  0.36621650E-24  0.36107127E-38
  0.37900000E+02  0.36433372E-24  0.35751675E-38
  0.38000000E+02  0.36246528E-24  0.35738939E-38
  0.38100000E+02  0.36061106E-24  0.35521182E-38
  0.38200000E+02  0.35877090E-24  0.35268943E-38
  0.38300000E+02  0.35694467E-24  0.35152569E-38
  0.38400000E+02  0.35513222E-24  0.35055884E-38
  0.38500000E+02  0.35333342E-24  0.34741776E-38
  0.38600000E+02  0.35154814E-24  0.34708464E-38
  0.38700000E+02  0.34977623E-24  0.34474522E-38
  0.38800000E+02  0.34801758E-24  0.34276468E-38
  0.38900000E+02  0.34627204E-24  0.34146491E-38
  0.39000000E+02  0.34453948E-24  0.33910907E-38
  0.39100000E+02  0.34281979E-24  0.33730744E-38
  0.39200000E+02  0.34111283E-24  0.33566314E-38
  0.39300000E+02  0.33941849E-24  0.33448573E-38
  0.39400000E+02  0.33773663E-24  0.33262114E-38
  0.39500000E+02  0.33606714E-24  0.33087515E-38
  0.39600000E+02  0.33440989E-24  0.32891955E-38
  0.39700000E+02  0.33276477E-24  0.32719714E-38
  0.39800000E+02  0.33113167E-24  0.32588952E-38
  0.39900000E+02  0.32951045E-24  0.32413507E-38
  0.40000000E+02  0.32790102E-24  0.32291595E-38
