  0.00000000E+00  0.54781505E-20 -0.55633650E-37
  0.10000000E+00  0.54739909E-20 -0.55036510E-37
  0.20000000E+00  0.54615850E-20 -0.54942444E-37
  0.30000000E+00  0.54411467E-20 -0.53546829E-37
  0.40000000E+00  0.54130176E-20 -0.51959082E-37
  0.50000000E+00  0.53776475E-20 -0.49208354E-37
  0.60000000E+00  0.53355699E-20 -0.46534290E-37
  0.70000000E+00  0.52873750E-20 -0.43095966E-37
  0.80000000E+00  0.52336848E-20 -0.40905936E-37
  0.90000000E+00  0.51751293E-20 -0.37221525E-37
  0.10000000E+01  0.51123274E-20 -0.32179601E-37
  0.11000000E+01  0.50458716E-20 -0.28744429E-37
  0.12000000E+01  0.49763177E-20 -0.25499446E-37
  0.13000000E+01  0.49041783E-20 -0.22106369E-37
  0.14000000E+01  0.48299194E-20 -0.18003049E-37
  0.15000000E+01  0.47539601E-20 -0.14647611E-37
  0.16000000E+01  0.46766745E-20 -0.10591935E-37
  0.17000000E+01  0.45983938E-20 -0.70569444E-38
  0.18000000E+01  0.45194105E-20 -0.45546468E-38
  0.19000000E+01  0.44399816E-20 -0.22334772E-38
  0.20000000E+01  0.43603332E-20  0.40095409E-39
  0.21000000E+01  0.42806637E-20  0.36612657E-38
  0.22000000E+01  0.42011475E-20  0.57432581E-38
  0.23000000E+01  0.41219377E-20  0.70049167E-38
  0.24000000E+01  0.40431694E-20  0.93925872E-38
  0.25000000E+01  0.39649612E-20  0.10555017E-37
  0.26000000E+01  0.38874179E-20  0.12626005E-37
  0.27000000E+01  0.38106318E-20  0.12952527E-37
  0.28000000E+01  0.37346841E-20  0.14789552E-37
  0.29000000E+01  0.36596462E-20  0.15835750E-37
  0.30000000E+01  0.35855805E-20  0.16173462E-37
  0.31000000E+01  0.35125417E-20  0.16656245E-37
  0.32000000E+01  0.34405771E-20  0.17483957E-37
  0.33000000E+01  0.33697271E-20  0.17368890E-37
  0.34000000E+01  0.33000264E-20  0.18361087E-37
  0.35000000E+01  0.32315039E-20  0.18000426E-37
  0.36000000E+01  0.31641835E-20  0.18869713E-37
  0.37000000E+01  0.30980841E-20  0.18515527E-37
  0.38000000E+01  0.30332205E-20  0.18298268E-37
  0.39000000E+01  0.29696034E-20  0.18486045E-37
  0.40000000E+01  0.29072398E-20  0.18564202E-37
  0.41000000E+01  0.28461332E-20  0.18348983E-37
  0.42000000E+01  0.27862842E-20  0.18250640E-37
  0.43000000E+01  0.27276904E-20  0.17743696E-37
  0.44000000E+01  0.26703469E-20  0.17886894E-37
  0.45000000E+01  0.26142465E-20  0.17590027E-37
  0.46000000E+01  0.25593798E-20  0.17357977E-37
  0.47000000E+01  0.25057356E-20  0.16769660E-37
  0.48000000E+01  0.24533009E-20  0.16607208E-37
  0.49000000E+01  0.24020614E-20  0.16256209E-37
  0.50000000E+01  0.23520014E-20  0.16409938E-37
  0.51000000E+01  0.23031039E-20  0.15719105E-37
  0.52000000E+01  0.22553510E-20  0.15683406E-37
  0.53000000E+01  0.22087241E-20  0.15502415E-37
  0.54000000E+01  0.21632037E-20  0.15121481E-37
  0.55000000E+01  0.21187696E-20  0.14807547E-37
  0.56000000E+01  0.20754015E-20  0.14223702E-37
  0.57000000E+01  0.20330782E-20  0.14007444E-37
  0.58000000E+01  0.19917787E-20  0.13632776E-37
  0.59000000E+01  0.19514814E-20  0.13261572E-37
  0.60000000E+01  0.19121649E-20  0.13193614E-37
  0.61000000E+01  0.18738074E-20  0.12846526E-37
  0.62000000E+01  0.18363874E-20  0.12754393E-37
  0.63000000E+01  0.17998834E-20  0.12434000E-37
  0.64000000E+01  0.17642737E-20  0.11833346E-37
  0.65000000E+01  0.17295373E-20  0.11886318E-37
  0.66000000E+01  0.16956529E-20  0.11475164E-37
  0.67000000E+01  0.16625997E-20  0.11494757E-37
  0.68000000E+01  0.16303571E-20  0.11126531E-37
  0.69000000E+01  0.15989048E-20  0.10995095E-37
  0.70000000E+01  0.15682227E-20  0.10667920E-37
  0.71000000E+01  0.15382913E-20  0.10307157E-37
  0.72000000E+01  0.15090910E-20  0.10557243E-37
  0.73000000E+01  0.14806031E-20  0.97806072E-38
  0.74000000E+01  0.14528087E-20  0.98905338E-38
  0.75000000E+01  0.14256898E-20  0.96858008E-38
  0.76000000E+01  0.13992285E-20  0.95068707E-38
  0.77000000E+01  0.13734073E-20  0.92181590E-38
  0.78000000E+01  0.13482092E-20  0.91290822E-38
  0.79000000E+01  0.13236175E-20  0.89868997E-38
  0.80000000E+01  0.12996159E-20  0.86493329E-38
  0.81000000E+01  0.12761886E-20  0.86480918E-38
  0.82000000E+01  0.12533201E-20  0.85121079E-38
  0.83000000E+01  0.12309953E-20  0.84971788E-38
  0.84000000E+01  0.12091994E-20  0.83822779E-38
  0.85000000E+01  0.11879182E-20  0.79753480E-38
  0.86000000E+01  0.11671377E-20  0.78953092E-38
  0.87000000E+01  0.11468443E-20  0.75235118E-38
  0.88000000E+01  0.11270248E-20  0.77179923E-38
  0.89000000E+01  0.11076664E-20  0.75686087E-38
  0.90000000E+01  0.10887566E-20  0.74604724E-38
  0.91000000E+01  0.10702832E-20  0.72916052E-38
  0.92000000E+01  0.10522344E-20  0.71563397E-38
  0.93000000E+01  0.10345986E-20  0.70826027E-38
  0.94000000E+01  0.10173648E-20  0.69433682E-38
  0.95000000E+01  0.10005221E-20  0.68449416E-38
  0.96000000E+01  0.98406000E-21  0.66773331E-38
  0.97000000E+01  0.96796818E-21  0.67692582E-38
  0.98000000E+01  0.95223675E-21  0.65105774E-38
  0.99000000E+01  0.93685603E-21  0.63781920E-38
  0.10000000E+02  0.92181666E-21  0.64585533E-38
  0.10100000E+02  0.90710952E-21  0.62720476E-38
  0.10200000E+02  0.89272578E-21  0.61643898E-38
  0.10300000E+02  0.87865684E-21  0.61612754E-38
  0.10400000E+02  0.86489438E-21  0.60791484E-38
  0.10500000E+02  0.85143030E-21  0.58224373E-38
  0.10600000E+02  0.83825673E-21  0.58746735E-38
  0.10700000E+02  0.82536606E-21  0.57473761E-38
  0.10800000E+02  0.81275087E-21  0.56837477E-38
  0.10900000E+02  0.80040398E-21  0.56482213E-38
  0.11000000E+02  0.78831840E-21  0.56115421E-38
  0.11100000E+02  0.77648736E-21  0.54419802E-38
  0.11200000E+02  0.76490427E-21  0.54732599E-38
  0.11300000E+02  0.75356276E-21  0.53897865E-38
  0.11400000E+02  0.74245661E-21  0.52797923E-38
  0.11500000E+02  0.73157981E-21  0.52323805E-38
  0.11600000E+02  0.72092651E-21  0.51423456E-38
  0.11700000E+02  0.71049103E-21  0.50884805E-38
  0.11800000E+02  0.70026785E-21  0.50816713E-38
  0.11900000E+02  0.69025163E-21  0.49226999E-38
  0.12000000E+02  0.68043716E-21  0.49451869E-38
  0.12100000E+02  0.67081939E-21  0.48168335E-38
  0.12200000E+02  0.66139343E-21  0.48834867E-38
  0.12300000E+02  0.65215449E-21  0.47571395E-38
  0.12400000E+02  0.64309797E-21  0.47274204E-38
  0.12500000E+02  0.63421935E-21  0.47334957E-38
  0.12600000E+02  0.62551429E-21  0.46302584E-38
  0.12700000E+02  0.61697852E-21  0.45563535E-38
  0.12800000E+02  0.60860792E-21  0.45517706E-38
  0.12900000E+02  0.60039850E-21  0.44867127E-38
  0.13000000E+02  0.59234636E-21  0.44486507E-38
  0.13100000E+02  0.58444771E-21  0.43689766E-38
  0.13200000E+02  0.57669888E-21  0.43709695E-38
  0.13300000E+02  0.56909628E-21  0.42422638E-38
  0.13400000E+02  0.56163645E-21  0.42479484E-38
  0.13500000E+02  0.55431601E-21  0.42804869E-38
  0.13600000E+02  0.54713167E-21  0.42267126E-38
  0.13700000E+02  0.54008023E-21  0.41333527E-38
  0.13800000E+02  0.53315860E-21  0.40761869E-38
  0.13900000E+02  0.52636375E-21  0.39604003E-38
  0.14000000E+02  0.51969274E-21  0.39751665E-38
  0.14100000E+02  0.51314271E-21  0.39524301E-38
  0.14200000E+02  0.50671088E-21  0.39264716E-38
  0.14300000E+02  0.50039456E-21  0.38088804E-38
  0.14400000E+02  0.49419110E-21  0.38386867E-38
  0.14500000E+02  0.48809794E-21  0.37668974E-38
  0.14600000E+02  0.48211260E-21  0.37648421E-38
  0.14700000E+02  0.47623265E-21  0.36653446E-38
  0.14800000E+02  0.47045572E-21  0.36797790E-38
  0.14900000E+02  0.46477953E-21  0.36507988E-38
  0.15000000E+02  0.45920182E-21  0.36441828E-38
  0.15100000E+02  0.45372043E-21  0.35675589E-38
  0.15200000E+02  0.44833324E-21  0.35262083E-38
  0.15300000E+02  0.44303816E-21  0.35764597E-38
  0.15400000E+02  0.43783321E-21  0.35244045E-38
  0.15500000E+02  0.43271641E-21  0.34715505E-38
  0.15600000E+02  0.42768586E-21  0.33775750E-38
  0.15700000E+02  0.42273970E-21  0.33680886E-38
  0.15800000E+02  0.41787612E-21  0.33605858E-38
  0.15900000E+02  0.41309335E-21  0.33151769E-38
  0.16000000E+02  0.40838967E-21  0.32755630E-38
  0.16100000E+02  0.40376341E-21  0.32525825E-38
  0.16200000E+02  0.39921293E-21  0.32729775E-38
  0.16300000E+02  0.39473665E-21  0.32611588E-38
  0.16400000E+02  0.39033300E-21  0.32033559E-38
  0.16500000E+02  0.38600048E-21  0.31651201E-38
  0.16600000E+02  0.38173761E-21  0.31182359E-38
  0.16700000E+02  0.37754296E-21  0.30803661E-38
  0.16800000E+02  0.37341511E-21  0.30798556E-38
  0.16900000E+02  0.36935270E-21  0.30991333E-38
  0.17000000E+02  0.36535440E-21  0.30278015E-38
  0.17100000E+02  0.36141890E-21  0.29620823E-38
  0.17200000E+02  0.35754493E-21  0.29966295E-38
  0.17300000E+02  0.35373126E-21  0.29574715E-38
  0.17400000E+02  0.34997668E-21  0.29400552E-38
  0.17500000E+02  0.34628000E-21  0.29093447E-38
  0.17600000E+02  0.34264007E-21  0.29595154E-38
  0.17700000E+02  0.33905578E-21  0.28737439E-38
  0.17800000E+02  0.33552601E-21  0.28677228E-38
  0.17900000E+02  0.33204971E-21  0.27946264E-38
  0.18000000E+02  0.32862583E-21  0.28418744E-38
  0.18100000E+02  0.32525333E-21  0.28087668E-38
  0.18200000E+02  0.32193124E-21  0.27766602E-38
  0.18300000E+02  0.31865857E-21  0.27088359E-38
  0.18400000E+02  0.31543438E-21  0.26682241E-38
  0.18500000E+02  0.31225773E-21  0.27448008E-38
  0.18600000E+02  0.30912772E-21  0.26797261E-38
  0.18700000E+02  0.30604346E-21  0.25953674E-38
  0.18800000E+02  0.30300409E-21  0.26229162E-38
  0.18900000E+02  0.30000876E-21  0.25481789E-38
  0.19000000E+02  0.29705664E-21  0.26126236E-38
  0.19100000E+02  0.29414693E-21  0.25756986E-38
  0.19200000E+02  0.29127883E-21  0.25721064E-38
  0.19300000E+02  0.28845158E-21  0.25580175E-38
  0.19400000E+02  0.28566442E-21  0.25117938E-38
  0.19500000E+02  0.28291661E-21  0.24755970E-38
  0.19600000E+02  0.28020744E-21  0.25074856E-38
  0.19700000E+02  0.27753619E-21  0.24654606E-38
  0.19800000E+02  0.27490218E-21  0.24048134E-38
  0.19900000E+02  0.27230473E-21  0.23894895E-38
  0.20000000E+02  0.26974318E-21  0.23801117E-38
  0.20100000E+02  0.26721690E-21  0.23679348E-38
  0.20200000E+02  0.26472524E-21  0.23759905E-38
  0.20300000E+02  0.26226760E-21  0.23332077E-38
  0.20400000E+02  0.25984337E-21  0.23202745E-38
  0.20500000E+02  0.25745195E-21  0.22657152E-38
  0.20600000E+02  0.25509277E-21  0.22794619E-38
  0.20700000E+02  0.25276527E-21  0.22602272E-38
  0.20800000E+02  0.25046889E-21  0.22938354E-38
  0.20900000E+02  0.24820308E-21  0.22471512E-38
  0.21000000E+02  0.24596733E-21  0.22141257E-38
  0.21100000E+02  0.24376111E-21  0.21943728E-38
  0.21200000E+02  0.24158391E-21  0.22036255E-38
  0.21300000E+02  0.23943523E-21  0.21806404E-38
  0.21400000E+02  0.23731459E-21  0.21416887E-38
  0.21500000E+02  0.23522152E-21  0.21612733E-38
  0.21600000E+02  0.23315554E-21  0.21420312E-38
  0.21700000E+02  0.23111619E-21  0.21349594E-38
  0.21800000E+02  0.22910304E-21  0.21029447E-38
  0.21900000E+02  0.22711563E-21  0.20833151E-38
  0.22000000E+02  0.22515355E-21  0.20777184E-38
  0.22100000E+02  0.22321637E-21  0.20487265E-38
  0.22200000E+02  0.22130367E-21  0.20458917E-38
  0.22300000E+02  0.21941506E-21  0.19905409E-38
  0.22400000E+02  0.21755014E-21  0.20150279E-38
  0.22500000E+02  0.21570851E-21  0.19876759E-38
  0.22600000E+02  0.21388981E-21  0.19797537E-38
  0.22700000E+02  0.21209365E-21  0.19493264E-38
  0.22800000E+02  0.21031968E-21  0.19553735E-38
  0.22900000E+02  0.20856753E-21  0.19748551E-38
  0.23000000E+02  0.20683685E-21  0.19208675E-38
  0.23100000E+02  0.20512730E-21  0.19438420E-38
  0.23200000E+02  0.20343855E-21  0.19069981E-38
  0.23300000E+02  0.20177025E-21  0.19195058E-38
  0.23400000E+02  0.20012210E-21  0.18775417E-38
  0.23500000E+02  0.19849376E-21  0.18643883E-38
  0.23600000E+02  0.19688493E-21  0.18322706E-38
  0.23700000E+02  0.19529530E-21  0.18603203E-38
  0.23800000E+02  0.19372458E-21  0.18438448E-38
  0.23900000E+02  0.19217246E-21  0.18085691E-38
  0.24000000E+02  0.19063867E-21  0.18325559E-38
  0.24100000E+02  0.18912291E-21  0.17813147E-38
  0.24200000E+02  0.18762491E-21  0.17792224E-38
  0.24300000E+02  0.18614439E-21  0.17759135E-38
  0.24400000E+02  0.18468110E-21  0.17245367E-38
  0.24500000E+02  0.18323476E-21  0.17522235E-38
  0.24600000E+02  0.18180512E-21  0.17497249E-38
  0.24700000E+02  0.18039193E-21  0.17263758E-38
  0.24800000E+02  0.17899494E-21  0.17023511E-38
  0.24900000E+02  0.17761390E-21  0.17224159E-38
  0.25000000E+02  0.17624858E-21  0.16992238E-38
  0.25100000E+02  0.17489875E-21  0.17003946E-38
  0.25200000E+02  0.17356416E-21  0.16633076E-38
  0.25300000E+02  0.17224460E-21  0.16819706E-38
  0.25400000E+02  0.17093985E-21  0.16509338E-38
  0.25500000E+02  0.16964968E-21  0.16293879E-38
  0.25600000E+02  0.16837389E-21  0.16268605E-38
  0.25700000E+02  0.16711226E-21  0.15987691E-38
  0.25800000E+02  0.16586459E-21  0.16245280E-38
  0.25900000E+02  0.16463067E-21  0.15821796E-38
  0.26000000E+02  0.16341030E-21  0.15993055E-38
  0.26100000E+02  0.16220330E-21  0.15666827E-38
  0.26200000E+02  0.16100946E-21  0.15650757E-38
  0.26300000E+02  0.15982861E-21  0.15719301E-38
  0.26400000E+02  0.15866054E-21  0.15632652E-38
  0.26500000E+02  0.15750509E-21  0.15815740E-38
  0.26600000E+02  0.15636208E-21  0.15360765E-38
  0.26700000E+02  0.15523132E-21  0.15240727E-38
  0.26800000E+02  0.15411264E-21  0.15203294E-38
  0.26900000E+02  0.15300588E-21  0.15097855E-38
  0.27000000E+02  0.15191087E-21  0.14922699E-38
  0.27100000E+02  0.15082745E-21  0.14862888E-38
  0.27200000E+02  0.14975545E-21  0.14656734E-38
  0.27300000E+02  0.14869471E-21  0.14452934E-38
  0.27400000E+02  0.14764508E-21  0.14637972E-38
  0.27500000E+02  0.14660642E-21  0.14709809E-38
  0.27600000E+02  0.14557855E-21  0.14257459E-38
  0.27700000E+02  0.14456135E-21  0.14255585E-38
  0.27800000E+02  0.14355466E-21  0.14170493E-38
  0.27900000E+02  0.14255834E-21  0.14267233E-38
  0.28000000E+02  0.14157226E-21  0.14305354E-38
  0.28100000E+02  0.14059626E-21  0.14016390E-38
  0.28200000E+02  0.13963022E-21  0.13823142E-38
  0.28300000E+02  0.13867401E-21  0.14000778E-38
  0.28400000E+02  0.13772748E-21  0.13748177E-38
  0.28500000E+02  0.13679052E-21  0.13649457E-38
  0.28600000E+02  0.13586299E-21  0.13543142E-38
  0.28700000E+02  0.13494478E-21  0.13231027E-38
  0.28800000E+02  0.13403575E-21  0.13312583E-38
  0.28900000E+02  0.13313579E-21  0.13364598E-38
  0.29000000E+02  0.13224477E-21  0.13252124E-38
  0.29100000E+02  0.13136259E-21  0.13252083E-38
  0.29200000E+02  0.13048912E-21  0.13079397E-38
  0.29300000E+02  0.12962425E-21  0.12781467E-38
  0.29400000E+02  0.12876787E-21  0.12969091E-38
  0.29500000E+02  0.12791988E-21  0.12831558E-38
  0.29600000E+02  0.12708015E-21  0.13000788E-38
  0.29700000E+02  0.12624860E-21  0.12915521E-38
  0.29800000E+02  0.12542510E-21  0.12342688E-38
  0.29900000E+02  0.12460957E-21  0.12435181E-38
  0.30000000E+02  0.12380189E-21  0.12574119E-38
  0.30100000E+02  0.12300197E-21  0.12481138E-38
  0.30200000E+02  0.12220970E-21  0.12484432E-38
  0.30300000E+02  0.12142501E-21  0.12308381E-38
  0.30400000E+02  0.12064778E-21  0.12427960E-38
  0.30500000E+02  0.11987792E-21  0.12232413E-38
  0.30600000E+02  0.11911535E-21  0.12224257E-38
  0.30700000E+02  0.11835997E-21  0.12355764E-38
  0.30800000E+02  0.11761169E-21  0.11958411E-38
  0.30900000E+02  0.11687042E-21  0.12032012E-38
  0.31000000E+02  0.11613609E-21  0.11811633E-38
  0.31100000E+02  0.11540859E-21  0.11666251E-38
  0.31200000E+02  0.11468785E-21  0.11727077E-38
  0.31300000E+02  0.11397379E-21  0.11721740E-38
  0.31400000E+02  0.11326633E-21  0.11568995E-38
  0.31500000E+02  0.11256537E-21  0.11525078E-38
  0.31600000E+02  0.11187085E-21  0.11447948E-38
  0.31700000E+02  0.11118269E-21  0.11477401E-38
  0.31800000E+02  0.11050081E-21  0.11519481E-38
  0.31900000E+02  0.10982513E-21  0.11378780E-38
  0.32000000E+02  0.10915558E-21  0.11282132E-38
  0.32100000E+02  0.10849209E-21  0.11184641E-38
  0.32200000E+02  0.10783458E-21  0.11101911E-38
  0.32300000E+02  0.10718299E-21  0.11136886E-38
  0.32400000E+02  0.10653724E-21  0.10872102E-38
  0.32500000E+02  0.10589726E-21  0.10940511E-38
  0.32600000E+02  0.10526299E-21  0.10843359E-38
  0.32700000E+02  0.10463436E-21  0.10857979E-38
  0.32800000E+02  0.10401130E-21  0.10811175E-38
  0.32900000E+02  0.10339375E-21  0.10749324E-38
  0.33000000E+02  0.10278164E-21  0.10651639E-38
  0.33100000E+02  0.10217491E-21  0.10428509E-38
  0.33200000E+02  0.10157350E-21  0.10604963E-38
  0.33300000E+02  0.10097735E-21  0.10421615E-38
  0.33400000E+02  0.10038639E-21  0.10455267E-38
  0.33500000E+02  0.99800564E-22  0.10287590E-38
  0.33600000E+02  0.99219817E-22  0.10379439E-38
  0.33700000E+02  0.98644089E-22  0.10505569E-38
  0.33800000E+02  0.98073322E-22  0.10380479E-38
  0.33900000E+02  0.97507460E-22  0.10292780E-38
  0.34000000E+02  0.96946448E-22  0.99604771E-39
  0.34100000E+02  0.96390230E-22  0.10069730E-38
  0.34200000E+02  0.95838752E-22  0.10042124E-38
  0.34300000E+02  0.95291962E-22  0.10272789E-38
  0.34400000E+02  0.94749806E-22  0.99754511E-39
  0.34500000E+02  0.94212233E-22  0.98775756E-39
  0.34600000E+02  0.93679191E-22  0.96984201E-39
  0.34700000E+02  0.93150630E-22  0.98539609E-39
  0.34800000E+02  0.92626501E-22  0.96613032E-39
  0.34900000E+02  0.92106753E-22  0.96892313E-39
  0.35000000E+02  0.91591340E-22  0.96019383E-39
  0.35100000E+02  0.91080212E-22  0.94999421E-39
  0.35200000E+02  0.90573324E-22  0.95196245E-39
  0.35300000E+02  0.90070628E-22  0.94667663E-39
  0.35400000E+02  0.89572079E-22  0.94623515E-39
  0.35500000E+02  0.89077631E-22  0.94050112E-39
  0.35600000E+02  0.88587241E-22  0.93442670E-39
  0.35700000E+02  0.88100863E-22  0.91344949E-39
  0.35800000E+02  0.87618455E-22  0.90666512E-39
  0.35900000E+02  0.87139974E-22  0.92006669E-39
  0.36000000E+02  0.86665378E-22  0.93878014E-39
  0.36100000E+02  0.86194624E-22  0.90977684E-39
  0.36200000E+02  0.85727673E-22  0.90519809E-39
  0.36300000E+02  0.85264482E-22  0.89486378E-39
  0.36400000E+02  0.84805013E-22  0.90311187E-39
  0.36500000E+02  0.84349225E-22  0.89044081E-39
  0.36600000E+02  0.83897080E-22  0.89733777E-39
  0.36700000E+02  0.83448539E-22  0.89867128E-39
  0.36800000E+02  0.83003564E-22  0.87703759E-39
  0.36900000E+02  0.82562119E-22  0.87268214E-39
  0.37000000E+02  0.82124164E-22  0.86974428E-39
  0.37100000E+02  0.81689666E-22  0.86195002E-39
  0.37200000E+02  0.81258586E-22  0.87445008E-39
  0.37300000E+02  0.80830890E-22  0.85695235E-39
  0.37400000E+02  0.80406542E-22  0.85991320E-39
  0.37500000E+02  0.79985509E-22  0.83843093E-39
  0.37600000E+02  0.79567755E-22  0.84119481E-39
  0.37700000E+02  0.79153247E-22  0.84251995E-39
  0.37800000E+02  0.78741951E-22  0.84405210E-39
  0.37900000E+02  0.78333835E-22  0.83157292E-39
  0.38000000E+02  0.77928866E-22  0.83719342E-39
  0.38100000E+02  0.77527012E-22  0.82715860E-39
  0.38200000E+02  0.77128242E-22  0.82337794E-39
  0.38300000E+02  0.76732523E-22  0.80965608E-39
  0.38400000E+02  0.76339826E-22  0.82429279E-39
  0.38500000E+02  0.75950119E-22  0.81460076E-39
  0.38600000E+02  0.75563372E-22  0.81007964E-39
  0.38700000E+02  0.75179557E-22  0.81456392E-39
  0.38800000E+02  0.74798643E-22  0.79504871E-39
  0.38900000E+02  0.74420601E-22  0.80282970E-39
  0.39000000E+02  0.74045403E-22  0.79147714E-39
  0.39100000E+02  0.73673020E-22  0.80034984E-39
  0.39200000E+02  0.73303425E-22  0.77839377E-39
  0.39300000E+02  0.72936589E-22  0.78132282E-39
  0.39400000E+02  0.72572486E-22  0.79195159E-39
  0.39500000E+02  0.72211089E-22  0.78292768E-39
  0.39600000E+02  0.71852371E-22  0.76819078E-39
  0.39700000E+02  0.71496306E-22  0.77682024E-39
  0.39800000E+02  0.71142867E-22  0.76900882E-39
  0.39900000E+02  0.70792030E-22  0.75236793E-39
  0.40000000E+02  0.70443768E-22  0.76007360E-39
