  0.00000000E+00 -0.59853016E-26  0.18933012E-37
  0.10000000E+00 -0.58835142E-26  0.19339254E-37
  0.20000000E+00 -0.55805821E-26  0.18911429E-37
  0.30000000E+00 -0.50836621E-26  0.18674879E-37
  0.40000000E+00 -0.44042521E-26  0.17438796E-37
  0.50000000E+00 -0.35575903E-26  0.15906800E-37
  0.60000000E+00 -0.25618954E-26  0.14919888E-37
  0.70000000E+00 -0.14375149E-26  0.13019795E-37
  0.80000000E+00 -0.20605037E-27  0.11532612E-37
  0.90000000E+00  0.11104803E-26  0.91698532E-38
  0.10000000E+01  0.24903913E-26  0.78684368E-38
  0.11000000E+01  0.39129569E-26  0.60725839E-38
  0.12000000E+01  0.53588989E-26  0.35880814E-38
  0.13000000E+01  0.68107321E-26  0.26784925E-38
  0.14000000E+01  0.82529746E-26  0.96235464E-39
  0.15000000E+01  0.96722405E-26 -0.72119831E-39
  0.16000000E+01  0.11057234E-25 -0.23410110E-38
  0.17000000E+01  0.12398670E-25 -0.40299678E-38
  0.18000000E+01  0.13689139E-25 -0.46425355E-38
  0.19000000E+01  0.14922937E-25 -0.59241359E-38
  0.20000000E+01  0.16095883E-25 -0.74519673E-38
  0.21000000E+01  0.17205120E-25 -0.86380583E-38
  0.22000000E+01  0.18248929E-25 -0.87428905E-38
  0.23000000E+01  0.19226551E-25 -0.99884722E-38
  0.24000000E+01  0.20138020E-25 -0.10555133E-37
  0.25000000E+01  0.20984021E-25 -0.10849731E-37
  0.26000000E+01  0.21765752E-25 -0.11616171E-37
  0.27000000E+01  0.22484820E-25 -0.11570883E-37
  0.28000000E+01  0.23143140E-25 -0.12113894E-37
  0.29000000E+01  0.23742856E-25 -0.12573583E-37
  0.30000000E+01  0.24286273E-25 -0.13155083E-37
  0.31000000E+01  0.24775804E-25 -0.13123464E-37
  0.32000000E+01  0.25213919E-25 -0.13027122E-37
  0.33000000E+01  0.25603117E-25 -0.13253363E-37
  0.34000000E+01  0.25945888E-25 -0.13367001E-37
  0.35000000E+01  0.26244696E-25 -0.13701766E-37
  0.36000000E+01  0.26501961E-25 -0.13231751E-37
  0.37000000E+01  0.26720042E-25 -0.13314321E-37
  0.38000000E+01  0.26901230E-25 -0.14172196E-37
  0.39000000E+01  0.27047740E-25 -0.13246433E-37
  0.40000000E+01  0.27161705E-25 -0.13220940E-37
  0.41000000E+01  0.27245176E-25 -0.13208021E-37
  0.42000000E+01  0.27300115E-25 -0.13175774E-37
  0.43000000E+01  0.27328398E-25 -0.12738581E-37
  0.44000000E+01  0.27331817E-25 -0.12983464E-37
  0.45000000E+01  0.27312075E-25 -0.12930017E-37
  0.46000000E+01  0.27270795E-25 -0.12730923E-37
  0.47000000E+01  0.27209515E-25 -0.12500095E-37
  0.48000000E+01  0.27129696E-25 -0.12377797E-37
  0.49000000E+01  0.27032719E-25 -0.12250198E-37
  0.50000000E+01  0.26919894E-25 -0.11958518E-37
  0.51000000E+01  0.26792457E-25 -0.12020445E-37
  0.52000000E+01  0.26651576E-25 -0.11609536E-37
  0.53000000E+01  0.26498353E-25 -0.11486434E-37
  0.54000000E+01  0.26333827E-25 -0.11012076E-37
  0.55000000E+01  0.26158975E-25 -0.11191889E-37
  0.56000000E+01  0.25974719E-25 -0.10827370E-37
  0.57000000E+01  0.25781924E-25 -0.10783042E-37
  0.58000000E+01  0.25581403E-25 -0.10677673E-37
  0.59000000E+01  0.25373920E-25 -0.10586083E-37
  0.60000000E+01  0.25160191E-25 -0.10404190E-37
  0.61000000E+01  0.24940887E-25 -0.10090801E-37
  0.62000000E+01  0.24716638E-25 -0.96711176E-38
  0.63000000E+01  0.24488032E-25 -0.97240345E-38
  0.64000000E+01  0.24255618E-25 -0.96492430E-38
  0.65000000E+01  0.24019912E-25 -0.93222353E-38
  0.66000000E+01  0.23781393E-25 -0.92624317E-38
  0.67000000E+01  0.23540509E-25 -0.90609573E-38
  0.68000000E+01  0.23297677E-25 -0.89276538E-38
  0.69000000E+01  0.23053285E-25 -0.88200725E-38
  0.70000000E+01  0.22807694E-25 -0.86110956E-38
  0.71000000E+01  0.22561240E-25 -0.84008412E-38
  0.72000000E+01  0.22314235E-25 -0.84429040E-38
  0.73000000E+01  0.22066967E-25 -0.82643398E-38
  0.74000000E+01  0.21819703E-25 -0.82565529E-38
  0.75000000E+01  0.21572691E-25 -0.79512940E-38
  0.76000000E+01  0.21326159E-25 -0.78230718E-38
  0.77000000E+01  0.21080318E-25 -0.76439720E-38
  0.78000000E+01  0.20835362E-25 -0.76379126E-38
  0.79000000E+01  0.20591468E-25 -0.75108951E-38
  0.80000000E+01  0.20348801E-25 -0.73812703E-38
  0.81000000E+01  0.20107511E-25 -0.71642242E-38
  0.82000000E+01  0.19867734E-25 -0.71585639E-38
  0.83000000E+01  0.19629594E-25 -0.70993142E-38
  0.84000000E+01  0.19393206E-25 -0.68743355E-38
  0.85000000E+01  0.19158673E-25 -0.67937690E-38
  0.86000000E+01  0.18926087E-25 -0.65955831E-38
  0.87000000E+01  0.18695532E-25 -0.65196308E-38
  0.88000000E+01  0.18467083E-25 -0.65060655E-38
  0.89000000E+01  0.18240808E-25 -0.62279245E-38
  0.90000000E+01  0.18016765E-25 -0.62943957E-38
  0.91000000E+01  0.17795007E-25 -0.60962650E-38
  0.92000000E+01  0.17575581E-25 -0.59592588E-38
  0.93000000E+01  0.17358525E-25 -0.59247888E-38
  0.94000000E+01  0.17143873E-25 -0.58170482E-38
  0.95000000E+01  0.16931656E-25 -0.58064888E-38
  0.96000000E+01  0.16721896E-25 -0.57096342E-38
  0.97000000E+01  0.16514613E-25 -0.55368600E-38
  0.98000000E+01  0.16309822E-25 -0.55104231E-38
  0.99000000E+01  0.16107535E-25 -0.53738089E-38
  0.10000000E+02  0.15907759E-25 -0.52803354E-38
  0.10100000E+02  0.15710498E-25 -0.53387966E-38
  0.10200000E+02  0.15515753E-25 -0.51727633E-38
  0.10300000E+02  0.15323523E-25 -0.50512791E-38
  0.10400000E+02  0.15133803E-25 -0.50333511E-38
  0.10500000E+02  0.14946587E-25 -0.49195089E-38
  0.10600000E+02  0.14761866E-25 -0.48644683E-38
  0.10700000E+02  0.14579629E-25 -0.49199887E-38
  0.10800000E+02  0.14399862E-25 -0.47947006E-38
  0.10900000E+02  0.14222551E-25 -0.46742446E-38
  0.11000000E+02  0.14047680E-25 -0.46188927E-38
  0.11100000E+02  0.13875232E-25 -0.45125380E-38
  0.11200000E+02  0.13705187E-25 -0.44260119E-38
  0.11300000E+02  0.13537526E-25 -0.44916480E-38
  0.11400000E+02  0.13372227E-25 -0.42629480E-38
  0.11500000E+02  0.13209268E-25 -0.43386141E-38
  0.11600000E+02  0.13048627E-25 -0.42657962E-38
  0.11700000E+02  0.12890279E-25 -0.40581811E-38
  0.11800000E+02  0.12734202E-25 -0.40976720E-38
  0.11900000E+02  0.12580368E-25 -0.40598599E-38
  0.12000000E+02  0.12428754E-25 -0.40906828E-38
  0.12100000E+02  0.12279334E-25 -0.39479934E-38
  0.12200000E+02  0.12132081E-25 -0.39365808E-38
  0.12300000E+02  0.11986968E-25 -0.38801791E-38
  0.12400000E+02  0.11843970E-25 -0.38574518E-38
  0.12500000E+02  0.11703058E-25 -0.36952974E-38
  0.12600000E+02  0.11564206E-25 -0.37856241E-38
  0.12700000E+02  0.11427386E-25 -0.36844906E-38
  0.12800000E+02  0.11292572E-25 -0.36474456E-38
  0.12900000E+02  0.11159735E-25 -0.35486147E-38
  0.13000000E+02  0.11028849E-25 -0.35226444E-38
  0.13100000E+02  0.10899885E-25 -0.34444102E-38
  0.13200000E+02  0.10772818E-25 -0.34456871E-38
  0.13300000E+02  0.10647618E-25 -0.33613860E-38
  0.13400000E+02  0.10524260E-25 -0.33051668E-38
  0.13500000E+02  0.10402717E-25 -0.32711623E-38
  0.13600000E+02  0.10282960E-25 -0.32159694E-38
  0.13700000E+02  0.10164965E-25 -0.31582411E-38
  0.13800000E+02  0.10048704E-25 -0.32270548E-38
  0.13900000E+02  0.99341518E-26 -0.30894944E-38
  0.14000000E+02  0.98212813E-26 -0.30896000E-38
  0.14100000E+02  0.97100671E-26 -0.30919183E-38
  0.14200000E+02  0.96004837E-26 -0.29876779E-38
  0.14300000E+02  0.94925058E-26 -0.29471823E-38
  0.14400000E+02  0.93861083E-26 -0.29380994E-38
  0.14500000E+02  0.92812665E-26 -0.29013574E-38
  0.14600000E+02  0.91779560E-26 -0.28957961E-38
  0.14700000E+02  0.90761524E-26 -0.29228669E-38
  0.14800000E+02  0.89758320E-26 -0.28138587E-38
  0.14900000E+02  0.88769710E-26 -0.27739508E-38
  0.15000000E+02  0.87795463E-26 -0.27242942E-38
  0.15100000E+02  0.86835347E-26 -0.26983536E-38
  0.15200000E+02  0.85889137E-26 -0.26735122E-38
  0.15300000E+02  0.84956607E-26 -0.26449532E-38
  0.15400000E+02  0.84037538E-26 -0.26198551E-38
  0.15500000E+02  0.83131712E-26 -0.25659764E-38
  0.15600000E+02  0.82238913E-26 -0.25792038E-38
  0.15700000E+02  0.81358931E-26 -0.24929069E-38
  0.15800000E+02  0.80491558E-26 -0.24766824E-38
  0.15900000E+02  0.79636587E-26 -0.24764368E-38
  0.16000000E+02  0.78793818E-26 -0.24289661E-38
  0.16100000E+02  0.77963051E-26 -0.23969437E-38
  0.16200000E+02  0.77144089E-26 -0.23972466E-38
  0.16300000E+02  0.76336741E-26 -0.23499215E-38
  0.16400000E+02  0.75540816E-26 -0.23219706E-38
  0.16500000E+02  0.74756127E-26 -0.23388843E-38
  0.16600000E+02  0.73982491E-26 -0.22784308E-38
  0.16700000E+02  0.73219726E-26 -0.22540818E-38
  0.16800000E+02  0.72467656E-26 -0.22748812E-38
  0.16900000E+02  0.71726103E-26 -0.22378832E-38
  0.17000000E+02  0.70994898E-26 -0.21913827E-38
  0.17100000E+02  0.70273869E-26 -0.21278780E-38
  0.17200000E+02  0.69562851E-26 -0.21891459E-38
  0.17300000E+02  0.68861680E-26 -0.21232761E-38
  0.17400000E+02  0.68170195E-26 -0.20738859E-38
  0.17500000E+02  0.67488238E-26 -0.20765442E-38
  0.17600000E+02  0.66815653E-26 -0.21073088E-38
  0.17700000E+02  0.66152287E-26 -0.20624782E-38
  0.17800000E+02  0.65497990E-26 -0.19850191E-38
  0.17900000E+02  0.64852614E-26 -0.20249602E-38
  0.18000000E+02  0.64216014E-26 -0.19707674E-38
  0.18100000E+02  0.63588047E-26 -0.19642406E-38
  0.18200000E+02  0.62968573E-26 -0.18910663E-38
  0.18300000E+02  0.62357454E-26 -0.19175806E-38
  0.18400000E+02  0.61754556E-26 -0.18613129E-38
  0.18500000E+02  0.61159744E-26 -0.18729072E-38
  0.18600000E+02  0.60572888E-26 -0.18622284E-38
  0.18700000E+02  0.59993859E-26 -0.18667574E-38
  0.18800000E+02  0.59422532E-26 -0.18432783E-38
  0.18900000E+02  0.58858782E-26 -0.17748406E-38
  0.19000000E+02  0.58302488E-26 -0.17910653E-38
  0.19100000E+02  0.57753529E-26 -0.17873675E-38
  0.19200000E+02  0.57211789E-26 -0.17510674E-38
  0.19300000E+02  0.56677152E-26 -0.17356867E-38
  0.19400000E+02  0.56149504E-26 -0.17339984E-38
  0.19500000E+02  0.55628733E-26 -0.16913425E-38
  0.19600000E+02  0.55114731E-26 -0.17042259E-38
  0.19700000E+02  0.54607390E-26 -0.16611240E-38
  0.19800000E+02  0.54106604E-26 -0.16712312E-38
  0.19900000E+02  0.53612269E-26 -0.16595740E-38
  0.20000000E+02  0.53124283E-26 -0.16520315E-38
  0.20100000E+02  0.52642546E-26 -0.16111238E-38
  0.20200000E+02  0.52166960E-26 -0.16272470E-38
  0.20300000E+02  0.51697428E-26 -0.15740898E-38
  0.20400000E+02  0.51233855E-26 -0.15445352E-38
  0.20500000E+02  0.50776147E-26 -0.15484126E-38
  0.20600000E+02  0.50324214E-26 -0.15554242E-38
  0.20700000E+02  0.49877965E-26 -0.15316517E-38
  0.20800000E+02  0.49437311E-26 -0.15040936E-38
  0.20900000E+02  0.49002166E-26 -0.14998785E-38
  0.21000000E+02  0.48572444E-26 -0.15161958E-38
  0.21100000E+02  0.48148062E-26 -0.14736953E-38
  0.21200000E+02  0.47728937E-26 -0.14307768E-38
  0.21300000E+02  0.47314989E-26 -0.14256885E-38
  0.21400000E+02  0.46906136E-26 -0.14357417E-38
  0.21500000E+02  0.46502303E-26 -0.13901167E-38
  0.21600000E+02  0.46103411E-26 -0.13981020E-38
  0.21700000E+02  0.45709386E-26 -0.14186146E-38
  0.21800000E+02  0.45320153E-26 -0.13768335E-38
  0.21900000E+02  0.44935640E-26 -0.13676598E-38
  0.22000000E+02  0.44555775E-26 -0.13689122E-38
  0.22100000E+02  0.44180487E-26 -0.13604240E-38
  0.22200000E+02  0.43809708E-26 -0.13124300E-38
  0.22300000E+02  0.43443370E-26 -0.13280203E-38
  0.22400000E+02  0.43081406E-26 -0.13306722E-38
  0.22500000E+02  0.42723751E-26 -0.12972728E-38
  0.22600000E+02  0.42370341E-26 -0.12786849E-38
  0.22700000E+02  0.42021111E-26 -0.12564512E-38
  0.22800000E+02  0.41676000E-26 -0.12732528E-38
  0.22900000E+02  0.41334947E-26 -0.12659922E-38
  0.23000000E+02  0.40997892E-26 -0.12463713E-38
  0.23100000E+02  0.40664775E-26 -0.12290824E-38
  0.23200000E+02  0.40335539E-26 -0.12340429E-38
  0.23300000E+02  0.40010127E-26 -0.12019906E-38
  0.23400000E+02  0.39688483E-26 -0.12101116E-38
  0.23500000E+02  0.39370551E-26 -0.11999440E-38
  0.23600000E+02  0.39056277E-26 -0.11780709E-38
  0.23700000E+02  0.38745609E-26 -0.11833084E-38
  0.23800000E+02  0.38438494E-26 -0.11891761E-38
  0.23900000E+02  0.38134881E-26 -0.11683480E-38
  0.24000000E+02  0.37834718E-26 -0.11553162E-38
  0.24100000E+02  0.37537957E-26 -0.11364471E-38
  0.24200000E+02  0.37244548E-26 -0.11245211E-38
  0.24300000E+02  0.36954444E-26 -0.11367703E-38
  0.24400000E+02  0.36667596E-26 -0.11342199E-38
  0.24500000E+02  0.36383960E-26 -0.10997368E-38
  0.24600000E+02  0.36103489E-26 -0.11204368E-38
  0.24700000E+02  0.35826138E-26 -0.10894373E-38
  0.24800000E+02  0.35551863E-26 -0.10930529E-38
  0.24900000E+02  0.35280621E-26 -0.10782475E-38
  0.25000000E+02  0.35012369E-26 -0.10779643E-38
  0.25100000E+02  0.34747065E-26 -0.10569002E-38
  0.25200000E+02  0.34484668E-26 -0.10705243E-38
  0.25300000E+02  0.34225137E-26 -0.10220103E-38
  0.25400000E+02  0.33968433E-26 -0.10595519E-38
  0.25500000E+02  0.33714515E-26 -0.10326362E-38
  0.25600000E+02  0.33463346E-26 -0.10152016E-38
  0.25700000E+02  0.33214888E-26 -0.10040356E-38
  0.25800000E+02  0.32969103E-26 -0.10126193E-38
  0.25900000E+02  0.32725953E-26 -0.99434475E-39
  0.26000000E+02  0.32485405E-26 -0.10094504E-38
  0.26100000E+02  0.32247420E-26 -0.10079757E-38
  0.26200000E+02  0.32011966E-26 -0.97782853E-39
  0.26300000E+02  0.31779007E-26 -0.97906086E-39
  0.26400000E+02  0.31548509E-26 -0.96763059E-39
  0.26500000E+02  0.31320439E-26 -0.94435907E-39
  0.26600000E+02  0.31094765E-26 -0.93918662E-39
  0.26700000E+02  0.30871453E-26 -0.94698447E-39
  0.26800000E+02  0.30650473E-26 -0.93536253E-39
  0.26900000E+02  0.30431793E-26 -0.93024252E-39
  0.27000000E+02  0.30215383E-26 -0.93475748E-39
  0.27100000E+02  0.30001211E-26 -0.90346900E-39
  0.27200000E+02  0.29789249E-26 -0.91020536E-39
  0.27300000E+02  0.29579467E-26 -0.89994172E-39
  0.27400000E+02  0.29371837E-26 -0.88913642E-39
  0.27500000E+02  0.29166329E-26 -0.88984273E-39
  0.27600000E+02  0.28962916E-26 -0.91597851E-39
  0.27700000E+02  0.28761571E-26 -0.89342785E-39
  0.27800000E+02  0.28562267E-26 -0.86796990E-39
  0.27900000E+02  0.28364976E-26 -0.86583043E-39
  0.28000000E+02  0.28169673E-26 -0.86780463E-39
  0.28100000E+02  0.27976332E-26 -0.85839993E-39
  0.28200000E+02  0.27784928E-26 -0.85584651E-39
  0.28300000E+02  0.27595435E-26 -0.83518263E-39
  0.28400000E+02  0.27407828E-26 -0.81592071E-39
  0.28500000E+02  0.27222085E-26 -0.82612720E-39
  0.28600000E+02  0.27038180E-26 -0.83771021E-39
  0.28700000E+02  0.26856091E-26 -0.81609187E-39
  0.28800000E+02  0.26675793E-26 -0.82046505E-39
  0.28900000E+02  0.26497265E-26 -0.81214325E-39
  0.29000000E+02  0.26320485E-26 -0.79299631E-39
  0.29100000E+02  0.26145428E-26 -0.79549974E-39
  0.29200000E+02  0.25972076E-26 -0.78928282E-39
  0.29300000E+02  0.25800404E-26 -0.80095146E-39
  0.29400000E+02  0.25630394E-26 -0.79502832E-39
  0.29500000E+02  0.25462023E-26 -0.77611758E-39
  0.29600000E+02  0.25295272E-26 -0.77126260E-39
  0.29700000E+02  0.25130119E-26 -0.75455997E-39
  0.29800000E+02  0.24966547E-26 -0.75966527E-39
  0.29900000E+02  0.24804534E-26 -0.75302797E-39
  0.30000000E+02  0.24644061E-26 -0.74785577E-39
  0.30100000E+02  0.24485110E-26 -0.76115176E-39
  0.30200000E+02  0.24327662E-26 -0.75202363E-39
  0.30300000E+02  0.24171699E-26 -0.74070473E-39
  0.30400000E+02  0.24017202E-26 -0.74957132E-39
  0.30500000E+02  0.23864153E-26 -0.73391849E-39
  0.30600000E+02  0.23712535E-26 -0.71948661E-39
  0.30700000E+02  0.23562330E-26 -0.71735829E-39
  0.30800000E+02  0.23413522E-26 -0.71418785E-39
  0.30900000E+02  0.23266094E-26 -0.71169231E-39
  0.31000000E+02  0.23120028E-26 -0.70843931E-39
  0.31100000E+02  0.22975309E-26 -0.70045964E-39
  0.31200000E+02  0.22831920E-26 -0.70953613E-39
  0.31300000E+02  0.22689846E-26 -0.69000616E-39
  0.31400000E+02  0.22549071E-26 -0.69569777E-39
  0.31500000E+02  0.22409579E-26 -0.69083634E-39
  0.31600000E+02  0.22271356E-26 -0.68561207E-39
  0.31700000E+02  0.22134385E-26 -0.66406051E-39
  0.31800000E+02  0.21998653E-26 -0.68398092E-39
  0.31900000E+02  0.21864146E-26 -0.66809262E-39
  0.32000000E+02  0.21730847E-26 -0.66060790E-39
  0.32100000E+02  0.21598744E-26 -0.65297250E-39
  0.32200000E+02  0.21467823E-26 -0.65955943E-39
  0.32300000E+02  0.21338069E-26 -0.65723516E-39
  0.32400000E+02  0.21209469E-26 -0.64864101E-39
  0.32500000E+02  0.21082010E-26 -0.65192974E-39
  0.32600000E+02  0.20955679E-26 -0.63299722E-39
  0.32700000E+02  0.20830462E-26 -0.62616705E-39
  0.32800000E+02  0.20706347E-26 -0.61911030E-39
  0.32900000E+02  0.20583322E-26 -0.63048925E-39
  0.33000000E+02  0.20461372E-26 -0.62888323E-39
  0.33100000E+02  0.20340488E-26 -0.61793263E-39
  0.33200000E+02  0.20220655E-26 -0.61209425E-39
  0.33300000E+02  0.20101863E-26 -0.61684727E-39
  0.33400000E+02  0.19984099E-26 -0.60396659E-39
  0.33500000E+02  0.19867353E-26 -0.60371103E-39
  0.33600000E+02  0.19751612E-26 -0.60809057E-39
  0.33700000E+02  0.19636865E-26 -0.61075744E-39
  0.33800000E+02  0.19523101E-26 -0.59820688E-39
  0.33900000E+02  0.19410309E-26 -0.59000144E-39
  0.34000000E+02  0.19298478E-26 -0.58825616E-39
  0.34100000E+02  0.19187598E-26 -0.59886213E-39
  0.34200000E+02  0.19077657E-26 -0.57470913E-39
  0.34300000E+02  0.18968647E-26 -0.57353954E-39
  0.34400000E+02  0.18860555E-26 -0.58594086E-39
  0.34500000E+02  0.18753373E-26 -0.57976354E-39
  0.34600000E+02  0.18647089E-26 -0.56951778E-39
  0.34700000E+02  0.18541695E-26 -0.57028734E-39
  0.34800000E+02  0.18437181E-26 -0.55967332E-39
  0.34900000E+02  0.18333537E-26 -0.57125684E-39
  0.35000000E+02  0.18230753E-26 -0.55847363E-39
  0.35100000E+02  0.18128820E-26 -0.55352004E-39
  0.35200000E+02  0.18027729E-26 -0.56024147E-39
  0.35300000E+02  0.17927471E-26 -0.53854842E-39
  0.35400000E+02  0.17828036E-26 -0.55360117E-39
  0.35500000E+02  0.17729417E-26 -0.54827472E-39
  0.35600000E+02  0.17631604E-26 -0.54430938E-39
  0.35700000E+02  0.17534588E-26 -0.53384928E-39
  0.35800000E+02  0.17438362E-26 -0.53693259E-39
  0.35900000E+02  0.17342916E-26 -0.53306812E-39
  0.36000000E+02  0.17248243E-26 -0.52316902E-39
  0.36100000E+02  0.17154334E-26 -0.51657097E-39
  0.36200000E+02  0.17061181E-26 -0.52838199E-39
  0.36300000E+02  0.16968776E-26 -0.52148440E-39
  0.36400000E+02  0.16877112E-26 -0.51680330E-39
  0.36500000E+02  0.16786180E-26 -0.51646186E-39
  0.36600000E+02  0.16695973E-26 -0.51221285E-39
  0.36700000E+02  0.16606483E-26 -0.50217575E-39
  0.36800000E+02  0.16517703E-26 -0.50251225E-39
  0.36900000E+02  0.16429625E-26 -0.50044683E-39
  0.37000000E+02  0.16342242E-26 -0.49862452E-39
  0.37100000E+02  0.16255548E-26 -0.48932653E-39
  0.37200000E+02  0.16169534E-26 -0.48757643E-39
  0.37300000E+02  0.16084194E-26 -0.49097773E-39
  0.37400000E+02  0.15999521E-26 -0.48894954E-39
  0.37500000E+02  0.15915507E-26 -0.48569876E-39
  0.37600000E+02  0.15832148E-26 -0.49457467E-39
  0.37700000E+02  0.15749434E-26 -0.48385997E-39
  0.37800000E+02  0.15667361E-26 -0.47590596E-39
  0.37900000E+02  0.15585921E-26 -0.47951486E-39
  0.38000000E+02  0.15505109E-26 -0.47074857E-39
  0.38100000E+02  0.15424917E-26 -0.47396174E-39
  0.38200000E+02  0.15345340E-26 -0.47100334E-39
  0.38300000E+02  0.15266371E-26 -0.46608278E-39
  0.38400000E+02  0.15188004E-26 -0.45837716E-39
  0.38500000E+02  0.15110234E-26 -0.46675383E-39
  0.38600000E+02  0.15033054E-26 -0.46784826E-39
  0.38700000E+02  0.14956458E-26 -0.45600169E-39
  0.38800000E+02  0.14880440E-26 -0.46364922E-39
  0.38900000E+02  0.14804996E-26 -0.45705624E-39
  0.39000000E+02  0.14730118E-26 -0.44610861E-39
  0.39100000E+02  0.14655803E-26 -0.45100069E-39
  0.39200000E+02  0.14582043E-26 -0.44251134E-39
  0.39300000E+02  0.14508833E-26 -0.43835133E-39
  0.39400000E+02  0.14436169E-26 -0.43984361E-39
  0.39500000E+02  0.14364044E-26 -0.44035697E-39
  0.39600000E+02  0.14292454E-26 -0.43866147E-39
  0.39700000E+02  0.14221394E-26 -0.44709032E-39
  0.39800000E+02  0.14150857E-26 -0.44093049E-39
  0.39900000E+02  0.14080840E-26 -0.42637963E-39
  0.40000000E+02  0.14011336E-26 -0.42382623E-39
