  0.00000000E+00  0.17515731E-22 -0.62307687E-36
  0.10000000E+00  0.17503595E-22 -0.62249293E-36
  0.20000000E+00  0.17467379E-22 -0.62074752E-36
  0.30000000E+00  0.17407655E-22 -0.61785982E-36
  0.40000000E+00  0.17325340E-22 -0.61386129E-36
  0.50000000E+00  0.17221652E-22 -0.60879503E-36
  0.60000000E+00  0.17098047E-22 -0.60271476E-36
  0.70000000E+00  0.16956159E-22 -0.59568360E-36
  0.80000000E+00  0.16797732E-22 -0.58777262E-36
  0.90000000E+00  0.16624560E-22 -0.57905918E-36
  0.10000000E+01  0.16438437E-22 -0.56962521E-36
  0.11000000E+01  0.16241110E-22 -0.55955544E-36
  0.12000000E+01  0.16034248E-22 -0.54893569E-36
  0.13000000E+01  0.15819417E-22 -0.53785123E-36
  0.14000000E+01  0.15598064E-22 -0.52638542E-36
  0.15000000E+01  0.15371512E-22 -0.51461843E-36
  0.16000000E+01  0.15140954E-22 -0.50262625E-36
  0.17000000E+01  0.14907458E-22 -0.49047996E-36
  0.18000000E+01  0.14671971E-22 -0.47824518E-36
  0.19000000E+01  0.14435326E-22 -0.46598173E-36
  0.20000000E+01  0.14198251E-22 -0.45374348E-36
  0.21000000E+01  0.13961381E-22 -0.44157835E-36
  0.22000000E+01  0.13725262E-22 -0.42952848E-36
  0.23000000E+01  0.13490363E-22 -0.41763041E-36
  0.24000000E+01  0.13257088E-22 -0.40591541E-36
  0.25000000E+01  0.13025777E-22 -0.39440984E-36
  0.26000000E+01  0.12796720E-22 -0.38313551E-36
  0.27000000E+01  0.12570159E-22 -0.37211009E-36
  0.28000000E+01  0.12346297E-22 -0.36134751E-36
  0.29000000E+01  0.12125301E-22 -0.35085837E-36
  0.30000000E+01  0.11907309E-22 -0.34065029E-36
  0.31000000E+01  0.11692433E-22 -0.33072829E-36
  0.32000000E+01  0.11480762E-22 -0.32109510E-36
  0.33000000E+01  0.11272365E-22 -0.31175151E-36
  0.34000000E+01  0.11067296E-22 -0.30269662E-36
  0.35000000E+01  0.10865592E-22 -0.29392809E-36
  0.36000000E+01  0.10667281E-22 -0.28544239E-36
  0.37000000E+01  0.10472378E-22 -0.27723500E-36
  0.38000000E+01  0.10280889E-22 -0.26930059E-36
  0.39000000E+01  0.10092811E-22 -0.26163318E-36
  0.40000000E+01  0.99081379E-23 -0.25422626E-36
  0.41000000E+01  0.97268533E-23 -0.24707295E-36
  0.42000000E+01  0.95489378E-23 -0.24016608E-36
  0.43000000E+01  0.93743673E-23 -0.23349829E-36
  0.44000000E+01  0.92031137E-23 -0.22706210E-36
  0.45000000E+01  0.90351453E-23 -0.22084996E-36
  0.46000000E+01  0.88704279E-23 -0.21485436E-36
  0.47000000E+01  0.87089246E-23 -0.20906781E-36
  0.48000000E+01  0.85505962E-23 -0.20348292E-36
  0.49000000E+01  0.83954018E-23 -0.19809241E-36
  0.50000000E+01  0.82432990E-23 -0.19288916E-36
  0.51000000E+01  0.80942438E-23 -0.18786620E-36
  0.52000000E+01  0.79481912E-23 -0.18301675E-36
  0.53000000E+01  0.78050952E-23 -0.17833421E-36
  0.54000000E+01  0.76649090E-23 -0.17381218E-36
  0.55000000E+01  0.75275854E-23 -0.16944446E-36
  0.56000000E+01  0.73930762E-23 -0.16522508E-36
  0.57000000E+01  0.72613335E-23 -0.16114826E-36
  0.58000000E+01  0.71323085E-23 -0.15720843E-36
  0.59000000E+01  0.70059527E-23 -0.15340023E-36
  0.60000000E+01  0.68822174E-23 -0.14971850E-36
  0.61000000E+01  0.67610538E-23 -0.14615829E-36
  0.62000000E+01  0.66424135E-23 -0.14271484E-36
  0.63000000E+01  0.65262481E-23 -0.13938358E-36
  0.64000000E+01  0.64125093E-23 -0.13616012E-36
  0.65000000E+01  0.63011495E-23 -0.13304026E-36
  0.66000000E+01  0.61921210E-23 -0.13001997E-36
  0.67000000E+01  0.60853769E-23 -0.12709540E-36
  0.68000000E+01  0.59808706E-23 -0.12426283E-36
  0.69000000E+01  0.58785558E-23 -0.12151873E-36
  0.70000000E+01  0.57783869E-23 -0.11885971E-36
  0.71000000E+01  0.56803191E-23 -0.11628252E-36
  0.72000000E+01  0.55843076E-23 -0.11378404E-36
  0.73000000E+01  0.54903088E-23 -0.11136130E-36
  0.74000000E+01  0.53982793E-23 -0.10901144E-36
  0.75000000E+01  0.53081766E-23 -0.10673175E-36
  0.76000000E+01  0.52199588E-23 -0.10451960E-36
  0.77000000E+01  0.51335845E-23 -0.10237249E-36
  0.78000000E+01  0.50490133E-23 -0.10028802E-36
  0.79000000E+01  0.49662053E-23 -0.98263913E-37
  0.80000000E+01  0.48851213E-23 -0.96297958E-37
  0.81000000E+01  0.48057230E-23 -0.94388054E-37
  0.82000000E+01  0.47279724E-23 -0.92532184E-37
  0.83000000E+01  0.46518327E-23 -0.90728419E-37
  0.84000000E+01  0.45772676E-23 -0.88974906E-37
  0.85000000E+01  0.45042413E-23 -0.87269872E-37
  0.86000000E+01  0.44327192E-23 -0.85611618E-37
  0.87000000E+01  0.43626670E-23 -0.83998512E-37
  0.88000000E+01  0.42940512E-23 -0.82428991E-37
  0.89000000E+01  0.42268392E-23 -0.80901557E-37
  0.90000000E+01  0.41609988E-23 -0.79414772E-37
  0.91000000E+01  0.40964986E-23 -0.77967254E-37
  0.92000000E+01  0.40333080E-23 -0.76557681E-37
  0.93000000E+01  0.39713971E-23 -0.75184781E-37
  0.94000000E+01  0.39107363E-23 -0.73847333E-37
  0.95000000E+01  0.38512970E-23 -0.72544165E-37
  0.96000000E+01  0.37930512E-23 -0.71274151E-37
  0.97000000E+01  0.37359715E-23 -0.70036211E-37
  0.98000000E+01  0.36800311E-23 -0.68829304E-37
  0.99000000E+01  0.36252038E-23 -0.67652431E-37
  0.10000000E+02  0.35714640E-23 -0.66504632E-37
  0.10100000E+02  0.35187868E-23 -0.65384984E-37
  0.10200000E+02  0.34671479E-23 -0.64292598E-37
  0.10300000E+02  0.34165233E-23 -0.63226620E-37
  0.10400000E+02  0.33668900E-23 -0.62186226E-37
  0.10500000E+02  0.33182251E-23 -0.61170627E-37
  0.10600000E+02  0.32705066E-23 -0.60179059E-37
  0.10700000E+02  0.32237128E-23 -0.59210789E-37
  0.10800000E+02  0.31778226E-23 -0.58265110E-37
  0.10900000E+02  0.31328155E-23 -0.57341341E-37
  0.11000000E+02  0.30886714E-23 -0.56438827E-37
  0.11100000E+02  0.30453706E-23 -0.55556936E-37
  0.11200000E+02  0.30028940E-23 -0.54695057E-37
  0.11300000E+02  0.29612231E-23 -0.53852604E-37
  0.11400000E+02  0.29203395E-23 -0.53029009E-37
  0.11500000E+02  0.28802255E-23 -0.52223726E-37
  0.11600000E+02  0.28408638E-23 -0.51436228E-37
  0.11700000E+02  0.28022374E-23 -0.50666005E-37
  0.11800000E+02  0.27643300E-23 -0.49912566E-37
  0.11900000E+02  0.27271254E-23 -0.49175437E-37
  0.12000000E+02  0.26906079E-23 -0.48454159E-37
  0.12100000E+02  0.26547622E-23 -0.47748291E-37
  0.12200000E+02  0.26195734E-23 -0.47057405E-37
  0.12300000E+02  0.25850269E-23 -0.46381089E-37
  0.12400000E+02  0.25511085E-23 -0.45718942E-37
  0.12500000E+02  0.25178045E-23 -0.45070579E-37
  0.12600000E+02  0.24851011E-23 -0.44435628E-37
  0.12700000E+02  0.24529854E-23 -0.43813728E-37
  0.12800000E+02  0.24214443E-23 -0.43204529E-37
  0.12900000E+02  0.23904654E-23 -0.42607694E-37
  0.13000000E+02  0.23600364E-23 -0.42022897E-37
  0.13100000E+02  0.23301455E-23 -0.41449822E-37
  0.13200000E+02  0.23007808E-23 -0.40888163E-37
  0.13300000E+02  0.22719312E-23 -0.40337624E-37
  0.13400000E+02  0.22435854E-23 -0.39797917E-37
  0.13500000E+02  0.22157327E-23 -0.39268766E-37
  0.13600000E+02  0.21883626E-23 -0.38749902E-37
  0.13700000E+02  0.21614647E-23 -0.38241063E-37
  0.13800000E+02  0.21350289E-23 -0.37741997E-37
  0.13900000E+02  0.21090456E-23 -0.37252459E-37
  0.14000000E+02  0.20835051E-23 -0.36772213E-37
  0.14100000E+02  0.20583981E-23 -0.36301028E-37
  0.14200000E+02  0.20337155E-23 -0.35838681E-37
  0.14300000E+02  0.20094484E-23 -0.35384955E-37
  0.14400000E+02  0.19855881E-23 -0.34939641E-37
  0.14500000E+02  0.19621262E-23 -0.34502536E-37
  0.14600000E+02  0.19390544E-23 -0.34073441E-37
  0.14700000E+02  0.19163646E-23 -0.33652165E-37
  0.14800000E+02  0.18940490E-23 -0.33238522E-37
  0.14900000E+02  0.18720998E-23 -0.32832331E-37
  0.15000000E+02  0.18505096E-23 -0.32433417E-37
  0.15100000E+02  0.18292711E-23 -0.32041609E-37
  0.15200000E+02  0.18083770E-23 -0.31656742E-37
  0.15300000E+02  0.17878205E-23 -0.31278655E-37
  0.15400000E+02  0.17675946E-23 -0.30907192E-37
  0.15500000E+02  0.17476928E-23 -0.30542202E-37
  0.15600000E+02  0.17281085E-23 -0.30183536E-37
  0.15700000E+02  0.17088353E-23 -0.29831051E-37
  0.15800000E+02  0.16898672E-23 -0.29484608E-37
  0.15900000E+02  0.16711979E-23 -0.29144072E-37
  0.16000000E+02  0.16528217E-23 -0.28809310E-37
  0.16100000E+02  0.16347327E-23 -0.28480195E-37
  0.16200000E+02  0.16169252E-23 -0.28156602E-37
  0.16300000E+02  0.15993938E-23 -0.27838409E-37
  0.16400000E+02  0.15821331E-23 -0.27525499E-37
  0.16500000E+02  0.15651377E-23 -0.27217756E-37
  0.16600000E+02  0.15484026E-23 -0.26915070E-37
  0.16700000E+02  0.15319227E-23 -0.26617330E-37
  0.16800000E+02  0.15156931E-23 -0.26324431E-37
  0.16900000E+02  0.14997090E-23 -0.26036271E-37
  0.17000000E+02  0.14839657E-23 -0.25752748E-37
  0.17100000E+02  0.14684587E-23 -0.25473765E-37
  0.17200000E+02  0.14531833E-23 -0.25199226E-37
  0.17300000E+02  0.14381353E-23 -0.24929039E-37
  0.17400000E+02  0.14233103E-23 -0.24663113E-37
  0.17500000E+02  0.14087042E-23 -0.24401360E-37
  0.17600000E+02  0.13943129E-23 -0.24143695E-37
  0.17700000E+02  0.13801323E-23 -0.23890033E-37
  0.17800000E+02  0.13661586E-23 -0.23640293E-37
  0.17900000E+02  0.13523878E-23 -0.23394396E-37
  0.18000000E+02  0.13388163E-23 -0.23152263E-37
  0.18100000E+02  0.13254404E-23 -0.22913820E-37
  0.18200000E+02  0.13122565E-23 -0.22678992E-37
  0.18300000E+02  0.12992611E-23 -0.22447707E-37
  0.18400000E+02  0.12864508E-23 -0.22219896E-37
  0.18500000E+02  0.12738221E-23 -0.21995490E-37
  0.18600000E+02  0.12613719E-23 -0.21774422E-37
  0.18700000E+02  0.12490968E-23 -0.21556627E-37
  0.18800000E+02  0.12369938E-23 -0.21342041E-37
  0.18900000E+02  0.12250598E-23 -0.21130603E-37
  0.19000000E+02  0.12132918E-23 -0.20922251E-37
  0.19100000E+02  0.12016867E-23 -0.20716927E-37
  0.19200000E+02  0.11902418E-23 -0.20514572E-37
  0.19300000E+02  0.11789542E-23 -0.20315130E-37
  0.19400000E+02  0.11678211E-23 -0.20118547E-37
  0.19500000E+02  0.11568399E-23 -0.19924768E-37
  0.19600000E+02  0.11460078E-23 -0.19733741E-37
  0.19700000E+02  0.11353223E-23 -0.19545414E-37
  0.19800000E+02  0.11247808E-23 -0.19359737E-37
  0.19900000E+02  0.11143809E-23 -0.19176662E-37
  0.20000000E+02  0.11041202E-23 -0.18996141E-37
  0.20100000E+02  0.10939961E-23 -0.18818125E-37
  0.20200000E+02  0.10840064E-23 -0.18642571E-37
  0.20300000E+02  0.10741489E-23 -0.18469433E-37
  0.20400000E+02  0.10644211E-23 -0.18298667E-37
  0.20500000E+02  0.10548211E-23 -0.18130231E-37
  0.20600000E+02  0.10453465E-23 -0.17964083E-37
  0.20700000E+02  0.10359954E-23 -0.17800182E-37
  0.20800000E+02  0.10267656E-23 -0.17638488E-37
  0.20900000E+02  0.10176550E-23 -0.17478962E-37
  0.21000000E+02  0.10086618E-23 -0.17321565E-37
  0.21100000E+02  0.99978403E-24 -0.17166261E-37
  0.21200000E+02  0.99101968E-24 -0.17013013E-37
  0.21300000E+02  0.98236693E-24 -0.16861785E-37
  0.21400000E+02  0.97382395E-24 -0.16712542E-37
  0.21500000E+02  0.96538895E-24 -0.16565249E-37
  0.21600000E+02  0.95706017E-24 -0.16419874E-37
  0.21700000E+02  0.94883588E-24 -0.16276383E-37
  0.21800000E+02  0.94071439E-24 -0.16134744E-37
  0.21900000E+02  0.93269404E-24 -0.15994925E-37
  0.22000000E+02  0.92477322E-24 -0.15856897E-37
  0.22100000E+02  0.91695031E-24 -0.15720629E-37
  0.22200000E+02  0.90922377E-24 -0.15586090E-37
  0.22300000E+02  0.90159205E-24 -0.15453253E-37
  0.22400000E+02  0.89405366E-24 -0.15322089E-37
  0.22500000E+02  0.88660712E-24 -0.15192571E-37
  0.22600000E+02  0.87925097E-24 -0.15064670E-37
  0.22700000E+02  0.87198381E-24 -0.14938361E-37
  0.22800000E+02  0.86480424E-24 -0.14813617E-37
  0.22900000E+02  0.85771090E-24 -0.14690413E-37
  0.23000000E+02  0.85070244E-24 -0.14568724E-37
  0.23100000E+02  0.84377754E-24 -0.14448526E-37
  0.23200000E+02  0.83693493E-24 -0.14329793E-37
  0.23300000E+02  0.83017333E-24 -0.14212503E-37
  0.23400000E+02  0.82349150E-24 -0.14096633E-37
  0.23500000E+02  0.81688822E-24 -0.13982160E-37
  0.23600000E+02  0.81036230E-24 -0.13869062E-37
  0.23700000E+02  0.80391255E-24 -0.13757317E-37
  0.23800000E+02  0.79753784E-24 -0.13646903E-37
  0.23900000E+02  0.79123701E-24 -0.13537801E-37
  0.24000000E+02  0.78500897E-24 -0.13429988E-37
  0.24100000E+02  0.77885263E-24 -0.13323446E-37
  0.24200000E+02  0.77276690E-24 -0.13218155E-37
  0.24300000E+02  0.76675075E-24 -0.13114094E-37
  0.24400000E+02  0.76080313E-24 -0.13011246E-37
  0.24500000E+02  0.75492304E-24 -0.12909591E-37
  0.24600000E+02  0.74910947E-24 -0.12809112E-37
  0.24700000E+02  0.74336146E-24 -0.12709790E-37
  0.24800000E+02  0.73767803E-24 -0.12611608E-37
  0.24900000E+02  0.73205825E-24 -0.12514549E-37
  0.25000000E+02  0.72650119E-24 -0.12418595E-37
  0.25100000E+02  0.72100594E-24 -0.12323730E-37
  0.25200000E+02  0.71557160E-24 -0.12229939E-37
  0.25300000E+02  0.71019731E-24 -0.12137204E-37
  0.25400000E+02  0.70488218E-24 -0.12045510E-37
  0.25500000E+02  0.69962539E-24 -0.11954842E-37
  0.25600000E+02  0.69442608E-24 -0.11865184E-37
  0.25700000E+02  0.68928345E-24 -0.11776522E-37
  0.25800000E+02  0.68419670E-24 -0.11688841E-37
  0.25900000E+02  0.67916502E-24 -0.11602127E-37
  0.26000000E+02  0.67418765E-24 -0.11516366E-37
  0.26100000E+02  0.66926382E-24 -0.11431544E-37
  0.26200000E+02  0.66439277E-24 -0.11347647E-37
  0.26300000E+02  0.65957378E-24 -0.11264662E-37
  0.26400000E+02  0.65480612E-24 -0.11182577E-37
  0.26500000E+02  0.65008907E-24 -0.11101377E-37
  0.26600000E+02  0.64542194E-24 -0.11021051E-37
  0.26700000E+02  0.64080403E-24 -0.10941586E-37
  0.26800000E+02  0.63623467E-24 -0.10862970E-37
  0.26900000E+02  0.63171319E-24 -0.10785191E-37
  0.27000000E+02  0.62723894E-24 -0.10708238E-37
  0.27100000E+02  0.62281128E-24 -0.10632098E-37
  0.27200000E+02  0.61842956E-24 -0.10556760E-37
  0.27300000E+02  0.61409318E-24 -0.10482214E-37
  0.27400000E+02  0.60980151E-24 -0.10408448E-37
  0.27500000E+02  0.60555396E-24 -0.10335451E-37
  0.27600000E+02  0.60134993E-24 -0.10263213E-37
  0.27700000E+02  0.59718884E-24 -0.10191724E-37
  0.27800000E+02  0.59307012E-24 -0.10120973E-37
  0.27900000E+02  0.58899320E-24 -0.10050950E-37
  0.28000000E+02  0.58495753E-24 -0.99816450E-38
  0.28100000E+02  0.58096257E-24 -0.99130488E-38
  0.28200000E+02  0.57700777E-24 -0.98451516E-38
  0.28300000E+02  0.57309262E-24 -0.97779440E-38
  0.28400000E+02  0.56921658E-24 -0.97114167E-38
  0.28500000E+02  0.56537915E-24 -0.96455607E-38
  0.28600000E+02  0.56157983E-24 -0.95803670E-38
  0.28700000E+02  0.55781812E-24 -0.95158268E-38
  0.28800000E+02  0.55409354E-24 -0.94519315E-38
  0.28900000E+02  0.55040560E-24 -0.93886725E-38
  0.29000000E+02  0.54675383E-24 -0.93260415E-38
  0.29100000E+02  0.54313777E-24 -0.92640303E-38
  0.29200000E+02  0.53955697E-24 -0.92026308E-38
  0.29300000E+02  0.53601097E-24 -0.91418350E-38
  0.29400000E+02  0.53249932E-24 -0.90816350E-38
  0.29500000E+02  0.52902160E-24 -0.90220232E-38
  0.29600000E+02  0.52557738E-24 -0.89629919E-38
  0.29700000E+02  0.52216623E-24 -0.89045338E-38
  0.29800000E+02  0.51878773E-24 -0.88466413E-38
  0.29900000E+02  0.51544148E-24 -0.87893075E-38
  0.30000000E+02  0.51212708E-24 -0.87325250E-38
  0.30100000E+02  0.50884412E-24 -0.86762869E-38
  0.30200000E+02  0.50559222E-24 -0.86205863E-38
  0.30300000E+02  0.50237099E-24 -0.85654164E-38
  0.30400000E+02  0.49918004E-24 -0.85107706E-38
  0.30500000E+02  0.49601902E-24 -0.84566423E-38
  0.30600000E+02  0.49288755E-24 -0.84030249E-38
  0.30700000E+02  0.48978527E-24 -0.83499122E-38
  0.30800000E+02  0.48671182E-24 -0.82972978E-38
  0.30900000E+02  0.48366685E-24 -0.82451756E-38
  0.31000000E+02  0.48065001E-24 -0.81935395E-38
  0.31100000E+02  0.47766097E-24 -0.81423834E-38
  0.31200000E+02  0.47469938E-24 -0.80917016E-38
  0.31300000E+02  0.47176492E-24 -0.80414882E-38
  0.31400000E+02  0.46885727E-24 -0.79917374E-38
  0.31500000E+02  0.46597609E-24 -0.79424437E-38
  0.31600000E+02  0.46312107E-24 -0.78936015E-38
  0.31700000E+02  0.46029191E-24 -0.78452053E-38
  0.31800000E+02  0.45748829E-24 -0.77972497E-38
  0.31900000E+02  0.45470991E-24 -0.77497295E-38
  0.32000000E+02  0.45195647E-24 -0.77026394E-38
  0.32100000E+02  0.44922769E-24 -0.76559743E-38
  0.32200000E+02  0.44652326E-24 -0.76097291E-38
  0.32300000E+02  0.44384291E-24 -0.75638989E-38
  0.32400000E+02  0.44118634E-24 -0.75184786E-38
  0.32500000E+02  0.43855330E-24 -0.74734634E-38
  0.32600000E+02  0.43594349E-24 -0.74288487E-38
  0.32700000E+02  0.43335666E-24 -0.73846296E-38
  0.32800000E+02  0.43079253E-24 -0.73408015E-38
  0.32900000E+02  0.42825085E-24 -0.72973599E-38
  0.33000000E+02  0.42573136E-24 -0.72543002E-38
  0.33100000E+02  0.42323379E-24 -0.72116180E-38
  0.33200000E+02  0.42075791E-24 -0.71693090E-38
  0.33300000E+02  0.41830346E-24 -0.71273688E-38
  0.33400000E+02  0.41587021E-24 -0.70857932E-38
  0.33500000E+02  0.41345790E-24 -0.70445779E-38
  0.33600000E+02  0.41106630E-24 -0.70037189E-38
  0.33700000E+02  0.40869518E-24 -0.69632121E-38
  0.33800000E+02  0.40634431E-24 -0.69230534E-38
  0.33900000E+02  0.40401346E-24 -0.68832390E-38
  0.34000000E+02  0.40170241E-24 -0.68437649E-38
  0.34100000E+02  0.39941093E-24 -0.68046272E-38
  0.34200000E+02  0.39713881E-24 -0.67658222E-38
  0.34300000E+02  0.39488583E-24 -0.67273462E-38
  0.34400000E+02  0.39265178E-24 -0.66891953E-38
  0.34500000E+02  0.39043645E-24 -0.66513661E-38
  0.34600000E+02  0.38823963E-24 -0.66138550E-38
  0.34700000E+02  0.38606113E-24 -0.65766583E-38
  0.34800000E+02  0.38390074E-24 -0.65397726E-38
  0.34900000E+02  0.38175825E-24 -0.65031944E-38
  0.35000000E+02  0.37963349E-24 -0.64669205E-38
  0.35100000E+02  0.37752624E-24 -0.64309473E-38
  0.35200000E+02  0.37543633E-24 -0.63952717E-38
  0.35300000E+02  0.37336357E-24 -0.63598903E-38
  0.35400000E+02  0.37130777E-24 -0.63248001E-38
  0.35500000E+02  0.36926874E-24 -0.62899977E-38
  0.35600000E+02  0.36724631E-24 -0.62554800E-38
  0.35700000E+02  0.36524030E-24 -0.62212441E-38
  0.35800000E+02  0.36325054E-24 -0.61872868E-38
  0.35900000E+02  0.36127685E-24 -0.61536051E-38
  0.36000000E+02  0.35931905E-24 -0.61201961E-38
  0.36100000E+02  0.35737699E-24 -0.60870569E-38
  0.36200000E+02  0.35545049E-24 -0.60541846E-38
  0.36300000E+02  0.35353939E-24 -0.60215763E-38
  0.36400000E+02  0.35164353E-24 -0.59892292E-38
  0.36500000E+02  0.34976275E-24 -0.59571406E-38
  0.36600000E+02  0.34789689E-24 -0.59253077E-38
  0.36700000E+02  0.34604579E-24 -0.58937279E-38
  0.36800000E+02  0.34420930E-24 -0.58623984E-38
  0.36900000E+02  0.34238727E-24 -0.58313167E-38
  0.37000000E+02  0.34057955E-24 -0.58004801E-38
  0.37100000E+02  0.33878599E-24 -0.57698862E-38
  0.37200000E+02  0.33700644E-24 -0.57395323E-38
  0.37300000E+02  0.33524077E-24 -0.57094159E-38
  0.37400000E+02  0.33348881E-24 -0.56795347E-38
  0.37500000E+02  0.33175045E-24 -0.56498862E-38
  0.37600000E+02  0.33002553E-24 -0.56204679E-38
  0.37700000E+02  0.32831393E-24 -0.55912776E-38
  0.37800000E+02  0.32661550E-24 -0.55623129E-38
  0.37900000E+02  0.32493011E-24 -0.55335714E-38
  0.38000000E+02  0.32325763E-24 -0.55050509E-38
  0.38100000E+02  0.32159793E-24 -0.54767492E-38
  0.38200000E+02  0.31995087E-24 -0.54486640E-38
  0.38300000E+02  0.31831634E-24 -0.54207931E-38
  0.38400000E+02  0.31669421E-24 -0.53931344E-38
  0.38500000E+02  0.31508436E-24 -0.53656858E-38
  0.38600000E+02  0.31348665E-24 -0.53384450E-38
  0.38700000E+02  0.31190097E-24 -0.53114101E-38
  0.38800000E+02  0.31032720E-24 -0.52845790E-38
  0.38900000E+02  0.30876523E-24 -0.52579496E-38
  0.39000000E+02  0.30721493E-24 -0.52315200E-38
  0.39100000E+02  0.30567619E-24 -0.52052881E-38
  0.39200000E+02  0.30414890E-24 -0.51792519E-38
  0.39300000E+02  0.30263294E-24 -0.51534097E-38
  0.39400000E+02  0.30112821E-24 -0.51277594E-38
  0.39500000E+02  0.29963459E-24 -0.51022991E-38
  0.39600000E+02  0.29815197E-24 -0.50770271E-38
  0.39700000E+02  0.29668026E-24 -0.50519414E-38
  0.39800000E+02  0.29521933E-24 -0.50270402E-38
  0.39900000E+02  0.29376910E-24 -0.50023218E-38
  0.40000000E+02  0.29232945E-24 -0.49777843E-38
