  0.00000000E+00  0.10193932E-22 -0.93448382E-36
  0.10000000E+00  0.10190236E-22 -0.93376232E-36
  0.20000000E+00  0.10179111E-22 -0.93135506E-36
  0.30000000E+00  0.10160447E-22 -0.92648291E-36
  0.40000000E+00  0.10134082E-22 -0.92225282E-36
  0.50000000E+00  0.10099825E-22 -0.91480273E-36
  0.60000000E+00  0.10057488E-22 -0.90623230E-36
  0.70000000E+00  0.10006913E-22 -0.89761487E-36
  0.80000000E+00  0.99480004E-23 -0.88674883E-36
  0.90000000E+00  0.98807278E-23 -0.87516950E-36
  0.10000000E+01  0.98051643E-23 -0.86177153E-36
  0.11000000E+01  0.97214748E-23 -0.84727570E-36
  0.12000000E+01  0.96299179E-23 -0.83297218E-36
  0.13000000E+01  0.95308396E-23 -0.81728182E-36
  0.14000000E+01  0.94246617E-23 -0.80045940E-36
  0.15000000E+01  0.93118687E-23 -0.78371918E-36
  0.16000000E+01  0.91929933E-23 -0.76655465E-36
  0.17000000E+01  0.90686018E-23 -0.74906259E-36
  0.18000000E+01  0.89392812E-23 -0.73233691E-36
  0.19000000E+01  0.88056261E-23 -0.71286994E-36
  0.20000000E+01  0.86682287E-23 -0.69527498E-36
  0.21000000E+01  0.85276697E-23 -0.67682209E-36
  0.22000000E+01  0.83845110E-23 -0.65917267E-36
  0.23000000E+01  0.82392900E-23 -0.64166634E-36
  0.24000000E+01  0.80925155E-23 -0.62406779E-36
  0.25000000E+01  0.79446649E-23 -0.60655722E-36
  0.26000000E+01  0.77961819E-23 -0.58927221E-36
  0.27000000E+01  0.76474762E-23 -0.57121812E-36
  0.28000000E+01  0.74989228E-23 -0.55511390E-36
  0.29000000E+01  0.73508625E-23 -0.53976882E-36
  0.30000000E+01  0.72036031E-23 -0.52319169E-36
  0.31000000E+01  0.70574203E-23 -0.50784519E-36
  0.32000000E+01  0.69125595E-23 -0.49251459E-36
  0.33000000E+01  0.67692371E-23 -0.47836983E-36
  0.34000000E+01  0.66276427E-23 -0.46366626E-36
  0.35000000E+01  0.64879406E-23 -0.45004218E-36
  0.36000000E+01  0.63502722E-23 -0.43631749E-36
  0.37000000E+01  0.62147569E-23 -0.42329405E-36
  0.38000000E+01  0.60814951E-23 -0.41096612E-36
  0.39000000E+01  0.59505688E-23 -0.39865251E-36
  0.40000000E+01  0.58220442E-23 -0.38709102E-36
  0.41000000E+01  0.56959724E-23 -0.37571189E-36
  0.42000000E+01  0.55723917E-23 -0.36476823E-36
  0.43000000E+01  0.54513284E-23 -0.35367928E-36
  0.44000000E+01  0.53327982E-23 -0.34352919E-36
  0.45000000E+01  0.52168075E-23 -0.33330819E-36
  0.46000000E+01  0.51033544E-23 -0.32377590E-36
  0.47000000E+01  0.49924298E-23 -0.31471617E-36
  0.48000000E+01  0.48840181E-23 -0.30546637E-36
  0.49000000E+01  0.47780980E-23 -0.29695608E-36
  0.50000000E+01  0.46746438E-23 -0.28837874E-36
  0.51000000E+01  0.45736252E-23 -0.28044343E-36
  0.52000000E+01  0.44750087E-23 -0.27276520E-36
  0.53000000E+01  0.43787577E-23 -0.26514739E-36
  0.54000000E+01  0.42848330E-23 -0.25790362E-36
  0.55000000E+01  0.41931936E-23 -0.25084041E-36
  0.56000000E+01  0.41037966E-23 -0.24422665E-36
  0.57000000E+01  0.40165981E-23 -0.23737143E-36
  0.58000000E+01  0.39315527E-23 -0.23099560E-36
  0.59000000E+01  0.38486149E-23 -0.22507522E-36
  0.60000000E+01  0.37677382E-23 -0.21895465E-36
  0.61000000E+01  0.36888760E-23 -0.21360789E-36
  0.62000000E+01  0.36119819E-23 -0.20793304E-36
  0.63000000E+01  0.35370091E-23 -0.20264337E-36
  0.64000000E+01  0.34639113E-23 -0.19738234E-36
  0.65000000E+01  0.33926425E-23 -0.19245165E-36
  0.66000000E+01  0.33231573E-23 -0.18770511E-36
  0.67000000E+01  0.32554105E-23 -0.18321019E-36
  0.68000000E+01  0.31893577E-23 -0.17850042E-36
  0.69000000E+01  0.31249554E-23 -0.17447752E-36
  0.70000000E+01  0.30621603E-23 -0.17006896E-36
  0.71000000E+01  0.30009305E-23 -0.16606848E-36
  0.72000000E+01  0.29412244E-23 -0.16216448E-36
  0.73000000E+01  0.28830015E-23 -0.15818112E-36
  0.74000000E+01  0.28262221E-23 -0.15466854E-36
  0.75000000E+01  0.27708475E-23 -0.15094382E-36
  0.76000000E+01  0.27168396E-23 -0.14744773E-36
  0.77000000E+01  0.26641614E-23 -0.14417105E-36
  0.78000000E+01  0.26127769E-23 -0.14106285E-36
  0.79000000E+01  0.25626507E-23 -0.13780089E-36
  0.80000000E+01  0.25137485E-23 -0.13463217E-36
  0.81000000E+01  0.24660369E-23 -0.13161349E-36
  0.82000000E+01  0.24194833E-23 -0.12882463E-36
  0.83000000E+01  0.23740559E-23 -0.12596444E-36
  0.84000000E+01  0.23297239E-23 -0.12352668E-36
  0.85000000E+01  0.22864572E-23 -0.12084706E-36
  0.86000000E+01  0.22442267E-23 -0.11834659E-36
  0.87000000E+01  0.22030039E-23 -0.11560990E-36
  0.88000000E+01  0.21627613E-23 -0.11331986E-36
  0.89000000E+01  0.21234720E-23 -0.11110361E-36
  0.90000000E+01  0.20851100E-23 -0.10891747E-36
  0.91000000E+01  0.20476499E-23 -0.10669734E-36
  0.92000000E+01  0.20110672E-23 -0.10460061E-36
  0.93000000E+01  0.19753379E-23 -0.10246691E-36
  0.94000000E+01  0.19404389E-23 -0.10045360E-36
  0.95000000E+01  0.19063477E-23 -0.98474890E-37
  0.96000000E+01  0.18730423E-23 -0.96523746E-37
  0.97000000E+01  0.18405016E-23 -0.94818015E-37
  0.98000000E+01  0.18087049E-23 -0.92955214E-37
  0.99000000E+01  0.17776322E-23 -0.91184438E-37
  0.10000000E+02  0.17472641E-23 -0.89517496E-37
  0.10100000E+02  0.17175817E-23 -0.87800453E-37
  0.10200000E+02  0.16885668E-23 -0.86215683E-37
  0.10300000E+02  0.16602014E-23 -0.84580324E-37
  0.10400000E+02  0.16324685E-23 -0.83019906E-37
  0.10500000E+02  0.16053512E-23 -0.81741839E-37
  0.10600000E+02  0.15788333E-23 -0.80187061E-37
  0.10700000E+02  0.15528991E-23 -0.78801518E-37
  0.10800000E+02  0.15275331E-23 -0.77324425E-37
  0.10900000E+02  0.15027206E-23 -0.76036036E-37
  0.11000000E+02  0.14784470E-23 -0.74740177E-37
  0.11100000E+02  0.14546985E-23 -0.73426580E-37
  0.11200000E+02  0.14314613E-23 -0.72238582E-37
  0.11300000E+02  0.14087223E-23 -0.71019693E-37
  0.11400000E+02  0.13864686E-23 -0.69716900E-37
  0.11500000E+02  0.13646878E-23 -0.68619176E-37
  0.11600000E+02  0.13433679E-23 -0.67458056E-37
  0.11700000E+02  0.13224969E-23 -0.66349854E-37
  0.11800000E+02  0.13020636E-23 -0.65262356E-37
  0.11900000E+02  0.12820568E-23 -0.64218468E-37
  0.12000000E+02  0.12624659E-23 -0.63178051E-37
  0.12100000E+02  0.12432803E-23 -0.62193258E-37
  0.12200000E+02  0.12244899E-23 -0.61223426E-37
  0.12300000E+02  0.12060848E-23 -0.60252457E-37
  0.12400000E+02  0.11880555E-23 -0.59296497E-37
  0.12500000E+02  0.11703926E-23 -0.58442911E-37
  0.12600000E+02  0.11530871E-23 -0.57505504E-37
  0.12700000E+02  0.11361301E-23 -0.56732306E-37
  0.12800000E+02  0.11195133E-23 -0.55771388E-37
  0.12900000E+02  0.11032281E-23 -0.54978867E-37
  0.13000000E+02  0.10872666E-23 -0.54100075E-37
  0.13100000E+02  0.10716210E-23 -0.53351796E-37
  0.13200000E+02  0.10562835E-23 -0.52563118E-37
  0.13300000E+02  0.10412469E-23 -0.51704830E-37
  0.13400000E+02  0.10265037E-23 -0.50935320E-37
  0.13500000E+02  0.10120471E-23 -0.50272568E-37
  0.13600000E+02  0.99787030E-24 -0.49528228E-37
  0.13700000E+02  0.98396654E-24 -0.48827866E-37
  0.13800000E+02  0.97032943E-24 -0.48134721E-37
  0.13900000E+02  0.95695268E-24 -0.47449339E-37
  0.14000000E+02  0.94383020E-24 -0.46819302E-37
  0.14100000E+02  0.93095603E-24 -0.46203573E-37
  0.14200000E+02  0.91832442E-24 -0.45574642E-37
  0.14300000E+02  0.90592972E-24 -0.44858670E-37
  0.14400000E+02  0.89376647E-24 -0.44265424E-37
  0.14500000E+02  0.88182935E-24 -0.43720954E-37
  0.14600000E+02  0.87011316E-24 -0.43191461E-37
  0.14700000E+02  0.85861287E-24 -0.42559711E-37
  0.14800000E+02  0.84732356E-24 -0.41952113E-37
  0.14900000E+02  0.83624046E-24 -0.41451911E-37
  0.15000000E+02  0.82535889E-24 -0.40964791E-37
  0.15100000E+02  0.81467434E-24 -0.40339264E-37
  0.15200000E+02  0.80418238E-24 -0.39913729E-37
  0.15300000E+02  0.79387872E-24 -0.39433951E-37
  0.15400000E+02  0.78375917E-24 -0.38870940E-37
  0.15500000E+02  0.77381965E-24 -0.38326950E-37
  0.15600000E+02  0.76405618E-24 -0.37845401E-37
  0.15700000E+02  0.75446490E-24 -0.37450900E-37
  0.15800000E+02  0.74504203E-24 -0.36945665E-37
  0.15900000E+02  0.73578390E-24 -0.36510144E-37
  0.16000000E+02  0.72668692E-24 -0.35994366E-37
  0.16100000E+02  0.71774761E-24 -0.35597590E-37
  0.16200000E+02  0.70896256E-24 -0.35148120E-37
  0.16300000E+02  0.70032846E-24 -0.34745193E-37
  0.16400000E+02  0.69184207E-24 -0.34315107E-37
  0.16500000E+02  0.68350024E-24 -0.33922806E-37
  0.16600000E+02  0.67529990E-24 -0.33549340E-37
  0.16700000E+02  0.66723806E-24 -0.33090481E-37
  0.16800000E+02  0.65931179E-24 -0.32705989E-37
  0.16900000E+02  0.65151824E-24 -0.32348599E-37
  0.17000000E+02  0.64385463E-24 -0.31998502E-37
  0.17100000E+02  0.63631826E-24 -0.31622557E-37
  0.17200000E+02  0.62890647E-24 -0.31212358E-37
  0.17300000E+02  0.62161670E-24 -0.30877785E-37
  0.17400000E+02  0.61444642E-24 -0.30553923E-37
  0.17500000E+02  0.60739317E-24 -0.30197289E-37
  0.17600000E+02  0.60045457E-24 -0.29864299E-37
  0.17700000E+02  0.59362826E-24 -0.29551648E-37
  0.17800000E+02  0.58691198E-24 -0.29218420E-37
  0.17900000E+02  0.58030349E-24 -0.28834247E-37
  0.18000000E+02  0.57380062E-24 -0.28503975E-37
  0.18100000E+02  0.56740125E-24 -0.28237657E-37
  0.18200000E+02  0.56110329E-24 -0.27916091E-37
  0.18300000E+02  0.55490474E-24 -0.27631179E-37
  0.18400000E+02  0.54880362E-24 -0.27375219E-37
  0.18500000E+02  0.54279799E-24 -0.27007423E-37
  0.18600000E+02  0.53688597E-24 -0.26727293E-37
  0.18700000E+02  0.53106572E-24 -0.26464322E-37
  0.18800000E+02  0.52533545E-24 -0.26167423E-37
  0.18900000E+02  0.51969339E-24 -0.25901553E-37
  0.19000000E+02  0.51413784E-24 -0.25598800E-37
  0.19100000E+02  0.50866712E-24 -0.25382003E-37
  0.19200000E+02  0.50327959E-24 -0.25062020E-37
  0.19300000E+02  0.49797365E-24 -0.24867483E-37
  0.19400000E+02  0.49274774E-24 -0.24609764E-37
  0.19500000E+02  0.48760033E-24 -0.24358878E-37
  0.19600000E+02  0.48252992E-24 -0.24098387E-37
  0.19700000E+02  0.47753507E-24 -0.23856505E-37
  0.19800000E+02  0.47261434E-24 -0.23637323E-37
  0.19900000E+02  0.46776633E-24 -0.23389299E-37
  0.20000000E+02  0.46298969E-24 -0.23152149E-37
  0.20100000E+02  0.45828308E-24 -0.22928920E-37
  0.20200000E+02  0.45364520E-24 -0.22719927E-37
  0.20300000E+02  0.44907477E-24 -0.22500317E-37
  0.20400000E+02  0.44457055E-24 -0.22265868E-37
  0.20500000E+02  0.44013132E-24 -0.22031654E-37
  0.20600000E+02  0.43575588E-24 -0.21865389E-37
  0.20700000E+02  0.43144307E-24 -0.21629067E-37
  0.20800000E+02  0.42719176E-24 -0.21466272E-37
  0.20900000E+02  0.42300081E-24 -0.21225565E-37
  0.21000000E+02  0.41886914E-24 -0.21020596E-37
  0.21100000E+02  0.41479569E-24 -0.20835363E-37
  0.21200000E+02  0.41077941E-24 -0.20583484E-37
  0.21300000E+02  0.40681926E-24 -0.20429758E-37
  0.21400000E+02  0.40291427E-24 -0.20189912E-37
  0.21500000E+02  0.39906343E-24 -0.20050939E-37
  0.21600000E+02  0.39526580E-24 -0.19879431E-37
  0.21700000E+02  0.39152044E-24 -0.19678946E-37
  0.21800000E+02  0.38782642E-24 -0.19515193E-37
  0.21900000E+02  0.38418285E-24 -0.19316836E-37
  0.22000000E+02  0.38058885E-24 -0.19163091E-37
  0.22100000E+02  0.37704355E-24 -0.18964750E-37
  0.22200000E+02  0.37354611E-24 -0.18791684E-37
  0.22300000E+02  0.37009571E-24 -0.18641190E-37
  0.22400000E+02  0.36669153E-24 -0.18464456E-37
  0.22500000E+02  0.36333277E-24 -0.18336909E-37
  0.22600000E+02  0.36001868E-24 -0.18188819E-37
  0.22700000E+02  0.35674847E-24 -0.18028308E-37
  0.22800000E+02  0.35352141E-24 -0.17838177E-37
  0.22900000E+02  0.35033677E-24 -0.17666419E-37
  0.23000000E+02  0.34719384E-24 -0.17529612E-37
  0.23100000E+02  0.34409190E-24 -0.17395611E-37
  0.23200000E+02  0.34103028E-24 -0.17240053E-37
  0.23300000E+02  0.33800830E-24 -0.17093121E-37
  0.23400000E+02  0.33502530E-24 -0.16930175E-37
  0.23500000E+02  0.33208064E-24 -0.16812429E-37
  0.23600000E+02  0.32917368E-24 -0.16656152E-37
  0.23700000E+02  0.32630380E-24 -0.16500742E-37
  0.23800000E+02  0.32347040E-24 -0.16375580E-37
  0.23900000E+02  0.32067287E-24 -0.16238458E-37
  0.24000000E+02  0.31791064E-24 -0.16098593E-37
  0.24100000E+02  0.31518313E-24 -0.15972764E-37
  0.24200000E+02  0.31248977E-24 -0.15837151E-37
  0.24300000E+02  0.30983002E-24 -0.15722434E-37
  0.24400000E+02  0.30720334E-24 -0.15581162E-37
  0.24500000E+02  0.30460919E-24 -0.15437472E-37
  0.24600000E+02  0.30204706E-24 -0.15319185E-37
  0.24700000E+02  0.29951643E-24 -0.15230214E-37
  0.24800000E+02  0.29701681E-24 -0.15074995E-37
  0.24900000E+02  0.29454771E-24 -0.14989154E-37
  0.25000000E+02  0.29210864E-24 -0.14846222E-37
  0.25100000E+02  0.28969914E-24 -0.14709130E-37
  0.25200000E+02  0.28731874E-24 -0.14627293E-37
  0.25300000E+02  0.28496698E-24 -0.14505815E-37
  0.25400000E+02  0.28264342E-24 -0.14385739E-37
  0.25500000E+02  0.28034763E-24 -0.14277592E-37
  0.25600000E+02  0.27807918E-24 -0.14205569E-37
  0.25700000E+02  0.27583763E-24 -0.14037972E-37
  0.25800000E+02  0.27362259E-24 -0.13948766E-37
  0.25900000E+02  0.27143364E-24 -0.13843118E-37
  0.26000000E+02  0.26927039E-24 -0.13736304E-37
  0.26100000E+02  0.26713245E-24 -0.13655284E-37
  0.26200000E+02  0.26501943E-24 -0.13531379E-37
  0.26300000E+02  0.26293095E-24 -0.13421324E-37
  0.26400000E+02  0.26086665E-24 -0.13326878E-37
  0.26500000E+02  0.25882617E-24 -0.13241038E-37
  0.26600000E+02  0.25680914E-24 -0.13131410E-37
  0.26700000E+02  0.25481523E-24 -0.13012083E-37
  0.26800000E+02  0.25284407E-24 -0.12908201E-37
  0.26900000E+02  0.25089535E-24 -0.12820679E-37
  0.27000000E+02  0.24896872E-24 -0.12744510E-37
  0.27100000E+02  0.24706386E-24 -0.12629255E-37
  0.27200000E+02  0.24518045E-24 -0.12556556E-37
  0.27300000E+02  0.24331818E-24 -0.12454552E-37
  0.27400000E+02  0.24147675E-24 -0.12373370E-37
  0.27500000E+02  0.23965583E-24 -0.12274380E-37
  0.27600000E+02  0.23785515E-24 -0.12151289E-37
  0.27700000E+02  0.23607440E-24 -0.12117365E-37
  0.27800000E+02  0.23431331E-24 -0.12013363E-37
  0.27900000E+02  0.23257158E-24 -0.11925998E-37
  0.28000000E+02  0.23084894E-24 -0.11839873E-37
  0.28100000E+02  0.22914512E-24 -0.11751284E-37
  0.28200000E+02  0.22745985E-24 -0.11669712E-37
  0.28300000E+02  0.22579287E-24 -0.11613364E-37
  0.28400000E+02  0.22414392E-24 -0.11519624E-37
  0.28500000E+02  0.22251275E-24 -0.11433283E-37
  0.28600000E+02  0.22089910E-24 -0.11339539E-37
  0.28700000E+02  0.21930273E-24 -0.11270567E-37
  0.28800000E+02  0.21772340E-24 -0.11201433E-37
  0.28900000E+02  0.21616087E-24 -0.11118452E-37
  0.29000000E+02  0.21461491E-24 -0.11046261E-37
  0.29100000E+02  0.21308530E-24 -0.10959232E-37
  0.29200000E+02  0.21157179E-24 -0.10879759E-37
  0.29300000E+02  0.21007418E-24 -0.10797154E-37
  0.29400000E+02  0.20859225E-24 -0.10727620E-37
  0.29500000E+02  0.20712578E-24 -0.10682887E-37
  0.29600000E+02  0.20567455E-24 -0.10604933E-37
  0.29700000E+02  0.20423837E-24 -0.10523920E-37
  0.29800000E+02  0.20281704E-24 -0.10456275E-37
  0.29900000E+02  0.20141034E-24 -0.10385614E-37
  0.30000000E+02  0.20001808E-24 -0.10300300E-37
  0.30100000E+02  0.19864007E-24 -0.10233724E-37
  0.30200000E+02  0.19727612E-24 -0.10176391E-37
  0.30300000E+02  0.19592604E-24 -0.10100097E-37
  0.30400000E+02  0.19458965E-24 -0.10064135E-37
  0.30500000E+02  0.19326676E-24 -0.99895517E-38
  0.30600000E+02  0.19195720E-24 -0.99299393E-38
  0.30700000E+02  0.19066079E-24 -0.98475850E-38
  0.30800000E+02  0.18937736E-24 -0.97812370E-38
  0.30900000E+02  0.18810674E-24 -0.97312701E-38
  0.31000000E+02  0.18684875E-24 -0.96689306E-38
  0.31100000E+02  0.18560324E-24 -0.96233147E-38
  0.31200000E+02  0.18437005E-24 -0.95405393E-38
  0.31300000E+02  0.18314901E-24 -0.94798464E-38
  0.31400000E+02  0.18193997E-24 -0.94125936E-38
  0.31500000E+02  0.18074277E-24 -0.93644626E-38
  0.31600000E+02  0.17955726E-24 -0.92943780E-38
  0.31700000E+02  0.17838330E-24 -0.92494819E-38
  0.31800000E+02  0.17722073E-24 -0.91834671E-38
  0.31900000E+02  0.17606940E-24 -0.91187842E-38
  0.32000000E+02  0.17492919E-24 -0.90683333E-38
  0.32100000E+02  0.17379994E-24 -0.90028776E-38
  0.32200000E+02  0.17268152E-24 -0.89649820E-38
  0.32300000E+02  0.17157379E-24 -0.89054265E-38
  0.32400000E+02  0.17047662E-24 -0.88525673E-38
  0.32500000E+02  0.16938987E-24 -0.87921855E-38
  0.32600000E+02  0.16831342E-24 -0.87506700E-38
  0.32700000E+02  0.16724713E-24 -0.86806129E-38
  0.32800000E+02  0.16619089E-24 -0.86249524E-38
  0.32900000E+02  0.16514457E-24 -0.85862678E-38
  0.33000000E+02  0.16410803E-24 -0.85259527E-38
  0.33100000E+02  0.16308118E-24 -0.84742272E-38
  0.33200000E+02  0.16206388E-24 -0.84074866E-38
  0.33300000E+02  0.16105602E-24 -0.83830931E-38
  0.33400000E+02  0.16005748E-24 -0.83106884E-38
  0.33500000E+02  0.15906815E-24 -0.82844049E-38
  0.33600000E+02  0.15808792E-24 -0.82336869E-38
  0.33700000E+02  0.15711669E-24 -0.81836874E-38
  0.33800000E+02  0.15615433E-24 -0.81172752E-38
  0.33900000E+02  0.15520074E-24 -0.80700708E-38
  0.34000000E+02  0.15425583E-24 -0.80339048E-38
  0.34100000E+02  0.15331948E-24 -0.80009386E-38
  0.34200000E+02  0.15239159E-24 -0.79565068E-38
  0.34300000E+02  0.15147206E-24 -0.78999700E-38
  0.34400000E+02  0.15056080E-24 -0.78565582E-38
  0.34500000E+02  0.14965770E-24 -0.78039254E-38
  0.34600000E+02  0.14876268E-24 -0.77463529E-38
  0.34700000E+02  0.14787562E-24 -0.77141922E-38
  0.34800000E+02  0.14699645E-24 -0.76703833E-38
  0.34900000E+02  0.14612506E-24 -0.76312016E-38
  0.35000000E+02  0.14526138E-24 -0.75779265E-38
  0.35100000E+02  0.14440530E-24 -0.75461034E-38
  0.35200000E+02  0.14355674E-24 -0.75053442E-38
  0.35300000E+02  0.14271561E-24 -0.74548505E-38
  0.35400000E+02  0.14188183E-24 -0.74140697E-38
  0.35500000E+02  0.14105532E-24 -0.73741744E-38
  0.35600000E+02  0.14023598E-24 -0.73387889E-38
  0.35700000E+02  0.13942374E-24 -0.72879413E-38
  0.35800000E+02  0.13861851E-24 -0.72593166E-38
  0.35900000E+02  0.13782022E-24 -0.72037170E-38
  0.36000000E+02  0.13702879E-24 -0.71737614E-38
  0.36100000E+02  0.13624414E-24 -0.71276916E-38
  0.36200000E+02  0.13546619E-24 -0.70905323E-38
  0.36300000E+02  0.13469487E-24 -0.70433571E-38
  0.36400000E+02  0.13393010E-24 -0.70103991E-38
  0.36500000E+02  0.13317181E-24 -0.69734461E-38
  0.36600000E+02  0.13241993E-24 -0.69383069E-38
  0.36700000E+02  0.13167438E-24 -0.68958099E-38
  0.36800000E+02  0.13093510E-24 -0.68709544E-38
  0.36900000E+02  0.13020202E-24 -0.68208657E-38
  0.37000000E+02  0.12947506E-24 -0.67841384E-38
  0.37100000E+02  0.12875416E-24 -0.67500828E-38
  0.37200000E+02  0.12803926E-24 -0.67144234E-38
  0.37300000E+02  0.12733028E-24 -0.66703299E-38
  0.37400000E+02  0.12662717E-24 -0.66438975E-38
  0.37500000E+02  0.12592985E-24 -0.66048361E-38
  0.37600000E+02  0.12523827E-24 -0.65628064E-38
  0.37700000E+02  0.12455236E-24 -0.65419446E-38
  0.37800000E+02  0.12387206E-24 -0.65013056E-38
  0.37900000E+02  0.12319732E-24 -0.64797588E-38
  0.38000000E+02  0.12252806E-24 -0.64258665E-38
  0.38100000E+02  0.12186424E-24 -0.64096941E-38
  0.38200000E+02  0.12120579E-24 -0.63630569E-38
  0.38300000E+02  0.12055266E-24 -0.63279974E-38
  0.38400000E+02  0.11990478E-24 -0.63038845E-38
  0.38500000E+02  0.11926211E-24 -0.62741127E-38
  0.38600000E+02  0.11862459E-24 -0.62377983E-38
  0.38700000E+02  0.11799216E-24 -0.62037537E-38
  0.38800000E+02  0.11736477E-24 -0.61732134E-38
  0.38900000E+02  0.11674237E-24 -0.61449233E-38
  0.39000000E+02  0.11612490E-24 -0.61101861E-38
  0.39100000E+02  0.11551232E-24 -0.60685329E-38
  0.39200000E+02  0.11490457E-24 -0.60350190E-38
  0.39300000E+02  0.11430160E-24 -0.60084617E-38
  0.39400000E+02  0.11370336E-24 -0.59810198E-38
  0.39500000E+02  0.11310980E-24 -0.59483693E-38
  0.39600000E+02  0.11252088E-24 -0.59229741E-38
  0.39700000E+02  0.11193654E-24 -0.58968701E-38
  0.39800000E+02  0.11135674E-24 -0.58663282E-38
  0.39900000E+02  0.11078143E-24 -0.58415071E-38
  0.40000000E+02  0.11021057E-24 -0.57961021E-38
