  0.00000000E+00 -0.34074743E-24 -0.10426235E-38
  0.10000000E+00 -0.34068260E-24 -0.10379332E-38
  0.20000000E+00 -0.34048896E-24 -0.10234246E-38
  0.30000000E+00 -0.34016903E-24 -0.10322866E-38
  0.40000000E+00 -0.33972681E-24 -0.97659683E-39
  0.50000000E+00 -0.33916756E-24 -0.93633530E-39
  0.60000000E+00 -0.33849750E-24 -0.91704223E-39
  0.70000000E+00 -0.33772345E-24 -0.86714616E-39
  0.80000000E+00 -0.33685253E-24 -0.84655491E-39
  0.90000000E+00 -0.33589180E-24 -0.77745981E-39
  0.10000000E+01 -0.33484802E-24 -0.72215636E-39
  0.11000000E+01 -0.33372744E-24 -0.67784527E-39
  0.12000000E+01 -0.33253564E-24 -0.61520633E-39
  0.13000000E+01 -0.33127745E-24 -0.58088000E-39
  0.14000000E+01 -0.32995693E-24 -0.50720246E-39
  0.15000000E+01 -0.32857738E-24 -0.44726615E-39
  0.16000000E+01 -0.32714143E-24 -0.39054562E-39
  0.17000000E+01 -0.32565108E-24 -0.34830025E-39
  0.18000000E+01 -0.32410786E-24 -0.31617227E-39
  0.19000000E+01 -0.32251287E-24 -0.26229326E-39
  0.20000000E+01 -0.32086692E-24 -0.22195837E-39
  0.21000000E+01 -0.31917064E-24 -0.18121566E-39
  0.22000000E+01 -0.31742451E-24 -0.13229833E-39
  0.23000000E+01 -0.31562902E-24 -0.10352065E-39
  0.24000000E+01 -0.31378463E-24 -0.89665989E-40
  0.25000000E+01 -0.31189190E-24 -0.37992801E-40
  0.26000000E+01 -0.30995149E-24 -0.19866737E-40
  0.27000000E+01 -0.30796417E-24  0.35346077E-42
  0.28000000E+01 -0.30593088E-24  0.20759300E-40
  0.29000000E+01 -0.30385271E-24  0.52598052E-40
  0.30000000E+01 -0.30173087E-24  0.72135607E-40
  0.31000000E+01 -0.29956676E-24  0.80202470E-40
  0.32000000E+01 -0.29736190E-24  0.98484650E-40
  0.33000000E+01 -0.29511795E-24  0.11679153E-39
  0.34000000E+01 -0.29283666E-24  0.14183765E-39
  0.35000000E+01 -0.29051991E-24  0.13758473E-39
  0.36000000E+01 -0.28816967E-24  0.15026197E-39
  0.37000000E+01 -0.28578795E-24  0.16255555E-39
  0.38000000E+01 -0.28337684E-24  0.16852452E-39
  0.39000000E+01 -0.28093847E-24  0.17851481E-39
  0.40000000E+01 -0.27847500E-24  0.17371436E-39
  0.41000000E+01 -0.27598859E-24  0.18535120E-39
  0.42000000E+01 -0.27348142E-24  0.19123885E-39
  0.43000000E+01 -0.27095566E-24  0.20158867E-39
  0.44000000E+01 -0.26841345E-24  0.19661071E-39
  0.45000000E+01 -0.26585692E-24  0.19432086E-39
  0.46000000E+01 -0.26328815E-24  0.20420534E-39
  0.47000000E+01 -0.26070920E-24  0.20816881E-39
  0.48000000E+01 -0.25812206E-24  0.20130368E-39
  0.49000000E+01 -0.25552868E-24  0.20402578E-39
  0.50000000E+01 -0.25293096E-24  0.20418517E-39
  0.51000000E+01 -0.25033073E-24  0.20913256E-39
  0.52000000E+01 -0.24772975E-24  0.20747595E-39
  0.53000000E+01 -0.24512973E-24  0.20772047E-39
  0.54000000E+01 -0.24253231E-24  0.20973733E-39
  0.55000000E+01 -0.23993905E-24  0.20655920E-39
  0.56000000E+01 -0.23735146E-24  0.19804375E-39
  0.57000000E+01 -0.23477097E-24  0.19888366E-39
  0.58000000E+01 -0.23219894E-24  0.19508193E-39
  0.59000000E+01 -0.22963666E-24  0.19275046E-39
  0.60000000E+01 -0.22708537E-24  0.19455816E-39
  0.61000000E+01 -0.22454621E-24  0.19098065E-39
  0.62000000E+01 -0.22202029E-24  0.19892473E-39
  0.63000000E+01 -0.21950863E-24  0.18937045E-39
  0.64000000E+01 -0.21701220E-24  0.18526445E-39
  0.65000000E+01 -0.21453189E-24  0.18309858E-39
  0.66000000E+01 -0.21206856E-24  0.18596537E-39
  0.67000000E+01 -0.20962299E-24  0.18123671E-39
  0.68000000E+01 -0.20719591E-24  0.18027548E-39
  0.69000000E+01 -0.20478800E-24  0.17934511E-39
  0.70000000E+01 -0.20239987E-24  0.17741447E-39
  0.71000000E+01 -0.20003210E-24  0.17532736E-39
  0.72000000E+01 -0.19768521E-24  0.17100112E-39
  0.73000000E+01 -0.19535968E-24  0.16947979E-39
  0.74000000E+01 -0.19305594E-24  0.16012417E-39
  0.75000000E+01 -0.19077437E-24  0.16338043E-39
  0.76000000E+01 -0.18851534E-24  0.16059877E-39
  0.77000000E+01 -0.18627914E-24  0.15762061E-39
  0.78000000E+01 -0.18406605E-24  0.16090687E-39
  0.79000000E+01 -0.18187630E-24  0.15528768E-39
  0.80000000E+01 -0.17971010E-24  0.14805519E-39
  0.81000000E+01 -0.17756761E-24  0.14709024E-39
  0.82000000E+01 -0.17544898E-24  0.14532657E-39
  0.83000000E+01 -0.17335432E-24  0.14511284E-39
  0.84000000E+01 -0.17128372E-24  0.14291120E-39
  0.85000000E+01 -0.16923722E-24  0.13722458E-39
  0.86000000E+01 -0.16721488E-24  0.14229213E-39
  0.87000000E+01 -0.16521669E-24  0.13804000E-39
  0.88000000E+01 -0.16324265E-24  0.13488544E-39
  0.89000000E+01 -0.16129273E-24  0.13607045E-39
  0.90000000E+01 -0.15936688E-24  0.13255965E-39
  0.91000000E+01 -0.15746504E-24  0.12882062E-39
  0.92000000E+01 -0.15558712E-24  0.12832489E-39
  0.93000000E+01 -0.15373303E-24  0.12711388E-39
  0.94000000E+01 -0.15190264E-24  0.12213800E-39
  0.95000000E+01 -0.15009585E-24  0.12425061E-39
  0.96000000E+01 -0.14831250E-24  0.11986972E-39
  0.97000000E+01 -0.14655246E-24  0.11903340E-39
  0.98000000E+01 -0.14481555E-24  0.11802242E-39
  0.99000000E+01 -0.14310161E-24  0.11338147E-39
  0.10000000E+02 -0.14141046E-24  0.11467962E-39
  0.10100000E+02 -0.13974192E-24  0.11079228E-39
  0.10200000E+02 -0.13809579E-24  0.11245764E-39
  0.10300000E+02 -0.13647186E-24  0.10996077E-39
  0.10400000E+02 -0.13486994E-24  0.10839735E-39
  0.10500000E+02 -0.13328980E-24  0.10920098E-39
  0.10600000E+02 -0.13173123E-24  0.10435231E-39
  0.10700000E+02 -0.13019401E-24  0.10424507E-39
  0.10800000E+02 -0.12867790E-24  0.99056228E-40
  0.10900000E+02 -0.12718269E-24  0.99575332E-40
  0.11000000E+02 -0.12570813E-24  0.98156814E-40
  0.11100000E+02 -0.12425399E-24  0.96808841E-40
  0.11200000E+02 -0.12282004E-24  0.98489672E-40
  0.11300000E+02 -0.12140602E-24  0.94907469E-40
  0.11400000E+02 -0.12001171E-24  0.95435879E-40
  0.11500000E+02 -0.11863685E-24  0.91626574E-40
  0.11600000E+02 -0.11728121E-24  0.92375233E-40
  0.11700000E+02 -0.11594454E-24  0.92595265E-40
  0.11800000E+02 -0.11462660E-24  0.89717059E-40
  0.11900000E+02 -0.11332714E-24  0.87257997E-40
  0.12000000E+02 -0.11204592E-24  0.86109948E-40
  0.12100000E+02 -0.11078269E-24  0.85658750E-40
  0.12200000E+02 -0.10953721E-24  0.84620722E-40
  0.12300000E+02 -0.10830924E-24  0.81196801E-40
  0.12400000E+02 -0.10709854E-24  0.82945103E-40
  0.12500000E+02 -0.10590487E-24  0.78525883E-40
  0.12600000E+02 -0.10472799E-24  0.80894796E-40
  0.12700000E+02 -0.10356766E-24  0.79844077E-40
  0.12800000E+02 -0.10242365E-24  0.77136370E-40
  0.12900000E+02 -0.10129572E-24  0.76625999E-40
  0.13000000E+02 -0.10018364E-24  0.75012922E-40
  0.13100000E+02 -0.99087181E-25  0.75466177E-40
  0.13200000E+02 -0.98006115E-25  0.74396530E-40
  0.13300000E+02 -0.96940216E-25  0.72989662E-40
  0.13400000E+02 -0.95889260E-25  0.71789906E-40
  0.13500000E+02 -0.94853024E-25  0.72088925E-40
  0.13600000E+02 -0.93831290E-25  0.70542128E-40
  0.13700000E+02 -0.92823841E-25  0.68024271E-40
  0.13800000E+02 -0.91830463E-25  0.68858075E-40
  0.13900000E+02 -0.90850942E-25  0.69348095E-40
  0.14000000E+02 -0.89885069E-25  0.66580798E-40
  0.14100000E+02 -0.88932638E-25  0.66835678E-40
  0.14200000E+02 -0.87993443E-25  0.64912617E-40
  0.14300000E+02 -0.87067282E-25  0.65222413E-40
  0.14400000E+02 -0.86153957E-25  0.64873849E-40
  0.14500000E+02 -0.85253269E-25  0.62727233E-40
  0.14600000E+02 -0.84365025E-25  0.62386276E-40
  0.14700000E+02 -0.83489032E-25  0.61227498E-40
  0.14800000E+02 -0.82625103E-25  0.62672905E-40
  0.14900000E+02 -0.81773050E-25  0.61031912E-40
  0.15000000E+02 -0.80932688E-25  0.60553790E-40
  0.15100000E+02 -0.80103838E-25  0.58733519E-40
  0.15200000E+02 -0.79286320E-25  0.59159985E-40
  0.15300000E+02 -0.78479958E-25  0.57603767E-40
  0.15400000E+02 -0.77684579E-25  0.55526583E-40
  0.15500000E+02 -0.76900010E-25  0.56818663E-40
  0.15600000E+02 -0.76126085E-25  0.55796670E-40
  0.15700000E+02 -0.75362637E-25  0.55795447E-40
  0.15800000E+02 -0.74609502E-25  0.53807954E-40
  0.15900000E+02 -0.73866519E-25  0.53393410E-40
  0.16000000E+02 -0.73133530E-25  0.53754748E-40
  0.16100000E+02 -0.72410380E-25  0.52406995E-40
  0.16200000E+02 -0.71696913E-25  0.52863046E-40
  0.16300000E+02 -0.70992980E-25  0.50953153E-40
  0.16400000E+02 -0.70298431E-25  0.50729790E-40
  0.16500000E+02 -0.69613119E-25  0.50228367E-40
  0.16600000E+02 -0.68936901E-25  0.49979079E-40
  0.16700000E+02 -0.68269635E-25  0.48235823E-40
  0.16800000E+02 -0.67611181E-25  0.48516593E-40
  0.16900000E+02 -0.66961401E-25  0.49109352E-40
  0.17000000E+02 -0.66320160E-25  0.48153576E-40
  0.17100000E+02 -0.65687327E-25  0.46858519E-40
  0.17200000E+02 -0.65062768E-25  0.46596634E-40
  0.17300000E+02 -0.64446357E-25  0.45655983E-40
  0.17400000E+02 -0.63837967E-25  0.46579866E-40
  0.17500000E+02 -0.63237472E-25  0.45842255E-40
  0.17600000E+02 -0.62644751E-25  0.45532953E-40
  0.17700000E+02 -0.62059684E-25  0.44200998E-40
  0.17800000E+02 -0.61482151E-25  0.44332474E-40
  0.17900000E+02 -0.60912036E-25  0.43531891E-40
  0.18000000E+02 -0.60349225E-25  0.43437351E-40
  0.18100000E+02 -0.59793605E-25  0.43403029E-40
  0.18200000E+02 -0.59245066E-25  0.42068163E-40
  0.18300000E+02 -0.58703498E-25  0.42242408E-40
  0.18400000E+02 -0.58168794E-25  0.40827207E-40
  0.18500000E+02 -0.57640850E-25  0.40789086E-40
  0.18600000E+02 -0.57119561E-25  0.41713869E-40
  0.18700000E+02 -0.56604826E-25  0.39660178E-40
  0.18800000E+02 -0.56096544E-25  0.40526094E-40
  0.18900000E+02 -0.55594618E-25  0.38806883E-40
  0.19000000E+02 -0.55098950E-25  0.39207889E-40
  0.19100000E+02 -0.54609446E-25  0.38718054E-40
  0.19200000E+02 -0.54126011E-25  0.37905797E-40
  0.19300000E+02 -0.53648555E-25  0.37307147E-40
  0.19400000E+02 -0.53176986E-25  0.37729554E-40
  0.19500000E+02 -0.52711215E-25  0.38516430E-40
  0.19600000E+02 -0.52251156E-25  0.36881328E-40
  0.19700000E+02 -0.51796722E-25  0.36298417E-40
  0.19800000E+02 -0.51347828E-25  0.36214459E-40
  0.19900000E+02 -0.50904393E-25  0.35276985E-40
  0.20000000E+02 -0.50466333E-25  0.35385973E-40
  0.20100000E+02 -0.50033570E-25  0.35199245E-40
  0.20200000E+02 -0.49606023E-25  0.35379501E-40
  0.20300000E+02 -0.49183616E-25  0.34683759E-40
  0.20400000E+02 -0.48766271E-25  0.33366012E-40
  0.20500000E+02 -0.48353914E-25  0.33594183E-40
  0.20600000E+02 -0.47946472E-25  0.32900161E-40
  0.20700000E+02 -0.47543871E-25  0.32483069E-40
  0.20800000E+02 -0.47146041E-25  0.32407356E-40
  0.20900000E+02 -0.46752911E-25  0.31830936E-40
  0.21000000E+02 -0.46364412E-25  0.32260831E-40
  0.21100000E+02 -0.45980476E-25  0.32440384E-40
  0.21200000E+02 -0.45601038E-25  0.31017419E-40
  0.21300000E+02 -0.45226031E-25  0.32304758E-40
  0.21400000E+02 -0.44855391E-25  0.31405203E-40
  0.21500000E+02 -0.44489054E-25  0.30469413E-40
  0.21600000E+02 -0.44126958E-25  0.30671554E-40
  0.21700000E+02 -0.43769043E-25  0.30597827E-40
  0.21800000E+02 -0.43415247E-25  0.30649057E-40
  0.21900000E+02 -0.43065512E-25  0.29635048E-40
  0.22000000E+02 -0.42719778E-25  0.29826857E-40
  0.22100000E+02 -0.42377990E-25  0.29670023E-40
  0.22200000E+02 -0.42040090E-25  0.28695020E-40
  0.22300000E+02 -0.41706023E-25  0.29136674E-40
  0.22400000E+02 -0.41375734E-25  0.28499932E-40
  0.22500000E+02 -0.41049171E-25  0.27927463E-40
  0.22600000E+02 -0.40726279E-25  0.28804160E-40
  0.22700000E+02 -0.40407008E-25  0.28414465E-40
  0.22800000E+02 -0.40091307E-25  0.27089404E-40
  0.22900000E+02 -0.39779124E-25  0.27193726E-40
  0.23000000E+02 -0.39470411E-25  0.27060982E-40
  0.23100000E+02 -0.39165119E-25  0.26792056E-40
  0.23200000E+02 -0.38863201E-25  0.27176189E-40
  0.23300000E+02 -0.38564609E-25  0.26570766E-40
  0.23400000E+02 -0.38269297E-25  0.26514679E-40
  0.23500000E+02 -0.37977220E-25  0.25747788E-40
  0.23600000E+02 -0.37688333E-25  0.26314617E-40
  0.23700000E+02 -0.37402592E-25  0.25453122E-40
  0.23800000E+02 -0.37119954E-25  0.25254160E-40
  0.23900000E+02 -0.36840375E-25  0.25373774E-40
  0.24000000E+02 -0.36563815E-25  0.24551137E-40
  0.24100000E+02 -0.36290232E-25  0.25165028E-40
  0.24200000E+02 -0.36019585E-25  0.24651704E-40
  0.24300000E+02 -0.35751835E-25  0.24878086E-40
  0.24400000E+02 -0.35486942E-25  0.24441757E-40
  0.24500000E+02 -0.35224867E-25  0.24777276E-40
  0.24600000E+02 -0.34965572E-25  0.23830046E-40
  0.24700000E+02 -0.34709021E-25  0.24029623E-40
  0.24800000E+02 -0.34455176E-25  0.23893512E-40
  0.24900000E+02 -0.34204000E-25  0.23423503E-40
  0.25000000E+02 -0.33955459E-25  0.23801570E-40
  0.25100000E+02 -0.33709517E-25  0.23051181E-40
  0.25200000E+02 -0.33466139E-25  0.22942812E-40
  0.25300000E+02 -0.33225292E-25  0.23023992E-40
  0.25400000E+02 -0.32986942E-25  0.22056877E-40
  0.25500000E+02 -0.32751055E-25  0.22504414E-40
  0.25600000E+02 -0.32517601E-25  0.22648854E-40
  0.25700000E+02 -0.32286545E-25  0.22083719E-40
  0.25800000E+02 -0.32057858E-25  0.22059513E-40
  0.25900000E+02 -0.31831508E-25  0.21382366E-40
  0.26000000E+02 -0.31607465E-25  0.21917183E-40
  0.26100000E+02 -0.31385698E-25  0.21665837E-40
  0.26200000E+02 -0.31166179E-25  0.21415589E-40
  0.26300000E+02 -0.30948877E-25  0.20878823E-40
  0.26400000E+02 -0.30733765E-25  0.20872314E-40
  0.26500000E+02 -0.30520814E-25  0.20402496E-40
  0.26600000E+02 -0.30309997E-25  0.21131583E-40
  0.26700000E+02 -0.30101286E-25  0.20441040E-40
  0.26800000E+02 -0.29894653E-25  0.20433009E-40
  0.26900000E+02 -0.29690074E-25  0.20342006E-40
  0.27000000E+02 -0.29487521E-25  0.20049701E-40
  0.27100000E+02 -0.29286968E-25  0.19707429E-40
  0.27200000E+02 -0.29088392E-25  0.19727838E-40
  0.27300000E+02 -0.28891765E-25  0.19724254E-40
  0.27400000E+02 -0.28697065E-25  0.19425003E-40
  0.27500000E+02 -0.28504266E-25  0.19489429E-40
  0.27600000E+02 -0.28313346E-25  0.19488388E-40
  0.27700000E+02 -0.28124279E-25  0.19061574E-40
  0.27800000E+02 -0.27937045E-25  0.18892554E-40
  0.27900000E+02 -0.27751618E-25  0.19009533E-40
  0.28000000E+02 -0.27567978E-25  0.18356113E-40
  0.28100000E+02 -0.27386102E-25  0.18454721E-40
  0.28200000E+02 -0.27205968E-25  0.18280797E-40
  0.28300000E+02 -0.27027554E-25  0.18516212E-40
  0.28400000E+02 -0.26850841E-25  0.18257597E-40
  0.28500000E+02 -0.26675806E-25  0.18046640E-40
  0.28600000E+02 -0.26502429E-25  0.17821728E-40
  0.28700000E+02 -0.26330690E-25  0.17945703E-40
  0.28800000E+02 -0.26160570E-25  0.17744994E-40
  0.28900000E+02 -0.25992048E-25  0.17738377E-40
  0.29000000E+02 -0.25825105E-25  0.17551267E-40
  0.29100000E+02 -0.25659722E-25  0.17274386E-40
  0.29200000E+02 -0.25495880E-25  0.17395358E-40
  0.29300000E+02 -0.25333561E-25  0.17652027E-40
  0.29400000E+02 -0.25172747E-25  0.16941222E-40
  0.29500000E+02 -0.25013419E-25  0.17140509E-40
  0.29600000E+02 -0.24855560E-25  0.16738429E-40
  0.29700000E+02 -0.24699152E-25  0.16827830E-40
  0.29800000E+02 -0.24544178E-25  0.16622264E-40
  0.29900000E+02 -0.24390621E-25  0.16681905E-40
  0.30000000E+02 -0.24238465E-25  0.16443005E-40
  0.30100000E+02 -0.24087693E-25  0.16198232E-40
  0.30200000E+02 -0.23938288E-25  0.16202813E-40
  0.30300000E+02 -0.23790234E-25  0.16161046E-40
  0.30400000E+02 -0.23643517E-25  0.16100891E-40
  0.30500000E+02 -0.23498120E-25  0.15935203E-40
  0.30600000E+02 -0.23354027E-25  0.15555825E-40
  0.30700000E+02 -0.23211224E-25  0.15474185E-40
  0.30800000E+02 -0.23069696E-25  0.15395375E-40
  0.30900000E+02 -0.22929428E-25  0.15519811E-40
  0.31000000E+02 -0.22790406E-25  0.15403450E-40
  0.31100000E+02 -0.22652614E-25  0.15598629E-40
  0.31200000E+02 -0.22516040E-25  0.15307294E-40
  0.31300000E+02 -0.22380669E-25  0.15160182E-40
  0.31400000E+02 -0.22246487E-25  0.15284079E-40
  0.31500000E+02 -0.22113481E-25  0.14787748E-40
  0.31600000E+02 -0.21981638E-25  0.14921877E-40
  0.31700000E+02 -0.21850944E-25  0.14446842E-40
  0.31800000E+02 -0.21721386E-25  0.14534235E-40
  0.31900000E+02 -0.21592952E-25  0.14652409E-40
  0.32000000E+02 -0.21465629E-25  0.14224831E-40
  0.32100000E+02 -0.21339404E-25  0.14561631E-40
  0.32200000E+02 -0.21214266E-25  0.14274466E-40
  0.32300000E+02 -0.21090201E-25  0.14842155E-40
  0.32400000E+02 -0.20967198E-25  0.14009730E-40
  0.32500000E+02 -0.20845246E-25  0.13636830E-40
  0.32600000E+02 -0.20724333E-25  0.13990751E-40
  0.32700000E+02 -0.20604446E-25  0.13865808E-40
  0.32800000E+02 -0.20485575E-25  0.13810325E-40
  0.32900000E+02 -0.20367709E-25  0.13620221E-40
  0.33000000E+02 -0.20250837E-25  0.13599356E-40
  0.33100000E+02 -0.20134947E-25  0.13470005E-40
  0.33200000E+02 -0.20020029E-25  0.13309931E-40
  0.33300000E+02 -0.19906072E-25  0.13284148E-40
  0.33400000E+02 -0.19793067E-25  0.13434004E-40
  0.33500000E+02 -0.19681002E-25  0.13050354E-40
  0.33600000E+02 -0.19569867E-25  0.13090829E-40
  0.33700000E+02 -0.19459653E-25  0.13223761E-40
  0.33800000E+02 -0.19350349E-25  0.12816247E-40
  0.33900000E+02 -0.19241946E-25  0.12716593E-40
  0.34000000E+02 -0.19134434E-25  0.12729460E-40
  0.34100000E+02 -0.19027803E-25  0.12708153E-40
  0.34200000E+02 -0.18922045E-25  0.12684694E-40
  0.34300000E+02 -0.18817149E-25  0.12861964E-40
  0.34400000E+02 -0.18713106E-25  0.12589962E-40
  0.34500000E+02 -0.18609909E-25  0.12485679E-40
  0.34600000E+02 -0.18507547E-25  0.12583562E-40
  0.34700000E+02 -0.18406012E-25  0.12117551E-40
  0.34800000E+02 -0.18305294E-25  0.12262443E-40
  0.34900000E+02 -0.18205387E-25  0.12088856E-40
  0.35000000E+02 -0.18106280E-25  0.11725935E-40
  0.35100000E+02 -0.18007966E-25  0.12174962E-40
  0.35200000E+02 -0.17910437E-25  0.11918287E-40
  0.35300000E+02 -0.17813684E-25  0.11629842E-40
  0.35400000E+02 -0.17717699E-25  0.11981361E-40
  0.35500000E+02 -0.17622474E-25  0.11523968E-40
  0.35600000E+02 -0.17528002E-25  0.11477872E-40
  0.35700000E+02 -0.17434274E-25  0.11601984E-40
  0.35800000E+02 -0.17341283E-25  0.11404449E-40
  0.35900000E+02 -0.17249022E-25  0.11659762E-40
  0.36000000E+02 -0.17157482E-25  0.11609119E-40
  0.36100000E+02 -0.17066658E-25  0.11509719E-40
  0.36200000E+02 -0.16976540E-25  0.11187961E-40
  0.36300000E+02 -0.16887123E-25  0.11248691E-40
  0.36400000E+02 -0.16798398E-25  0.11300880E-40
  0.36500000E+02 -0.16710360E-25  0.11355290E-40
  0.36600000E+02 -0.16623000E-25  0.10918383E-40
  0.36700000E+02 -0.16536313E-25  0.10873050E-40
  0.36800000E+02 -0.16450291E-25  0.10768736E-40
  0.36900000E+02 -0.16364928E-25  0.10931700E-40
  0.37000000E+02 -0.16280218E-25  0.10680561E-40
  0.37100000E+02 -0.16196153E-25  0.10634905E-40
  0.37200000E+02 -0.16112727E-25  0.10876220E-40
  0.37300000E+02 -0.16029934E-25  0.10661903E-40
  0.37400000E+02 -0.15947767E-25  0.10546845E-40
  0.37500000E+02 -0.15866222E-25  0.10743397E-40
  0.37600000E+02 -0.15785290E-25  0.10616897E-40
  0.37700000E+02 -0.15704967E-25  0.10573620E-40
  0.37800000E+02 -0.15625245E-25  0.10375830E-40
  0.37900000E+02 -0.15546121E-25  0.10263078E-40
  0.38000000E+02 -0.15467587E-25  0.10613849E-40
  0.38100000E+02 -0.15389637E-25  0.10358128E-40
  0.38200000E+02 -0.15312267E-25  0.10389225E-40
  0.38300000E+02 -0.15235470E-25  0.10406785E-40
  0.38400000E+02 -0.15159241E-25  0.10182457E-40
  0.38500000E+02 -0.15083574E-25  0.98758218E-41
  0.38600000E+02 -0.15008464E-25  0.10076311E-40
  0.38700000E+02 -0.14933906E-25  0.10058008E-40
  0.38800000E+02 -0.14859894E-25  0.98862187E-41
  0.38900000E+02 -0.14786423E-25  0.99139507E-41
  0.39000000E+02 -0.14713488E-25  0.97991017E-41
  0.39100000E+02 -0.14641084E-25  0.98457815E-41
  0.39200000E+02 -0.14569205E-25  0.97591603E-41
  0.39300000E+02 -0.14497847E-25  0.94821844E-41
  0.39400000E+02 -0.14427005E-25  0.96927701E-41
  0.39500000E+02 -0.14356673E-25  0.94533945E-41
  0.39600000E+02 -0.14286848E-25  0.94560559E-41
  0.39700000E+02 -0.14217524E-25  0.94924985E-41
  0.39800000E+02 -0.14148696E-25  0.94305698E-41
  0.39900000E+02 -0.14080361E-25  0.95236082E-41
  0.40000000E+02 -0.14012512E-25  0.92219815E-41
