  0.00000000E+00  0.19574000E-23 -0.10146904E-36
  0.10000000E+00  0.19566443E-23 -0.10007805E-36
  0.20000000E+00  0.19543843E-23 -0.99899240E-37
  0.30000000E+00  0.19506406E-23 -0.98732507E-37
  0.40000000E+00  0.19454462E-23 -0.96378073E-37
  0.50000000E+00  0.19388455E-23 -0.94643841E-37
  0.60000000E+00  0.19308918E-23 -0.91892773E-37
  0.70000000E+00  0.19216455E-23 -0.88999268E-37
  0.80000000E+00  0.19111716E-23 -0.85217870E-37
  0.90000000E+00  0.18995382E-23 -0.81693342E-37
  0.10000000E+01  0.18868139E-23 -0.77789483E-37
  0.11000000E+01  0.18730671E-23 -0.74204390E-37
  0.12000000E+01  0.18583644E-23 -0.69807568E-37
  0.13000000E+01  0.18427699E-23 -0.67044041E-37
  0.14000000E+01  0.18263452E-23 -0.62914161E-37
  0.15000000E+01  0.18091487E-23 -0.58495832E-37
  0.16000000E+01  0.17912362E-23 -0.54541409E-37
  0.17000000E+01  0.17726607E-23 -0.50684990E-37
  0.18000000E+01  0.17534728E-23 -0.47163046E-37
  0.19000000E+01  0.17337213E-23 -0.43329615E-37
  0.20000000E+01  0.17134532E-23 -0.40070547E-37
  0.21000000E+01  0.16927141E-23 -0.36321165E-37
  0.22000000E+01  0.16715486E-23 -0.32950649E-37
  0.23000000E+01  0.16500000E-23 -0.30450136E-37
  0.24000000E+01  0.16281110E-23 -0.27478969E-37
  0.25000000E+01  0.16059232E-23 -0.25036419E-37
  0.26000000E+01  0.15834777E-23 -0.21933475E-37
  0.27000000E+01  0.15608144E-23 -0.19420373E-37
  0.28000000E+01  0.15379724E-23 -0.17208292E-37
  0.29000000E+01  0.15149899E-23 -0.15060527E-37
  0.30000000E+01  0.14919039E-23 -0.13378999E-37
  0.31000000E+01  0.14687501E-23 -0.10831580E-37
  0.32000000E+01  0.14455629E-23 -0.94716571E-38
  0.33000000E+01  0.14223754E-23 -0.74654129E-38
  0.34000000E+01  0.13992190E-23 -0.62435683E-38
  0.35000000E+01  0.13761237E-23 -0.42726894E-38
  0.36000000E+01  0.13531176E-23 -0.31830673E-38
  0.37000000E+01  0.13302276E-23 -0.21885840E-38
  0.38000000E+01  0.13074783E-23 -0.12045007E-38
  0.39000000E+01  0.12848931E-23  0.54584206E-39
  0.40000000E+01  0.12624933E-23  0.12445116E-38
  0.41000000E+01  0.12402987E-23  0.26757372E-38
  0.42000000E+01  0.12183274E-23  0.29120245E-38
  0.43000000E+01  0.11965959E-23  0.38871103E-38
  0.44000000E+01  0.11751189E-23  0.46679932E-38
  0.45000000E+01  0.11539099E-23  0.52468225E-38
  0.46000000E+01  0.11329806E-23  0.56889966E-38
  0.47000000E+01  0.11123414E-23  0.66134176E-38
  0.48000000E+01  0.10920015E-23  0.70020151E-38
  0.49000000E+01  0.10719686E-23  0.78247287E-38
  0.50000000E+01  0.10522494E-23  0.82725441E-38
  0.51000000E+01  0.10328492E-23  0.84945816E-38
  0.52000000E+01  0.10137724E-23  0.89913769E-38
  0.53000000E+01  0.99502258E-24  0.93823845E-38
  0.54000000E+01  0.97660207E-24  0.97194842E-38
  0.55000000E+01  0.95851254E-24  0.97865709E-38
  0.56000000E+01  0.94075484E-24  0.10006822E-37
  0.57000000E+01  0.92332907E-24  0.10152971E-37
  0.58000000E+01  0.90623469E-24  0.10553515E-37
  0.59000000E+01  0.88947056E-24  0.10938895E-37
  0.60000000E+01  0.87303498E-24  0.10944443E-37
  0.61000000E+01  0.85692574E-24  0.10961087E-37
  0.62000000E+01  0.84114020E-24  0.11273443E-37
  0.63000000E+01  0.82567533E-24  0.11254725E-37
  0.64000000E+01  0.81052771E-24  0.11361587E-37
  0.65000000E+01  0.79569363E-24  0.11471333E-37
  0.66000000E+01  0.78116909E-24  0.11398819E-37
  0.67000000E+01  0.76694985E-24  0.11600252E-37
  0.68000000E+01  0.75303145E-24  0.11827196E-37
  0.69000000E+01  0.73940926E-24  0.11649301E-37
  0.70000000E+01  0.72607850E-24  0.11709370E-37
  0.71000000E+01  0.71303424E-24  0.11694397E-37
  0.72000000E+01  0.70027148E-24  0.11822466E-37
  0.73000000E+01  0.68778511E-24  0.11646157E-37
  0.74000000E+01  0.67556998E-24  0.11485721E-37
  0.75000000E+01  0.66362087E-24  0.11841861E-37
  0.76000000E+01  0.65193256E-24  0.11461314E-37
  0.77000000E+01  0.64049980E-24  0.11779977E-37
  0.78000000E+01  0.62931734E-24  0.11434876E-37
  0.79000000E+01  0.61837996E-24  0.11793109E-37
  0.80000000E+01  0.60768243E-24  0.11462626E-37
  0.81000000E+01  0.59721958E-24  0.11636831E-37
  0.82000000E+01  0.58698628E-24  0.11380166E-37
  0.83000000E+01  0.57697744E-24  0.11280615E-37
  0.84000000E+01  0.56718802E-24  0.11218672E-37
  0.85000000E+01  0.55761305E-24  0.11218821E-37
  0.86000000E+01  0.54824763E-24  0.11110604E-37
  0.87000000E+01  0.53908693E-24  0.10879271E-37
  0.88000000E+01  0.53012618E-24  0.11125607E-37
  0.89000000E+01  0.52136071E-24  0.10920128E-37
  0.90000000E+01  0.51278592E-24  0.10835121E-37
  0.91000000E+01  0.50439728E-24  0.11114331E-37
  0.92000000E+01  0.49619036E-24  0.10817239E-37
  0.93000000E+01  0.48816082E-24  0.10748546E-37
  0.94000000E+01  0.48030440E-24  0.10694175E-37
  0.95000000E+01  0.47261692E-24  0.10652372E-37
  0.96000000E+01  0.46509430E-24  0.10446202E-37
  0.97000000E+01  0.45773254E-24  0.10324313E-37
  0.98000000E+01  0.45052773E-24  0.10154112E-37
  0.99000000E+01  0.44347606E-24  0.10273838E-37
  0.10000000E+02  0.43657378E-24  0.10161725E-37
  0.10100000E+02  0.42981725E-24  0.10013321E-37
  0.10200000E+02  0.42320290E-24  0.97741921E-38
  0.10300000E+02  0.41672727E-24  0.98543169E-38
  0.10400000E+02  0.41038695E-24  0.98124523E-38
  0.10500000E+02  0.40417863E-24  0.96741228E-38
  0.10600000E+02  0.39809909E-24  0.96210657E-38
  0.10700000E+02  0.39214518E-24  0.95322638E-38
  0.10800000E+02  0.38631381E-24  0.94478528E-38
  0.10900000E+02  0.38060200E-24  0.93055594E-38
  0.11000000E+02  0.37500684E-24  0.94384971E-38
  0.11100000E+02  0.36952547E-24  0.91719168E-38
  0.11200000E+02  0.36415512E-24  0.91821153E-38
  0.11300000E+02  0.35889310E-24  0.91667991E-38
  0.11400000E+02  0.35373678E-24  0.89396387E-38
  0.11500000E+02  0.34868359E-24  0.89458821E-38
  0.11600000E+02  0.34373103E-24  0.85978688E-38
  0.11700000E+02  0.33887669E-24  0.87990822E-38
  0.11800000E+02  0.33411818E-24  0.86320362E-38
  0.11900000E+02  0.32945321E-24  0.85312123E-38
  0.12000000E+02  0.32487954E-24  0.83319562E-38
  0.12100000E+02  0.32039497E-24  0.84498747E-38
  0.12200000E+02  0.31599738E-24  0.83090068E-38
  0.12300000E+02  0.31168470E-24  0.82163185E-38
  0.12400000E+02  0.30745492E-24  0.81521974E-38
  0.12500000E+02  0.30330607E-24  0.80337153E-38
  0.12600000E+02  0.29923624E-24  0.80622852E-38
  0.12700000E+02  0.29524357E-24  0.79735620E-38
  0.12800000E+02  0.29132625E-24  0.78535810E-38
  0.12900000E+02  0.28748252E-24  0.78483305E-38
  0.13000000E+02  0.28371065E-24  0.76764131E-38
  0.13100000E+02  0.28000899E-24  0.76100665E-38
  0.13200000E+02  0.27637589E-24  0.76025532E-38
  0.13300000E+02  0.27280978E-24  0.73773169E-38
  0.13400000E+02  0.26930912E-24  0.73682652E-38
  0.13500000E+02  0.26587240E-24  0.73193376E-38
  0.13600000E+02  0.26249817E-24  0.72656426E-38
  0.13700000E+02  0.25918498E-24  0.72058540E-38
  0.13800000E+02  0.25593148E-24  0.70458606E-38
  0.13900000E+02  0.25273629E-24  0.71074070E-38
  0.14000000E+02  0.24959811E-24  0.69430784E-38
  0.14100000E+02  0.24651565E-24  0.69247223E-38
  0.14200000E+02  0.24348767E-24  0.68866493E-38
  0.14300000E+02  0.24051296E-24  0.67543416E-38
  0.14400000E+02  0.23759033E-24  0.67048577E-38
  0.14500000E+02  0.23471862E-24  0.66271874E-38
  0.14600000E+02  0.23189672E-24  0.65932511E-38
  0.14700000E+02  0.22912353E-24  0.65551901E-38
  0.14800000E+02  0.22639799E-24  0.64679866E-38
  0.14900000E+02  0.22371905E-24  0.64575411E-38
  0.15000000E+02  0.22108571E-24  0.64098524E-38
  0.15100000E+02  0.21849698E-24  0.63273254E-38
  0.15200000E+02  0.21595190E-24  0.62436984E-38
  0.15300000E+02  0.21344953E-24  0.62231029E-38
  0.15400000E+02  0.21098895E-24  0.61968828E-38
  0.15500000E+02  0.20856929E-24  0.60786462E-38
  0.15600000E+02  0.20618966E-24  0.60609947E-38
  0.15700000E+02  0.20384924E-24  0.59010719E-38
  0.15800000E+02  0.20154718E-24  0.59762102E-38
  0.15900000E+02  0.19928269E-24  0.58309480E-38
  0.16000000E+02  0.19705498E-24  0.57816254E-38
  0.16100000E+02  0.19486329E-24  0.57219606E-38
  0.16200000E+02  0.19270687E-24  0.56721139E-38
  0.16300000E+02  0.19058500E-24  0.56811316E-38
  0.16400000E+02  0.18849696E-24  0.56966948E-38
  0.16500000E+02  0.18644206E-24  0.55190097E-38
  0.16600000E+02  0.18441964E-24  0.55814253E-38
  0.16700000E+02  0.18242902E-24  0.54183691E-38
  0.16800000E+02  0.18046957E-24  0.53671211E-38
  0.16900000E+02  0.17854066E-24  0.53903083E-38
  0.17000000E+02  0.17664168E-24  0.52857886E-38
  0.17100000E+02  0.17477202E-24  0.52625422E-38
  0.17200000E+02  0.17293111E-24  0.52742364E-38
  0.17300000E+02  0.17111838E-24  0.51371046E-38
  0.17400000E+02  0.16933327E-24  0.51417001E-38
  0.17500000E+02  0.16757524E-24  0.51524874E-38
  0.17600000E+02  0.16584376E-24  0.49967710E-38
  0.17700000E+02  0.16413831E-24  0.50320241E-38
  0.17800000E+02  0.16245839E-24  0.49016723E-38
  0.17900000E+02  0.16080350E-24  0.49465204E-38
  0.18000000E+02  0.15917316E-24  0.48653710E-38
  0.18100000E+02  0.15756690E-24  0.48507799E-38
  0.18200000E+02  0.15598426E-24  0.47117987E-38
  0.18300000E+02  0.15442479E-24  0.47028718E-38
  0.18400000E+02  0.15288805E-24  0.46627790E-38
  0.18500000E+02  0.15137362E-24  0.45969307E-38
  0.18600000E+02  0.14988107E-24  0.46125712E-38
  0.18700000E+02  0.14841000E-24  0.45457978E-38
  0.18800000E+02  0.14696000E-24  0.45521209E-38
  0.18900000E+02  0.14553068E-24  0.45364175E-38
  0.19000000E+02  0.14412167E-24  0.44903708E-38
  0.19100000E+02  0.14273258E-24  0.44214955E-38
  0.19200000E+02  0.14136305E-24  0.43787794E-38
  0.19300000E+02  0.14001272E-24  0.43370183E-38
  0.19400000E+02  0.13868125E-24  0.43252525E-38
  0.19500000E+02  0.13736830E-24  0.43165027E-38
  0.19600000E+02  0.13607351E-24  0.42728213E-38
  0.19700000E+02  0.13479658E-24  0.41954100E-38
  0.19800000E+02  0.13353718E-24  0.42502434E-38
  0.19900000E+02  0.13229500E-24  0.41485336E-38
  0.20000000E+02  0.13106973E-24  0.41865301E-38
  0.20100000E+02  0.12986108E-24  0.40680923E-38
  0.20200000E+02  0.12866874E-24  0.40779991E-38
  0.20300000E+02  0.12749244E-24  0.40083360E-38
  0.20400000E+02  0.12633188E-24  0.39925792E-38
  0.20500000E+02  0.12518681E-24  0.39285885E-38
  0.20600000E+02  0.12405694E-24  0.39036995E-38
  0.20700000E+02  0.12294202E-24  0.39203952E-38
  0.20800000E+02  0.12184179E-24  0.38171827E-38
  0.20900000E+02  0.12075600E-24  0.38191493E-38
  0.21000000E+02  0.11968439E-24  0.37813853E-38
  0.21100000E+02  0.11862673E-24  0.37687563E-38
  0.21200000E+02  0.11758278E-24  0.37605854E-38
  0.21300000E+02  0.11655231E-24  0.37590161E-38
  0.21400000E+02  0.11553510E-24  0.36932132E-38
  0.21500000E+02  0.11453091E-24  0.36478041E-38
  0.21600000E+02  0.11353953E-24  0.36471171E-38
  0.21700000E+02  0.11256075E-24  0.36085562E-38
  0.21800000E+02  0.11159436E-24  0.35843934E-38
  0.21900000E+02  0.11064016E-24  0.35798380E-38
  0.22000000E+02  0.10969794E-24  0.35158893E-38
  0.22100000E+02  0.10876751E-24  0.34730457E-38
  0.22200000E+02  0.10784867E-24  0.34391561E-38
  0.22300000E+02  0.10694124E-24  0.34306413E-38
  0.22400000E+02  0.10604503E-24  0.34013791E-38
  0.22500000E+02  0.10515986E-24  0.34092676E-38
  0.22600000E+02  0.10428555E-24  0.33667849E-38
  0.22700000E+02  0.10342193E-24  0.33072215E-38
  0.22800000E+02  0.10256882E-24  0.33267287E-38
  0.22900000E+02  0.10172607E-24  0.33192678E-38
  0.23000000E+02  0.10089350E-24  0.32659804E-38
  0.23100000E+02  0.10007095E-24  0.32457283E-38
  0.23200000E+02  0.99258271E-25  0.32307085E-38
  0.23300000E+02  0.98455302E-25  0.31986539E-38
  0.23400000E+02  0.97661892E-25  0.31674159E-38
  0.23500000E+02  0.96877893E-25  0.31676653E-38
  0.23600000E+02  0.96103158E-25  0.31154378E-38
  0.23700000E+02  0.95337544E-25  0.30748991E-38
  0.23800000E+02  0.94580911E-25  0.30980914E-38
  0.23900000E+02  0.93833119E-25  0.30505630E-38
  0.24000000E+02  0.93094035E-25  0.30469752E-38
  0.24100000E+02  0.92363525E-25  0.30098871E-38
  0.24200000E+02  0.91641459E-25  0.29714290E-38
  0.24300000E+02  0.90927709E-25  0.29714996E-38
  0.24400000E+02  0.90222149E-25  0.29533316E-38
  0.24500000E+02  0.89524657E-25  0.29088546E-38
  0.24600000E+02  0.88835111E-25  0.28762746E-38
  0.24700000E+02  0.88153393E-25  0.29086711E-38
  0.24800000E+02  0.87479386E-25  0.28701921E-38
  0.24900000E+02  0.86812975E-25  0.28174641E-38
  0.25000000E+02  0.86154050E-25  0.28235193E-38
  0.25100000E+02  0.85502498E-25  0.28063379E-38
  0.25200000E+02  0.84858212E-25  0.27754594E-38
  0.25300000E+02  0.84221087E-25  0.27973007E-38
  0.25400000E+02  0.83591016E-25  0.27481100E-38
  0.25500000E+02  0.82967898E-25  0.27412623E-38
  0.25600000E+02  0.82351633E-25  0.27097945E-38
  0.25700000E+02  0.81742121E-25  0.27051513E-38
  0.25800000E+02  0.81139264E-25  0.27103985E-38
  0.25900000E+02  0.80542969E-25  0.26703301E-38
  0.26000000E+02  0.79953140E-25  0.26062107E-38
  0.26100000E+02  0.79369687E-25  0.26302745E-38
  0.26200000E+02  0.78792517E-25  0.25724261E-38
  0.26300000E+02  0.78221544E-25  0.25916276E-38
  0.26400000E+02  0.77656678E-25  0.25893657E-38
  0.26500000E+02  0.77097835E-25  0.25347360E-38
  0.26600000E+02  0.76544930E-25  0.25331300E-38
  0.26700000E+02  0.75997880E-25  0.25291079E-38
  0.26800000E+02  0.75456604E-25  0.24892229E-38
  0.26900000E+02  0.74921021E-25  0.24449222E-38
  0.27000000E+02  0.74391053E-25  0.24779664E-38
  0.27100000E+02  0.73866623E-25  0.24468923E-38
  0.27200000E+02  0.73347654E-25  0.24497443E-38
  0.27300000E+02  0.72834072E-25  0.24227954E-38
  0.27400000E+02  0.72325804E-25  0.23774935E-38
  0.27500000E+02  0.71822776E-25  0.23559295E-38
  0.27600000E+02  0.71324918E-25  0.23560931E-38
  0.27700000E+02  0.70832161E-25  0.23373647E-38
  0.27800000E+02  0.70344435E-25  0.23417957E-38
  0.27900000E+02  0.69861673E-25  0.23081048E-38
  0.28000000E+02  0.69383808E-25  0.22846710E-38
  0.28100000E+02  0.68910775E-25  0.22789377E-38
  0.28200000E+02  0.68442510E-25  0.22629096E-38
  0.28300000E+02  0.67978950E-25  0.22520080E-38
  0.28400000E+02  0.67520032E-25  0.22492267E-38
  0.28500000E+02  0.67065696E-25  0.22339466E-38
  0.28600000E+02  0.66615880E-25  0.22307954E-38
  0.28700000E+02  0.66170527E-25  0.22031569E-38
  0.28800000E+02  0.65729577E-25  0.22040015E-38
  0.28900000E+02  0.65292974E-25  0.21908047E-38
  0.29000000E+02  0.64860660E-25  0.22001438E-38
  0.29100000E+02  0.64432582E-25  0.21738130E-38
  0.29200000E+02  0.64008683E-25  0.21454616E-38
  0.29300000E+02  0.63588910E-25  0.21211619E-38
  0.29400000E+02  0.63173211E-25  0.21037081E-38
  0.29500000E+02  0.62761533E-25  0.20971075E-38
  0.29600000E+02  0.62353825E-25  0.20824999E-38
  0.29700000E+02  0.61950036E-25  0.20795013E-38
  0.29800000E+02  0.61550118E-25  0.20671076E-38
  0.29900000E+02  0.61154021E-25  0.20557932E-38
  0.30000000E+02  0.60761697E-25  0.20447347E-38
  0.30100000E+02  0.60373100E-25  0.20118930E-38
  0.30200000E+02  0.59988181E-25  0.19859354E-38
  0.30300000E+02  0.59606895E-25  0.19965751E-38
  0.30400000E+02  0.59229198E-25  0.20112046E-38
  0.30500000E+02  0.58855045E-25  0.19863116E-38
  0.30600000E+02  0.58484391E-25  0.19590407E-38
  0.30700000E+02  0.58117194E-25  0.19576458E-38
  0.30800000E+02  0.57753412E-25  0.19515370E-38
  0.30900000E+02  0.57393002E-25  0.19246715E-38
  0.31000000E+02  0.57035923E-25  0.19466410E-38
  0.31100000E+02  0.56682135E-25  0.18869378E-38
  0.31200000E+02  0.56331598E-25  0.18991831E-38
  0.31300000E+02  0.55984272E-25  0.18852193E-38
  0.31400000E+02  0.55640118E-25  0.18695406E-38
  0.31500000E+02  0.55299099E-25  0.18502977E-38
  0.31600000E+02  0.54961177E-25  0.18477169E-38
  0.31700000E+02  0.54626315E-25  0.18399116E-38
  0.31800000E+02  0.54294475E-25  0.18290843E-38
  0.31900000E+02  0.53965623E-25  0.18222335E-38
  0.32000000E+02  0.53639723E-25  0.18003634E-38
  0.32100000E+02  0.53316740E-25  0.17905458E-38
  0.32200000E+02  0.52996639E-25  0.17916822E-38
  0.32300000E+02  0.52679386E-25  0.17843143E-38
  0.32400000E+02  0.52364949E-25  0.17809469E-38
  0.32500000E+02  0.52053294E-25  0.17664956E-38
  0.32600000E+02  0.51744388E-25  0.17544104E-38
  0.32700000E+02  0.51438200E-25  0.17453652E-38
  0.32800000E+02  0.51134699E-25  0.17201557E-38
  0.32900000E+02  0.50833852E-25  0.17154482E-38
  0.33000000E+02  0.50535630E-25  0.17091678E-38
  0.33100000E+02  0.50240002E-25  0.17119869E-38
  0.33200000E+02  0.49946939E-25  0.16772352E-38
  0.33300000E+02  0.49656410E-25  0.16869096E-38
  0.33400000E+02  0.49368388E-25  0.16593278E-38
  0.33500000E+02  0.49082844E-25  0.16658989E-38
  0.33600000E+02  0.48799749E-25  0.16518037E-38
  0.33700000E+02  0.48519076E-25  0.16433001E-38
  0.33800000E+02  0.48240797E-25  0.16046696E-38
  0.33900000E+02  0.47964886E-25  0.16317803E-38
  0.34000000E+02  0.47691316E-25  0.16176385E-38
  0.34100000E+02  0.47420061E-25  0.16204147E-38
  0.34200000E+02  0.47151095E-25  0.15869319E-38
  0.34300000E+02  0.46884392E-25  0.15935506E-38
  0.34400000E+02  0.46619927E-25  0.15758484E-38
  0.34500000E+02  0.46357676E-25  0.15897061E-38
  0.34600000E+02  0.46097614E-25  0.15681675E-38
  0.34700000E+02  0.45839717E-25  0.15707688E-38
  0.34800000E+02  0.45583961E-25  0.15410926E-38
  0.34900000E+02  0.45330323E-25  0.15473246E-38
  0.35000000E+02  0.45078779E-25  0.15139348E-38
  0.35100000E+02  0.44829307E-25  0.15215049E-38
  0.35200000E+02  0.44581884E-25  0.15214498E-38
  0.35300000E+02  0.44336488E-25  0.14859773E-38
  0.35400000E+02  0.44093097E-25  0.14847210E-38
  0.35500000E+02  0.43851690E-25  0.15081622E-38
  0.35600000E+02  0.43612244E-25  0.14837151E-38
  0.35700000E+02  0.43374740E-25  0.14717583E-38
  0.35800000E+02  0.43139155E-25  0.14686912E-38
  0.35900000E+02  0.42905471E-25  0.14659595E-38
  0.36000000E+02  0.42673666E-25  0.14527991E-38
  0.36100000E+02  0.42443720E-25  0.14362243E-38
  0.36200000E+02  0.42215614E-25  0.14211968E-38
  0.36300000E+02  0.41989329E-25  0.14355637E-38
  0.36400000E+02  0.41764845E-25  0.14279621E-38
  0.36500000E+02  0.41542143E-25  0.14223816E-38
  0.36600000E+02  0.41321204E-25  0.13901609E-38
  0.36700000E+02  0.41102011E-25  0.14064627E-38
  0.36800000E+02  0.40884545E-25  0.14013221E-38
  0.36900000E+02  0.40668788E-25  0.13914031E-38
  0.37000000E+02  0.40454721E-25  0.13761307E-38
  0.37100000E+02  0.40242329E-25  0.13655715E-38
  0.37200000E+02  0.40031593E-25  0.13637404E-38
  0.37300000E+02  0.39822496E-25  0.13350475E-38
  0.37400000E+02  0.39615022E-25  0.13540137E-38
  0.37500000E+02  0.39409153E-25  0.13382010E-38
  0.37600000E+02  0.39204874E-25  0.13389913E-38
  0.37700000E+02  0.39002168E-25  0.13420671E-38
  0.37800000E+02  0.38801020E-25  0.13182112E-38
  0.37900000E+02  0.38601412E-25  0.13210491E-38
  0.38000000E+02  0.38403331E-25  0.13174364E-38
  0.38100000E+02  0.38206760E-25  0.13080740E-38
  0.38200000E+02  0.38011684E-25  0.13056655E-38
  0.38300000E+02  0.37818088E-25  0.12878507E-38
  0.38400000E+02  0.37625958E-25  0.12758277E-38
  0.38500000E+02  0.37435278E-25  0.12913003E-38
  0.38600000E+02  0.37246034E-25  0.12865554E-38
  0.38700000E+02  0.37058212E-25  0.12712424E-38
  0.38800000E+02  0.36871798E-25  0.12573879E-38
  0.38900000E+02  0.36686777E-25  0.12638473E-38
  0.39000000E+02  0.36503137E-25  0.12336907E-38
  0.39100000E+02  0.36320863E-25  0.12527274E-38
  0.39200000E+02  0.36139942E-25  0.12282141E-38
  0.39300000E+02  0.35960360E-25  0.12278388E-38
  0.39400000E+02  0.35782105E-25  0.12287755E-38
  0.39500000E+02  0.35605164E-25  0.12336868E-38
  0.39600000E+02  0.35429524E-25  0.12178199E-38
  0.39700000E+02  0.35255171E-25  0.12075682E-38
  0.39800000E+02  0.35082095E-25  0.11988300E-38
  0.39900000E+02  0.34910281E-25  0.12017029E-38
  0.40000000E+02  0.34739719E-25  0.11840814E-38
