  0.00000000E+00  0.88550025E-23  0.18311365E-36
  0.10000000E+00  0.88516130E-23  0.18282529E-36
  0.20000000E+00  0.88414829E-23  0.18196497E-36
  0.30000000E+00  0.88247247E-23  0.18054672E-36
  0.40000000E+00  0.88015193E-23  0.17859333E-36
  0.50000000E+00  0.87721063E-23  0.17613546E-36
  0.60000000E+00  0.87367725E-23  0.17321048E-36
  0.70000000E+00  0.86958395E-23  0.16986118E-36
  0.80000000E+00  0.86496511E-23  0.16613431E-36
  0.90000000E+00  0.85985626E-23  0.16207916E-36
  0.10000000E+01  0.85429307E-23  0.15774617E-36
  0.11000000E+01  0.84831065E-23  0.15318563E-36
  0.12000000E+01  0.84194297E-23  0.14844664E-36
  0.13000000E+01  0.83522251E-23  0.14357612E-36
  0.14000000E+01  0.82818003E-23  0.13861810E-36
  0.15000000E+01  0.82084452E-23  0.13361320E-36
  0.16000000E+01  0.81324312E-23  0.12859825E-36
  0.17000000E+01  0.80540128E-23  0.12360612E-36
  0.18000000E+01  0.79734277E-23  0.11866565E-36
  0.19000000E+01  0.78908986E-23  0.11380173E-36
  0.20000000E+01  0.78066341E-23  0.10903540E-36
  0.21000000E+01  0.77208300E-23  0.10438413E-36
  0.22000000E+01  0.76336704E-23  0.99862039E-37
  0.23000000E+01  0.75453287E-23  0.95480173E-37
  0.24000000E+01  0.74559687E-23  0.91246849E-37
  0.25000000E+01  0.73657449E-23  0.87167931E-37
  0.26000000E+01  0.72748035E-23  0.83247143E-37
  0.27000000E+01  0.71832828E-23  0.79486351E-37
  0.28000000E+01  0.70913138E-23  0.75885831E-37
  0.29000000E+01  0.69990204E-23  0.72444520E-37
  0.30000000E+01  0.69065197E-23  0.69160242E-37
  0.31000000E+01  0.68139225E-23  0.66029910E-37
  0.32000000E+01  0.67213332E-23  0.63049706E-37
  0.33000000E+01  0.66288503E-23  0.60215242E-37
  0.34000000E+01  0.65365665E-23  0.57521699E-37
  0.35000000E+01  0.64445687E-23  0.54963942E-37
  0.36000000E+01  0.63529385E-23  0.52536629E-37
  0.37000000E+01  0.62617521E-23  0.50234290E-37
  0.38000000E+01  0.61710804E-23  0.48051406E-37
  0.39000000E+01  0.60809894E-23  0.45982463E-37
  0.40000000E+01  0.59915404E-23  0.44022005E-37
  0.41000000E+01  0.59027897E-23  0.42164672E-37
  0.42000000E+01  0.58147894E-23  0.40405232E-37
  0.43000000E+01  0.57275871E-23  0.38738603E-37
  0.44000000E+01  0.56412262E-23  0.37159872E-37
  0.45000000E+01  0.55557463E-23  0.35664309E-37
  0.46000000E+01  0.54711829E-23  0.34247376E-37
  0.47000000E+01  0.53875681E-23  0.32904731E-37
  0.48000000E+01  0.53049305E-23  0.31632229E-37
  0.49000000E+01  0.52232952E-23  0.30425925E-37
  0.50000000E+01  0.51426844E-23  0.29282070E-37
  0.51000000E+01  0.50631173E-23  0.28197108E-37
  0.52000000E+01  0.49846102E-23  0.27167672E-37
  0.53000000E+01  0.49071770E-23  0.26190575E-37
  0.54000000E+01  0.48308287E-23  0.25262808E-37
  0.55000000E+01  0.47555745E-23  0.24381531E-37
  0.56000000E+01  0.46814212E-23  0.23544066E-37
  0.57000000E+01  0.46083734E-23  0.22747890E-37
  0.58000000E+01  0.45364342E-23  0.21990628E-37
  0.59000000E+01  0.44656046E-23  0.21270044E-37
  0.60000000E+01  0.43958841E-23  0.20584036E-37
  0.61000000E+01  0.43272708E-23  0.19930628E-37
  0.62000000E+01  0.42597613E-23  0.19307961E-37
  0.63000000E+01  0.41933509E-23  0.18714291E-37
  0.64000000E+01  0.41280338E-23  0.18147978E-37
  0.65000000E+01  0.40638032E-23  0.17607484E-37
  0.66000000E+01  0.40006511E-23  0.17091361E-37
  0.67000000E+01  0.39385688E-23  0.16598252E-37
  0.68000000E+01  0.38775468E-23  0.16126883E-37
  0.69000000E+01  0.38175746E-23  0.15676056E-37
  0.70000000E+01  0.37586415E-23  0.15244647E-37
  0.71000000E+01  0.37007359E-23  0.14831601E-37
  0.72000000E+01  0.36438457E-23  0.14435926E-37
  0.73000000E+01  0.35879585E-23  0.14056691E-37
  0.74000000E+01  0.35330613E-23  0.13693022E-37
  0.75000000E+01  0.34791410E-23  0.13344095E-37
  0.76000000E+01  0.34261839E-23  0.13009138E-37
  0.77000000E+01  0.33741764E-23  0.12687425E-37
  0.78000000E+01  0.33231044E-23  0.12378274E-37
  0.79000000E+01  0.32729537E-23  0.12081041E-37
  0.80000000E+01  0.32237102E-23  0.11795123E-37
  0.81000000E+01  0.31753592E-23  0.11519950E-37
  0.82000000E+01  0.31278866E-23  0.11254989E-37
  0.83000000E+01  0.30812776E-23  0.10999733E-37
  0.84000000E+01  0.30355179E-23  0.10753710E-37
  0.85000000E+01  0.29905929E-23  0.10516471E-37
  0.86000000E+01  0.29464882E-23  0.10287594E-37
  0.87000000E+01  0.29031894E-23  0.10066683E-37
  0.88000000E+01  0.28606821E-23  0.98533622E-38
  0.89000000E+01  0.28189520E-23  0.96472773E-38
  0.90000000E+01  0.27779852E-23  0.94480946E-38
  0.91000000E+01  0.27377674E-23  0.92554986E-38
  0.92000000E+01  0.26982849E-23  0.90691912E-38
  0.93000000E+01  0.26595239E-23  0.88888907E-38
  0.94000000E+01  0.26214708E-23  0.87143309E-38
  0.95000000E+01  0.25841120E-23  0.85452598E-38
  0.96000000E+01  0.25474345E-23  0.83814390E-38
  0.97000000E+01  0.25114249E-23  0.82226430E-38
  0.98000000E+01  0.24760705E-23  0.80686579E-38
  0.99000000E+01  0.24413585E-23  0.79192813E-38
  0.10000000E+02  0.24072763E-23  0.77743213E-38
  0.10100000E+02  0.23738115E-23  0.76335960E-38
  0.10200000E+02  0.23409519E-23  0.74969326E-38
  0.10300000E+02  0.23086857E-23  0.73641672E-38
  0.10400000E+02  0.22770010E-23  0.72351444E-38
  0.10500000E+02  0.22458862E-23  0.71097163E-38
  0.10600000E+02  0.22153300E-23  0.69877425E-38
  0.10700000E+02  0.21853211E-23  0.68690895E-38
  0.10800000E+02  0.21558487E-23  0.67536302E-38
  0.10900000E+02  0.21269018E-23  0.66412438E-38
  0.11000000E+02  0.20984700E-23  0.65318152E-38
  0.11100000E+02  0.20705428E-23  0.64252350E-38
  0.11200000E+02  0.20431101E-23  0.63213986E-38
  0.11300000E+02  0.20161618E-23  0.62202067E-38
  0.11400000E+02  0.19896883E-23  0.61215642E-38
  0.11500000E+02  0.19636797E-23  0.60253807E-38
  0.11600000E+02  0.19381269E-23  0.59315698E-38
  0.11700000E+02  0.19130204E-23  0.58400490E-38
  0.11800000E+02  0.18883513E-23  0.57507395E-38
  0.11900000E+02  0.18641108E-23  0.56635659E-38
  0.12000000E+02  0.18402901E-23  0.55784563E-38
  0.12100000E+02  0.18168807E-23  0.54953419E-38
  0.12200000E+02  0.17938744E-23  0.54141566E-38
  0.12300000E+02  0.17712629E-23  0.53348376E-38
  0.12400000E+02  0.17490383E-23  0.52573244E-38
  0.12500000E+02  0.17271928E-23  0.51815591E-38
  0.12600000E+02  0.17057188E-23  0.51074864E-38
  0.12700000E+02  0.16846087E-23  0.50350530E-38
  0.12800000E+02  0.16638552E-23  0.49642080E-38
  0.12900000E+02  0.16434511E-23  0.48949025E-38
  0.13000000E+02  0.16233895E-23  0.48270896E-38
  0.13100000E+02  0.16036635E-23  0.47607241E-38
  0.13200000E+02  0.15842663E-23  0.46957628E-38
  0.13300000E+02  0.15651914E-23  0.46321641E-38
  0.13400000E+02  0.15464323E-23  0.45698879E-38
  0.13500000E+02  0.15279828E-23  0.45088959E-38
  0.13600000E+02  0.15098367E-23  0.44491510E-38
  0.13700000E+02  0.14919879E-23  0.43906177E-38
  0.13800000E+02  0.14744306E-23  0.43332616E-38
  0.13900000E+02  0.14571590E-23  0.42770497E-38
  0.14000000E+02  0.14401675E-23  0.42219504E-38
  0.14100000E+02  0.14234506E-23  0.41679328E-38
  0.14200000E+02  0.14070028E-23  0.41149676E-38
  0.14300000E+02  0.13908189E-23  0.40630263E-38
  0.14400000E+02  0.13748937E-23  0.40120813E-38
  0.14500000E+02  0.13592221E-23  0.39621063E-38
  0.14600000E+02  0.13437993E-23  0.39130755E-38
  0.14700000E+02  0.13286204E-23  0.38649644E-38
  0.14800000E+02  0.13136806E-23  0.38177490E-38
  0.14900000E+02  0.12989754E-23  0.37714064E-38
  0.15000000E+02  0.12845002E-23  0.37259142E-38
  0.15100000E+02  0.12702506E-23  0.36812511E-38
  0.15200000E+02  0.12562223E-23  0.36373960E-38
  0.15300000E+02  0.12424109E-23  0.35943290E-38
  0.15400000E+02  0.12288125E-23  0.35520305E-38
  0.15500000E+02  0.12154228E-23  0.35104818E-38
  0.15600000E+02  0.12022381E-23  0.34696645E-38
  0.15700000E+02  0.11892543E-23  0.34295610E-38
  0.15800000E+02  0.11764677E-23  0.33901543E-38
  0.15900000E+02  0.11638745E-23  0.33514277E-38
  0.16000000E+02  0.11514712E-23  0.33133651E-38
  0.16100000E+02  0.11392542E-23  0.32759511E-38
  0.16200000E+02  0.11272200E-23  0.32391705E-38
  0.16300000E+02  0.11153652E-23  0.32030087E-38
  0.16400000E+02  0.11036864E-23  0.31674515E-38
  0.16500000E+02  0.10921804E-23  0.31324852E-38
  0.16600000E+02  0.10808441E-23  0.30980963E-38
  0.16700000E+02  0.10696742E-23  0.30642719E-38
  0.16800000E+02  0.10586678E-23  0.30309995E-38
  0.16900000E+02  0.10478218E-23  0.29982667E-38
  0.17000000E+02  0.10371333E-23  0.29660617E-38
  0.17100000E+02  0.10265995E-23  0.29343730E-38
  0.17200000E+02  0.10162175E-23  0.29031893E-38
  0.17300000E+02  0.10059846E-23  0.28724998E-38
  0.17400000E+02  0.99589810E-24  0.28422939E-38
  0.17500000E+02  0.98595539E-24  0.28125612E-38
  0.17600000E+02  0.97615388E-24  0.27832917E-38
  0.17700000E+02  0.96649105E-24  0.27544757E-38
  0.17800000E+02  0.95696443E-24  0.27261038E-38
  0.17900000E+02  0.94757160E-24  0.26981666E-38
  0.18000000E+02  0.93831018E-24  0.26706553E-38
  0.18100000E+02  0.92917787E-24  0.26435610E-38
  0.18200000E+02  0.92017238E-24  0.26168752E-38
  0.18300000E+02  0.91129151E-24  0.25905897E-38
  0.18400000E+02  0.90253306E-24  0.25646965E-38
  0.18500000E+02  0.89389490E-24  0.25391875E-38
  0.18600000E+02  0.88537495E-24  0.25140553E-38
  0.18700000E+02  0.87697115E-24  0.24892922E-38
  0.18800000E+02  0.86868150E-24  0.24648911E-38
  0.18900000E+02  0.86050404E-24  0.24408448E-38
  0.19000000E+02  0.85243685E-24  0.24171464E-38
  0.19100000E+02  0.84447802E-24  0.23937892E-38
  0.19200000E+02  0.83662573E-24  0.23707666E-38
  0.19300000E+02  0.82887815E-24  0.23480722E-38
  0.19400000E+02  0.82123352E-24  0.23256997E-38
  0.19500000E+02  0.81369009E-24  0.23036431E-38
  0.19600000E+02  0.80624617E-24  0.22818963E-38
  0.19700000E+02  0.79890007E-24  0.22604536E-38
  0.19800000E+02  0.79165017E-24  0.22393092E-38
  0.19900000E+02  0.78449486E-24  0.22184577E-38
  0.20000000E+02  0.77743258E-24  0.21978936E-38
  0.20100000E+02  0.77046177E-24  0.21776117E-38
  0.20200000E+02  0.76358092E-24  0.21576067E-38
  0.20300000E+02  0.75678857E-24  0.21378737E-38
  0.20400000E+02  0.75008324E-24  0.21184077E-38
  0.20500000E+02  0.74346353E-24  0.20992039E-38
  0.20600000E+02  0.73692803E-24  0.20802576E-38
  0.20700000E+02  0.73047538E-24  0.20615642E-38
  0.20800000E+02  0.72410423E-24  0.20431192E-38
  0.20900000E+02  0.71781327E-24  0.20249182E-38
  0.21000000E+02  0.71160120E-24  0.20069570E-38
  0.21100000E+02  0.70546676E-24  0.19892313E-38
  0.21200000E+02  0.69940871E-24  0.19717370E-38
  0.21300000E+02  0.69342582E-24  0.19544702E-38
  0.21400000E+02  0.68751692E-24  0.19374268E-38
  0.21500000E+02  0.68168081E-24  0.19206031E-38
  0.21600000E+02  0.67591635E-24  0.19039953E-38
  0.21700000E+02  0.67022242E-24  0.18875997E-38
  0.21800000E+02  0.66459791E-24  0.18714127E-38
  0.21900000E+02  0.65904173E-24  0.18554308E-38
  0.22000000E+02  0.65355281E-24  0.18396505E-38
  0.22100000E+02  0.64813011E-24  0.18240686E-38
  0.22200000E+02  0.64277260E-24  0.18086816E-38
  0.22300000E+02  0.63747928E-24  0.17934864E-38
  0.22400000E+02  0.63224916E-24  0.17784797E-38
  0.22500000E+02  0.62708126E-24  0.17636585E-38
  0.22600000E+02  0.62197464E-24  0.17490198E-38
  0.22700000E+02  0.61692835E-24  0.17345605E-38
  0.22800000E+02  0.61194149E-24  0.17202778E-38
  0.22900000E+02  0.60701315E-24  0.17061687E-38
  0.23000000E+02  0.60214245E-24  0.16922306E-38
  0.23100000E+02  0.59732851E-24  0.16784607E-38
  0.23200000E+02  0.59257049E-24  0.16648562E-38
  0.23300000E+02  0.58786755E-24  0.16514146E-38
  0.23400000E+02  0.58321886E-24  0.16381332E-38
  0.23500000E+02  0.57862363E-24  0.16250096E-38
  0.23600000E+02  0.57408105E-24  0.16120413E-38
  0.23700000E+02  0.56959034E-24  0.15992258E-38
  0.23800000E+02  0.56515075E-24  0.15865607E-38
  0.23900000E+02  0.56076152E-24  0.15740438E-38
  0.24000000E+02  0.55642192E-24  0.15616727E-38
  0.24100000E+02  0.55213121E-24  0.15494452E-38
  0.24200000E+02  0.54788869E-24  0.15373591E-38
  0.24300000E+02  0.54369366E-24  0.15254122E-38
  0.24400000E+02  0.53954543E-24  0.15136024E-38
  0.24500000E+02  0.53544333E-24  0.15019277E-38
  0.24600000E+02  0.53138669E-24  0.14903859E-38
  0.24700000E+02  0.52737485E-24  0.14789752E-38
  0.24800000E+02  0.52340719E-24  0.14676934E-38
  0.24900000E+02  0.51948307E-24  0.14565388E-38
  0.25000000E+02  0.51560187E-24  0.14455093E-38
  0.25100000E+02  0.51176298E-24  0.14346032E-38
  0.25200000E+02  0.50796581E-24  0.14238187E-38
  0.25300000E+02  0.50420977E-24  0.14131539E-38
  0.25400000E+02  0.50049428E-24  0.14026071E-38
  0.25500000E+02  0.49681878E-24  0.13921765E-38
  0.25600000E+02  0.49318270E-24  0.13818606E-38
  0.25700000E+02  0.48958550E-24  0.13716575E-38
  0.25800000E+02  0.48602664E-24  0.13615657E-38
  0.25900000E+02  0.48250559E-24  0.13515837E-38
  0.26000000E+02  0.47902183E-24  0.13417097E-38
  0.26100000E+02  0.47557484E-24  0.13319423E-38
  0.26200000E+02  0.47216413E-24  0.13222799E-38
  0.26300000E+02  0.46878919E-24  0.13127211E-38
  0.26400000E+02  0.46544954E-24  0.13032644E-38
  0.26500000E+02  0.46214470E-24  0.12939083E-38
  0.26600000E+02  0.45887419E-24  0.12846515E-38
  0.26700000E+02  0.45563757E-24  0.12754926E-38
  0.26800000E+02  0.45243436E-24  0.12664301E-38
  0.26900000E+02  0.44926412E-24  0.12574628E-38
  0.27000000E+02  0.44612641E-24  0.12485893E-38
  0.27100000E+02  0.44302080E-24  0.12398083E-38
  0.27200000E+02  0.43994686E-24  0.12311186E-38
  0.27300000E+02  0.43690416E-24  0.12225190E-38
  0.27400000E+02  0.43389230E-24  0.12140081E-38
  0.27500000E+02  0.43091087E-24  0.12055847E-38
  0.27600000E+02  0.42795947E-24  0.11972478E-38
  0.27700000E+02  0.42503770E-24  0.11889961E-38
  0.27800000E+02  0.42214519E-24  0.11808285E-38
  0.27900000E+02  0.41928153E-24  0.11727438E-38
  0.28000000E+02  0.41644637E-24  0.11647409E-38
  0.28100000E+02  0.41363933E-24  0.11568188E-38
  0.28200000E+02  0.41086005E-24  0.11489763E-38
  0.28300000E+02  0.40810817E-24  0.11412124E-38
  0.28400000E+02  0.40538334E-24  0.11335261E-38
  0.28500000E+02  0.40268522E-24  0.11259164E-38
  0.28600000E+02  0.40001345E-24  0.11183822E-38
  0.28700000E+02  0.39736772E-24  0.11109226E-38
  0.28800000E+02  0.39474767E-24  0.11035365E-38
  0.28900000E+02  0.39215300E-24  0.10962230E-38
  0.29000000E+02  0.38958338E-24  0.10889813E-38
  0.29100000E+02  0.38703849E-24  0.10818103E-38
  0.29200000E+02  0.38451802E-24  0.10747091E-38
  0.29300000E+02  0.38202167E-24  0.10676769E-38
  0.29400000E+02  0.37954914E-24  0.10607128E-38
  0.29500000E+02  0.37710013E-24  0.10538158E-38
  0.29600000E+02  0.37467435E-24  0.10469852E-38
  0.29700000E+02  0.37227151E-24  0.10402201E-38
  0.29800000E+02  0.36989132E-24  0.10335197E-38
  0.29900000E+02  0.36753351E-24  0.10268831E-38
  0.30000000E+02  0.36519781E-24  0.10203096E-38
  0.30100000E+02  0.36288394E-24  0.10137984E-38
  0.30200000E+02  0.36059164E-24  0.10073486E-38
  0.30300000E+02  0.35832064E-24  0.10009596E-38
  0.30400000E+02  0.35607068E-24  0.99463048E-39
  0.30500000E+02  0.35384151E-24  0.98836064E-39
  0.30600000E+02  0.35163289E-24  0.98214929E-39
  0.30700000E+02  0.34944455E-24  0.97599572E-39
  0.30800000E+02  0.34727626E-24  0.96989921E-39
  0.30900000E+02  0.34512779E-24  0.96385908E-39
  0.31000000E+02  0.34299888E-24  0.95787462E-39
  0.31100000E+02  0.34088931E-24  0.95194518E-39
  0.31200000E+02  0.33879884E-24  0.94607007E-39
  0.31300000E+02  0.33672726E-24  0.94024864E-39
  0.31400000E+02  0.33467434E-24  0.93448025E-39
  0.31500000E+02  0.33263986E-24  0.92876426E-39
  0.31600000E+02  0.33062360E-24  0.92310004E-39
  0.31700000E+02  0.32862535E-24  0.91748697E-39
  0.31800000E+02  0.32664489E-24  0.91192445E-39
  0.31900000E+02  0.32468203E-24  0.90641187E-39
  0.32000000E+02  0.32273655E-24  0.90094864E-39
  0.32100000E+02  0.32080826E-24  0.89553418E-39
  0.32200000E+02  0.31889695E-24  0.89016792E-39
  0.32300000E+02  0.31700243E-24  0.88484928E-39
  0.32400000E+02  0.31512451E-24  0.87957772E-39
  0.32500000E+02  0.31326299E-24  0.87435268E-39
  0.32600000E+02  0.31141769E-24  0.86917362E-39
  0.32700000E+02  0.30958843E-24  0.86404000E-39
  0.32800000E+02  0.30777501E-24  0.85895131E-39
  0.32900000E+02  0.30597727E-24  0.85390702E-39
  0.33000000E+02  0.30419502E-24  0.84890662E-39
  0.33100000E+02  0.30242809E-24  0.84394961E-39
  0.33200000E+02  0.30067630E-24  0.83903549E-39
  0.33300000E+02  0.29893949E-24  0.83416378E-39
  0.33400000E+02  0.29721749E-24  0.82933398E-39
  0.33500000E+02  0.29551012E-24  0.82454562E-39
  0.33600000E+02  0.29381724E-24  0.81979824E-39
  0.33700000E+02  0.29213868E-24  0.81509138E-39
  0.33800000E+02  0.29047427E-24  0.81042456E-39
  0.33900000E+02  0.28882386E-24  0.80579735E-39
  0.34000000E+02  0.28718731E-24  0.80120931E-39
  0.34100000E+02  0.28556445E-24  0.79665999E-39
  0.34200000E+02  0.28395513E-24  0.79214896E-39
  0.34300000E+02  0.28235921E-24  0.78767581E-39
  0.34400000E+02  0.28077654E-24  0.78324010E-39
  0.34500000E+02  0.27920698E-24  0.77884142E-39
  0.34600000E+02  0.27765038E-24  0.77447938E-39
  0.34700000E+02  0.27610660E-24  0.77015356E-39
  0.34800000E+02  0.27457551E-24  0.76586356E-39
  0.34900000E+02  0.27305696E-24  0.76160901E-39
  0.35000000E+02  0.27155083E-24  0.75738950E-39
  0.35100000E+02  0.27005698E-24  0.75320466E-39
  0.35200000E+02  0.26857527E-24  0.74905412E-39
  0.35300000E+02  0.26710558E-24  0.74493749E-39
  0.35400000E+02  0.26564778E-24  0.74085443E-39
  0.35500000E+02  0.26420175E-24  0.73680456E-39
  0.35600000E+02  0.26276736E-24  0.73278752E-39
  0.35700000E+02  0.26134448E-24  0.72880298E-39
  0.35800000E+02  0.25993299E-24  0.72485058E-39
  0.35900000E+02  0.25853278E-24  0.72092997E-39
  0.36000000E+02  0.25714372E-24  0.71704083E-39
  0.36100000E+02  0.25576571E-24  0.71318281E-39
  0.36200000E+02  0.25439862E-24  0.70935559E-39
  0.36300000E+02  0.25304234E-24  0.70555885E-39
  0.36400000E+02  0.25169676E-24  0.70179226E-39
  0.36500000E+02  0.25036176E-24  0.69805550E-39
  0.36600000E+02  0.24903724E-24  0.69434828E-39
  0.36700000E+02  0.24772309E-24  0.69067027E-39
  0.36800000E+02  0.24641921E-24  0.68702117E-39
  0.36900000E+02  0.24512548E-24  0.68340069E-39
  0.37000000E+02  0.24384180E-24  0.67980852E-39
  0.37100000E+02  0.24256807E-24  0.67624438E-39
  0.37200000E+02  0.24130420E-24  0.67270798E-39
  0.37300000E+02  0.24005007E-24  0.66919902E-39
  0.37400000E+02  0.23880559E-24  0.66571724E-39
  0.37500000E+02  0.23757067E-24  0.66226235E-39
  0.37600000E+02  0.23634520E-24  0.65883407E-39
  0.37700000E+02  0.23512909E-24  0.65543215E-39
  0.37800000E+02  0.23392225E-24  0.65205630E-39
  0.37900000E+02  0.23272458E-24  0.64870626E-39
  0.38000000E+02  0.23153599E-24  0.64538178E-39
  0.38100000E+02  0.23035640E-24  0.64208260E-39
  0.38200000E+02  0.22918570E-24  0.63880846E-39
  0.38300000E+02  0.22802382E-24  0.63555912E-39
  0.38400000E+02  0.22687067E-24  0.63233431E-39
  0.38500000E+02  0.22572615E-24  0.62913381E-39
  0.38600000E+02  0.22459019E-24  0.62595736E-39
  0.38700000E+02  0.22346270E-24  0.62280473E-39
  0.38800000E+02  0.22234360E-24  0.61967568E-39
  0.38900000E+02  0.22123280E-24  0.61656999E-39
  0.39000000E+02  0.22013022E-24  0.61348741E-39
  0.39100000E+02  0.21903579E-24  0.61042772E-39
  0.39200000E+02  0.21794943E-24  0.60739070E-39
  0.39300000E+02  0.21687105E-24  0.60437612E-39
  0.39400000E+02  0.21580058E-24  0.60138377E-39
  0.39500000E+02  0.21473794E-24  0.59841343E-39
  0.39600000E+02  0.21368306E-24  0.59546489E-39
  0.39700000E+02  0.21263586E-24  0.59253793E-39
  0.39800000E+02  0.21159627E-24  0.58963234E-39
  0.39900000E+02  0.21056421E-24  0.58674793E-39
  0.40000000E+02  0.20953962E-24  0.58388448E-39
