  0.00000000E+00  0.54612458E-20 -0.21923711E-35
  0.10000000E+00  0.44913288E-20 -0.22014025E-35
  0.20000000E+00  0.37902652E-20 -0.19197096E-35
  0.30000000E+00  0.33630176E-20 -0.18217003E-35
  0.40000000E+00  0.30547708E-20 -0.15065901E-35
  0.50000000E+00  0.28135339E-20 -0.16840481E-35
  0.60000000E+00  0.26155422E-20 -0.16771049E-35
  0.70000000E+00  0.24473089E-20 -0.14922702E-35
  0.80000000E+00  0.23004136E-20 -0.13962443E-35
  0.90000000E+00  0.21693907E-20 -0.14486006E-35
  0.10000000E+01  0.20506273E-20 -0.13695449E-35
  0.11000000E+01  0.19417029E-20 -0.13014667E-35
  0.12000000E+01  0.18409694E-20 -0.12723208E-35
  0.13000000E+01  0.17472794E-20 -0.12095482E-35
  0.14000000E+01  0.16598081E-20 -0.10345776E-35
  0.15000000E+01  0.15779390E-20 -0.10546150E-35
  0.16000000E+01  0.15011893E-20 -0.10901049E-35
  0.17000000E+01  0.14291635E-20 -0.10387960E-35
  0.18000000E+01  0.13615237E-20 -0.95840765E-36
  0.19000000E+01  0.12979710E-20 -0.87335064E-36
  0.20000000E+01  0.12382350E-20 -0.74761649E-36
  0.21000000E+01  0.11820664E-20 -0.77968624E-36
  0.22000000E+01  0.11292332E-20 -0.75847713E-36
  0.23000000E+01  0.10795184E-20 -0.69706473E-36
  0.24000000E+01  0.10327185E-20 -0.69141664E-36
  0.25000000E+01  0.98864230E-21 -0.65025948E-36
  0.26000000E+01  0.94711051E-21 -0.60076854E-36
  0.27000000E+01  0.90795506E-21 -0.55390393E-36
  0.28000000E+01  0.87101868E-21 -0.56585048E-36
  0.29000000E+01  0.83615434E-21 -0.51545589E-36
  0.30000000E+01  0.80322484E-21 -0.48352221E-36
  0.31000000E+01  0.77210228E-21 -0.48456249E-36
  0.32000000E+01  0.74266757E-21 -0.45245137E-36
  0.33000000E+01  0.71480990E-21 -0.45075626E-36
  0.34000000E+01  0.68842626E-21 -0.40674925E-36
  0.35000000E+01  0.66342095E-21 -0.42454412E-36
  0.36000000E+01  0.63970508E-21 -0.40229762E-36
  0.37000000E+01  0.61719611E-21 -0.37480189E-36
  0.38000000E+01  0.59581742E-21 -0.35608099E-36
  0.39000000E+01  0.57549787E-21 -0.33984727E-36
  0.40000000E+01  0.55617142E-21 -0.33481117E-36
  0.41000000E+01  0.53777673E-21 -0.32358115E-36
  0.42000000E+01  0.52025683E-21 -0.30107695E-36
  0.43000000E+01  0.50355880E-21 -0.29113374E-36
  0.44000000E+01  0.48763343E-21 -0.29016055E-36
  0.45000000E+01  0.47243497E-21 -0.27491424E-36
  0.46000000E+01  0.45792085E-21 -0.27403909E-36
  0.47000000E+01  0.44405146E-21 -0.25777604E-36
  0.48000000E+01  0.43078990E-21 -0.24320758E-36
  0.49000000E+01  0.41810177E-21 -0.23279039E-36
  0.50000000E+01  0.40595501E-21 -0.23885021E-36
  0.51000000E+01  0.39431971E-21 -0.21103697E-36
  0.52000000E+01  0.38316793E-21 -0.20709380E-36
  0.53000000E+01  0.37247358E-21 -0.18921294E-36
  0.54000000E+01  0.36221226E-21 -0.20187071E-36
  0.55000000E+01  0.35236116E-21 -0.17482500E-36
  0.56000000E+01  0.34289891E-21 -0.18163705E-36
  0.57000000E+01  0.33380550E-21 -0.18602871E-36
  0.58000000E+01  0.32506217E-21 -0.16747670E-36
  0.59000000E+01  0.31665133E-21 -0.16170029E-36
  0.60000000E+01  0.30855646E-21 -0.17195239E-36
  0.61000000E+01  0.30076205E-21 -0.14512586E-36
  0.62000000E+01  0.29325353E-21 -0.15398663E-36
  0.63000000E+01  0.28601717E-21 -0.14407690E-36
  0.64000000E+01  0.27904008E-21 -0.13979065E-36
  0.65000000E+01  0.27231010E-21 -0.14299745E-36
  0.66000000E+01  0.26581577E-21 -0.14778013E-36
  0.67000000E+01  0.25954629E-21 -0.13517920E-36
  0.68000000E+01  0.25349148E-21 -0.13002698E-36
  0.69000000E+01  0.24764171E-21 -0.12122562E-36
  0.70000000E+01  0.24198789E-21 -0.11748967E-36
  0.71000000E+01  0.23652143E-21 -0.11663163E-36
  0.72000000E+01  0.23123420E-21 -0.11337632E-36
  0.73000000E+01  0.22611850E-21 -0.10987052E-36
  0.74000000E+01  0.22116705E-21 -0.10684597E-36
  0.75000000E+01  0.21637295E-21 -0.10910428E-36
  0.76000000E+01  0.21172966E-21 -0.10329134E-36
  0.77000000E+01  0.20723095E-21 -0.96390855E-37
  0.78000000E+01  0.20287095E-21 -0.95397422E-37
  0.79000000E+01  0.19864406E-21 -0.91762066E-37
  0.80000000E+01  0.19454495E-21 -0.93122923E-37
  0.81000000E+01  0.19056859E-21 -0.93726265E-37
  0.82000000E+01  0.18671015E-21 -0.87317026E-37
  0.83000000E+01  0.18296507E-21 -0.89464741E-37
  0.84000000E+01  0.17932898E-21 -0.87381308E-37
  0.85000000E+01  0.17579776E-21 -0.79832392E-37
  0.86000000E+01  0.17236743E-21 -0.83364323E-37
  0.87000000E+01  0.16903423E-21 -0.76978440E-37
  0.88000000E+01  0.16579458E-21 -0.80569296E-37
  0.89000000E+01  0.16264503E-21 -0.75255131E-37
  0.90000000E+01  0.15958231E-21 -0.74170000E-37
  0.91000000E+01  0.15660331E-21 -0.70709717E-37
  0.92000000E+01  0.15370502E-21 -0.70701408E-37
  0.93000000E+01  0.15088459E-21 -0.66486052E-37
  0.94000000E+01  0.14813929E-21 -0.62844445E-37
  0.95000000E+01  0.14546651E-21 -0.66000525E-37
  0.96000000E+01  0.14286375E-21 -0.63042086E-37
  0.97000000E+01  0.14032861E-21 -0.60612970E-37
  0.98000000E+01  0.13785880E-21 -0.62688281E-37
  0.99000000E+01  0.13545212E-21 -0.61618542E-37
  0.10000000E+02  0.13310647E-21 -0.57312067E-37
  0.10100000E+02  0.13081982E-21 -0.56130951E-37
  0.10200000E+02  0.12859025E-21 -0.56286495E-37
  0.10300000E+02  0.12641588E-21 -0.56535079E-37
  0.10400000E+02  0.12429495E-21 -0.52335288E-37
  0.10500000E+02  0.12222573E-21 -0.57342298E-37
  0.10600000E+02  0.12020658E-21 -0.48160415E-37
  0.10700000E+02  0.11823592E-21 -0.52247363E-37
  0.10800000E+02  0.11631223E-21 -0.52597513E-37
  0.10900000E+02  0.11443406E-21 -0.49439911E-37
  0.11000000E+02  0.11259999E-21 -0.47562907E-37
  0.11100000E+02  0.11080868E-21 -0.50176568E-37
  0.11200000E+02  0.10905882E-21 -0.51524141E-37
  0.11300000E+02  0.10734917E-21 -0.44885012E-37
  0.11400000E+02  0.10567852E-21 -0.43574420E-37
  0.11500000E+02  0.10404570E-21 -0.43150837E-37
  0.11600000E+02  0.10244962E-21 -0.43126601E-37
  0.11700000E+02  0.10088917E-21 -0.44811100E-37
  0.11800000E+02  0.99363338E-22 -0.44671662E-37
  0.11900000E+02  0.97871109E-22 -0.40285623E-37
  0.12000000E+02  0.96411521E-22 -0.41216519E-37
  0.12100000E+02  0.94983643E-22 -0.39822895E-37
  0.12200000E+02  0.93586577E-22 -0.37645201E-37
  0.12300000E+02  0.92219456E-22 -0.38697111E-37
  0.12400000E+02  0.90881442E-22 -0.38000522E-37
  0.12500000E+02  0.89571728E-22 -0.38517214E-37
  0.12600000E+02  0.88289532E-22 -0.36370425E-37
  0.12700000E+02  0.87034100E-22 -0.33043261E-37
  0.12800000E+02  0.85804705E-22 -0.34496900E-37
  0.12900000E+02  0.84600641E-22 -0.33449200E-37
  0.13000000E+02  0.83421227E-22 -0.36282923E-37
  0.13100000E+02  0.82265806E-22 -0.35095738E-37
  0.13200000E+02  0.81133740E-22 -0.29321064E-37
  0.13300000E+02  0.80024414E-22 -0.33116783E-37
  0.13400000E+02  0.78937232E-22 -0.32289802E-37
  0.13500000E+02  0.77871616E-22 -0.28545445E-37
  0.13600000E+02  0.76827009E-22 -0.30233834E-37
  0.13700000E+02  0.75802870E-22 -0.32719522E-37
  0.13800000E+02  0.74798676E-22 -0.29041574E-37
  0.13900000E+02  0.73813919E-22 -0.28636789E-37
  0.14000000E+02  0.72848109E-22 -0.30134865E-37
  0.14100000E+02  0.71900770E-22 -0.30336109E-37
  0.14200000E+02  0.70971441E-22 -0.27302034E-37
  0.14300000E+02  0.70059674E-22 -0.27541988E-37
  0.14400000E+02  0.69165037E-22 -0.25507990E-37
  0.14500000E+02  0.68287109E-22 -0.26831801E-37
  0.14600000E+02  0.67425482E-22 -0.26062188E-37
  0.14700000E+02  0.66579762E-22 -0.24833914E-37
  0.14800000E+02  0.65749565E-22 -0.24770402E-37
  0.14900000E+02  0.64934518E-22 -0.26305068E-37
  0.15000000E+02  0.64134261E-22 -0.24508468E-37
  0.15100000E+02  0.63348443E-22 -0.25365874E-37
  0.15200000E+02  0.62576724E-22 -0.23739775E-37
  0.15300000E+02  0.61818772E-22 -0.24702264E-37
  0.15400000E+02  0.61074268E-22 -0.25037158E-37
  0.15500000E+02  0.60342899E-22 -0.21381964E-37
  0.15600000E+02  0.59624363E-22 -0.24023689E-37
  0.15700000E+02  0.58918365E-22 -0.23126579E-37
  0.15800000E+02  0.58224619E-22 -0.22313453E-37
  0.15900000E+02  0.57542847E-22 -0.21846078E-37
  0.16000000E+02  0.56872779E-22 -0.20999802E-37
  0.16100000E+02  0.56214153E-22 -0.21145703E-37
  0.16200000E+02  0.55566713E-22 -0.20617264E-37
  0.16300000E+02  0.54930210E-22 -0.19738814E-37
  0.16400000E+02  0.54304402E-22 -0.21085962E-37
  0.16500000E+02  0.53689056E-22 -0.20740629E-37
  0.16600000E+02  0.53083941E-22 -0.19649558E-37
  0.16700000E+02  0.52488836E-22 -0.20179818E-37
  0.16800000E+02  0.51903524E-22 -0.19578508E-37
  0.16900000E+02  0.51327793E-22 -0.18304209E-37
  0.17000000E+02  0.50761439E-22 -0.19691332E-37
  0.17100000E+02  0.50204262E-22 -0.18723387E-37
  0.17200000E+02  0.49656068E-22 -0.19814812E-37
  0.17300000E+02  0.49116665E-22 -0.16789954E-37
  0.17400000E+02  0.48585871E-22 -0.17651472E-37
  0.17500000E+02  0.48063505E-22 -0.17452846E-37
  0.17600000E+02  0.47549392E-22 -0.18186033E-37
  0.17700000E+02  0.47043361E-22 -0.17417107E-37
  0.17800000E+02  0.46545246E-22 -0.18602569E-37
  0.17900000E+02  0.46054885E-22 -0.17150978E-37
  0.18000000E+02  0.45572119E-22 -0.16167184E-37
  0.18100000E+02  0.45096795E-22 -0.16868447E-37
  0.18200000E+02  0.44628762E-22 -0.16827996E-37
  0.18300000E+02  0.44167874E-22 -0.16450238E-37
  0.18400000E+02  0.43713987E-22 -0.17080510E-37
  0.18500000E+02  0.43266963E-22 -0.16369581E-37
  0.18600000E+02  0.42826665E-22 -0.16357211E-37
  0.18700000E+02  0.42392961E-22 -0.15561476E-37
  0.18800000E+02  0.41965721E-22 -0.15032739E-37
  0.18900000E+02  0.41544819E-22 -0.15646428E-37
  0.19000000E+02  0.41130132E-22 -0.16359955E-37
  0.19100000E+02  0.40721539E-22 -0.14743830E-37
  0.19200000E+02  0.40318923E-22 -0.15115042E-37
  0.19300000E+02  0.39922170E-22 -0.14820407E-37
  0.19400000E+02  0.39531167E-22 -0.13498442E-37
  0.19500000E+02  0.39145805E-22 -0.15063416E-37
  0.19600000E+02  0.38765977E-22 -0.14427221E-37
  0.19700000E+02  0.38391580E-22 -0.13641664E-37
  0.19800000E+02  0.38022511E-22 -0.15109114E-37
  0.19900000E+02  0.37658670E-22 -0.13831689E-37
  0.20000000E+02  0.37299961E-22 -0.13923151E-37
  0.20100000E+02  0.36946289E-22 -0.13795345E-37
  0.20200000E+02  0.36597560E-22 -0.13220314E-37
  0.20300000E+02  0.36253684E-22 -0.12985263E-37
  0.20400000E+02  0.35914573E-22 -0.13303693E-37
  0.20500000E+02  0.35580139E-22 -0.12940818E-37
  0.20600000E+02  0.35250299E-22 -0.13359671E-37
  0.20700000E+02  0.34924969E-22 -0.12111906E-37
  0.20800000E+02  0.34604068E-22 -0.12076522E-37
  0.20900000E+02  0.34287517E-22 -0.11961734E-37
  0.21000000E+02  0.33975238E-22 -0.12618001E-37
  0.21100000E+02  0.33667157E-22 -0.12012919E-37
  0.21200000E+02  0.33363198E-22 -0.12269523E-37
  0.21300000E+02  0.33063290E-22 -0.11856083E-37
  0.21400000E+02  0.32767361E-22 -0.11454605E-37
  0.21500000E+02  0.32475342E-22 -0.10938394E-37
  0.21600000E+02  0.32187165E-22 -0.11782554E-37
  0.21700000E+02  0.31902764E-22 -0.11479588E-37
  0.21800000E+02  0.31622074E-22 -0.11141285E-37
  0.21900000E+02  0.31345030E-22 -0.10706907E-37
  0.22000000E+02  0.31071572E-22 -0.10526839E-37
  0.22100000E+02  0.30801637E-22 -0.11412472E-37
  0.22200000E+02  0.30535167E-22 -0.10994171E-37
  0.22300000E+02  0.30272102E-22 -0.10926923E-37
  0.22400000E+02  0.30012386E-22 -0.10613567E-37
  0.22500000E+02  0.29755963E-22 -0.10603018E-37
  0.22600000E+02  0.29502777E-22 -0.10572572E-37
  0.22700000E+02  0.29252774E-22 -0.96599870E-38
  0.22800000E+02  0.29005903E-22 -0.10488986E-37
  0.22900000E+02  0.28762111E-22 -0.10049841E-37
  0.23000000E+02  0.28521349E-22 -0.98089325E-38
  0.23100000E+02  0.28283566E-22 -0.10842779E-37
  0.23200000E+02  0.28048714E-22 -0.97740641E-38
  0.23300000E+02  0.27816746E-22 -0.90003375E-38
  0.23400000E+02  0.27587614E-22 -0.10082951E-37
  0.23500000E+02  0.27361274E-22 -0.97284961E-38
  0.23600000E+02  0.27137681E-22 -0.97010331E-38
  0.23700000E+02  0.26916790E-22 -0.92915313E-38
  0.23800000E+02  0.26698559E-22 -0.90810189E-38
  0.23900000E+02  0.26482945E-22 -0.92176905E-38
  0.24000000E+02  0.26269907E-22 -0.98489319E-38
  0.24100000E+02  0.26059406E-22 -0.90193860E-38
  0.24200000E+02  0.25851400E-22 -0.88041178E-38
  0.24300000E+02  0.25645851E-22 -0.86072423E-38
  0.24400000E+02  0.25442721E-22 -0.89718523E-38
  0.24500000E+02  0.25241973E-22 -0.89462935E-38
  0.24600000E+02  0.25043569E-22 -0.88873114E-38
  0.24700000E+02  0.24847473E-22 -0.89589674E-38
  0.24800000E+02  0.24653651E-22 -0.87886437E-38
  0.24900000E+02  0.24462067E-22 -0.84352435E-38
  0.25000000E+02  0.24272687E-22 -0.89360819E-38
  0.25100000E+02  0.24085479E-22 -0.86747670E-38
  0.25200000E+02  0.23900408E-22 -0.79856946E-38
  0.25300000E+02  0.23717444E-22 -0.83243451E-38
  0.25400000E+02  0.23536554E-22 -0.92593447E-38
  0.25500000E+02  0.23357708E-22 -0.81979560E-38
  0.25600000E+02  0.23180875E-22 -0.84402648E-38
  0.25700000E+02  0.23006024E-22 -0.83322588E-38
  0.25800000E+02  0.22833128E-22 -0.85808474E-38
  0.25900000E+02  0.22662157E-22 -0.81322588E-38
  0.26000000E+02  0.22493083E-22 -0.77976097E-38
  0.26100000E+02  0.22325878E-22 -0.76126176E-38
  0.26200000E+02  0.22160514E-22 -0.77602820E-38
  0.26300000E+02  0.21996966E-22 -0.77267611E-38
  0.26400000E+02  0.21835207E-22 -0.71073724E-38
  0.26500000E+02  0.21675211E-22 -0.78361365E-38
  0.26600000E+02  0.21516953E-22 -0.72431226E-38
  0.26700000E+02  0.21360407E-22 -0.73648837E-38
  0.26800000E+02  0.21205550E-22 -0.75392483E-38
  0.26900000E+02  0.21052357E-22 -0.74246256E-38
  0.27000000E+02  0.20900806E-22 -0.72092110E-38
  0.27100000E+02  0.20750872E-22 -0.74077869E-38
  0.27200000E+02  0.20602532E-22 -0.69520693E-38
  0.27300000E+02  0.20455766E-22 -0.68840366E-38
  0.27400000E+02  0.20310549E-22 -0.74441347E-38
  0.27500000E+02  0.20166862E-22 -0.73470440E-38
  0.27600000E+02  0.20024683E-22 -0.68730819E-38
  0.27700000E+02  0.19883990E-22 -0.66971233E-38
  0.27800000E+02  0.19744763E-22 -0.65075290E-38
  0.27900000E+02  0.19606983E-22 -0.70973141E-38
  0.28000000E+02  0.19470629E-22 -0.70003243E-38
  0.28100000E+02  0.19335682E-22 -0.68635180E-38
  0.28200000E+02  0.19202123E-22 -0.65926368E-38
  0.28300000E+02  0.19069932E-22 -0.68000113E-38
  0.28400000E+02  0.18939092E-22 -0.66377019E-38
  0.28500000E+02  0.18809584E-22 -0.69929325E-38
  0.28600000E+02  0.18681390E-22 -0.67895086E-38
  0.28700000E+02  0.18554493E-22 -0.66726428E-38
  0.28800000E+02  0.18428875E-22 -0.69234760E-38
  0.28900000E+02  0.18304520E-22 -0.66419920E-38
  0.29000000E+02  0.18181410E-22 -0.59466071E-38
  0.29100000E+02  0.18059529E-22 -0.61242844E-38
  0.29200000E+02  0.17938861E-22 -0.62983085E-38
  0.29300000E+02  0.17819390E-22 -0.60820074E-38
  0.29400000E+02  0.17701100E-22 -0.60889584E-38
  0.29500000E+02  0.17583976E-22 -0.61445222E-38
  0.29600000E+02  0.17468003E-22 -0.62263007E-38
  0.29700000E+02  0.17353166E-22 -0.57231360E-38
  0.29800000E+02  0.17239450E-22 -0.58291765E-38
  0.29900000E+02  0.17126840E-22 -0.58217086E-38
  0.30000000E+02  0.17015323E-22 -0.58362719E-38
  0.30100000E+02  0.16904884E-22 -0.60560289E-38
  0.30200000E+02  0.16795510E-22 -0.62442895E-38
  0.30300000E+02  0.16687187E-22 -0.61467716E-38
  0.30400000E+02  0.16579902E-22 -0.56822225E-38
  0.30500000E+02  0.16473641E-22 -0.56206645E-38
  0.30600000E+02  0.16368392E-22 -0.59827852E-38
  0.30700000E+02  0.16264142E-22 -0.54886768E-38
  0.30800000E+02  0.16160879E-22 -0.59900756E-38
  0.30900000E+02  0.16058589E-22 -0.51196023E-38
  0.31000000E+02  0.15957262E-22 -0.54457076E-38
  0.31100000E+02  0.15856884E-22 -0.56069024E-38
  0.31200000E+02  0.15757445E-22 -0.57260951E-38
  0.31300000E+02  0.15658932E-22 -0.55926397E-38
  0.31400000E+02  0.15561335E-22 -0.50019762E-38
  0.31500000E+02  0.15464642E-22 -0.50712322E-38
  0.31600000E+02  0.15368841E-22 -0.50421261E-38
  0.31700000E+02  0.15273923E-22 -0.52795156E-38
  0.31800000E+02  0.15179876E-22 -0.52810975E-38
  0.31900000E+02  0.15086690E-22 -0.52251359E-38
  0.32000000E+02  0.14994354E-22 -0.45698281E-38
  0.32100000E+02  0.14902858E-22 -0.48201789E-38
  0.32200000E+02  0.14812192E-22 -0.54917245E-38
  0.32300000E+02  0.14722346E-22 -0.46886120E-38
  0.32400000E+02  0.14633310E-22 -0.49786026E-38
  0.32500000E+02  0.14545075E-22 -0.52097869E-38
  0.32600000E+02  0.14457631E-22 -0.48520488E-38
  0.32700000E+02  0.14370969E-22 -0.45650099E-38
  0.32800000E+02  0.14285079E-22 -0.51772926E-38
  0.32900000E+02  0.14199952E-22 -0.52709855E-38
  0.33000000E+02  0.14115580E-22 -0.51339883E-38
  0.33100000E+02  0.14031953E-22 -0.48894981E-38
  0.33200000E+02  0.13949063E-22 -0.52196170E-38
  0.33300000E+02  0.13866902E-22 -0.45891493E-38
  0.33400000E+02  0.13785460E-22 -0.44568722E-38
  0.33500000E+02  0.13704729E-22 -0.47935877E-38
  0.33600000E+02  0.13624702E-22 -0.47304405E-38
  0.33700000E+02  0.13545370E-22 -0.44797372E-38
  0.33800000E+02  0.13466725E-22 -0.46638616E-38
  0.33900000E+02  0.13388759E-22 -0.46558829E-38
  0.34000000E+02  0.13311465E-22 -0.47655030E-38
  0.34100000E+02  0.13234834E-22 -0.48109532E-38
  0.34200000E+02  0.13158860E-22 -0.45952226E-38
  0.34300000E+02  0.13083535E-22 -0.46627915E-38
  0.34400000E+02  0.13008851E-22 -0.46923214E-38
  0.34500000E+02  0.12934802E-22 -0.46530744E-38
  0.34600000E+02  0.12861379E-22 -0.44590567E-38
  0.34700000E+02  0.12788577E-22 -0.45767664E-38
  0.34800000E+02  0.12716388E-22 -0.46408379E-38
  0.34900000E+02  0.12644806E-22 -0.44227348E-38
  0.35000000E+02  0.12573823E-22 -0.44260852E-38
  0.35100000E+02  0.12503433E-22 -0.41653480E-38
  0.35200000E+02  0.12433630E-22 -0.42984664E-38
  0.35300000E+02  0.12364406E-22 -0.45660781E-38
  0.35400000E+02  0.12295756E-22 -0.44059073E-38
  0.35500000E+02  0.12227674E-22 -0.39086097E-38
  0.35600000E+02  0.12160152E-22 -0.44123320E-38
  0.35700000E+02  0.12093186E-22 -0.44328116E-38
  0.35800000E+02  0.12026769E-22 -0.43408202E-38
  0.35900000E+02  0.11960894E-22 -0.40349011E-38
  0.36000000E+02  0.11895557E-22 -0.40688731E-38
  0.36100000E+02  0.11830751E-22 -0.40910110E-38
  0.36200000E+02  0.11766470E-22 -0.39757111E-38
  0.36300000E+02  0.11702710E-22 -0.39650609E-38
  0.36400000E+02  0.11639464E-22 -0.37416806E-38
  0.36500000E+02  0.11576727E-22 -0.40735595E-38
  0.36600000E+02  0.11514493E-22 -0.38723156E-38
  0.36700000E+02  0.11452758E-22 -0.37546891E-38
  0.36800000E+02  0.11391515E-22 -0.41403818E-38
  0.36900000E+02  0.11330760E-22 -0.37038033E-38
  0.37000000E+02  0.11270488E-22 -0.35037544E-38
  0.37100000E+02  0.11210693E-22 -0.38657366E-38
  0.37200000E+02  0.11151370E-22 -0.37079208E-38
  0.37300000E+02  0.11092515E-22 -0.37240399E-38
  0.37400000E+02  0.11034123E-22 -0.39088513E-38
  0.37500000E+02  0.10976188E-22 -0.36983393E-38
  0.37600000E+02  0.10918706E-22 -0.36126955E-38
  0.37700000E+02  0.10861673E-22 -0.39031275E-38
  0.37800000E+02  0.10805083E-22 -0.37270259E-38
  0.37900000E+02  0.10748933E-22 -0.38124129E-38
  0.38000000E+02  0.10693217E-22 -0.37092387E-38
  0.38100000E+02  0.10637931E-22 -0.35590685E-38
  0.38200000E+02  0.10583072E-22 -0.38599427E-38
  0.38300000E+02  0.10528633E-22 -0.33432297E-38
  0.38400000E+02  0.10474612E-22 -0.33800371E-38
  0.38500000E+02  0.10421004E-22 -0.36400448E-38
  0.38600000E+02  0.10367804E-22 -0.35104396E-38
  0.38700000E+02  0.10315009E-22 -0.34080670E-38
  0.38800000E+02  0.10262615E-22 -0.33787470E-38
  0.38900000E+02  0.10210617E-22 -0.36482318E-38
  0.39000000E+02  0.10159011E-22 -0.30843183E-38
  0.39100000E+02  0.10107795E-22 -0.36033807E-38
  0.39200000E+02  0.10056963E-22 -0.33679941E-38
  0.39300000E+02  0.10006511E-22 -0.34119597E-38
  0.39400000E+02  0.99564374E-23 -0.33055367E-38
  0.39500000E+02  0.99067368E-23 -0.30800923E-38
  0.39600000E+02  0.98574059E-23 -0.34722554E-38
  0.39700000E+02  0.98084411E-23 -0.33357074E-38
  0.39800000E+02  0.97598387E-23 -0.32920957E-38
  0.39900000E+02  0.97115952E-23 -0.32641698E-38
  0.40000000E+02  0.96637071E-23 -0.34418051E-38
