  0.00000000E+00  0.16480951E-21  0.14815728E-36
  0.10000000E+00  0.17982426E-21  0.16289429E-36
  0.20000000E+00  0.18647181E-21  0.19336602E-36
  0.30000000E+00  0.18358454E-21  0.20131763E-36
  0.40000000E+00  0.17565926E-21  0.19018893E-36
  0.50000000E+00  0.16534649E-21  0.17839401E-36
  0.60000000E+00  0.15417220E-21  0.16470745E-36
  0.70000000E+00  0.14298783E-21  0.15121845E-36
  0.80000000E+00  0.13224917E-21  0.13667171E-36
  0.90000000E+00  0.12218192E-21  0.12661118E-36
  0.10000000E+01  0.11287882E-21  0.11339046E-36
  0.11000000E+01  0.10435688E-21  0.10280711E-36
  0.12000000E+01  0.96591329E-22  0.94643750E-37
  0.13000000E+01  0.89535826E-22  0.85934869E-37
  0.14000000E+01  0.83134396E-22  0.79424574E-37
  0.15000000E+01  0.77328375E-22  0.74172572E-37
  0.16000000E+01  0.72060314E-22  0.67720393E-37
  0.17000000E+01  0.67276058E-22  0.62233624E-37
  0.18000000E+01  0.62925730E-22  0.57330970E-37
  0.19000000E+01  0.58964060E-22  0.53492428E-37
  0.20000000E+01  0.55350354E-22  0.49237335E-37
  0.21000000E+01  0.52048252E-22  0.45845676E-37
  0.22000000E+01  0.49025395E-22  0.42887511E-37
  0.23000000E+01  0.46253053E-22  0.39899536E-37
  0.24000000E+01  0.43705743E-22  0.37546520E-37
  0.25000000E+01  0.41360878E-22  0.35288782E-37
  0.26000000E+01  0.39198428E-22  0.32764419E-37
  0.27000000E+01  0.37200621E-22  0.30766780E-37
  0.28000000E+01  0.35351677E-22  0.28877954E-37
  0.29000000E+01  0.33637561E-22  0.27375619E-37
  0.30000000E+01  0.32045779E-22  0.25732628E-37
  0.31000000E+01  0.30565191E-22  0.24482733E-37
  0.32000000E+01  0.29185849E-22  0.23142159E-37
  0.33000000E+01  0.27898851E-22  0.21846433E-37
  0.34000000E+01  0.26696226E-22  0.20869841E-37
  0.35000000E+01  0.25570817E-22  0.19723553E-37
  0.36000000E+01  0.24516191E-22  0.18618482E-37
  0.37000000E+01  0.23526557E-22  0.17922408E-37
  0.38000000E+01  0.22596689E-22  0.16943840E-37
  0.39000000E+01  0.21721869E-22  0.16355775E-37
  0.40000000E+01  0.20897824E-22  0.15417693E-37
  0.41000000E+01  0.20120685E-22  0.14709179E-37
  0.42000000E+01  0.19386936E-22  0.14246029E-37
  0.43000000E+01  0.18693385E-22  0.13438848E-37
  0.44000000E+01  0.18037121E-22  0.12804066E-37
  0.45000000E+01  0.17415493E-22  0.12486450E-37
  0.46000000E+01  0.16826078E-22  0.11967077E-37
  0.47000000E+01  0.16266661E-22  0.11501490E-37
  0.48000000E+01  0.15735213E-22  0.10986449E-37
  0.49000000E+01  0.15229874E-22  0.10592840E-37
  0.50000000E+01  0.14748936E-22  0.10277189E-37
  0.51000000E+01  0.14290828E-22  0.97454471E-38
  0.52000000E+01  0.13854103E-22  0.94369411E-38
  0.53000000E+01  0.13437429E-22  0.91036254E-38
  0.54000000E+01  0.13039575E-22  0.88866604E-38
  0.55000000E+01  0.12659405E-22  0.84601055E-38
  0.56000000E+01  0.12295866E-22  0.82146754E-38
  0.57000000E+01  0.11947986E-22  0.79703635E-38
  0.58000000E+01  0.11614860E-22  0.76215447E-38
  0.59000000E+01  0.11295650E-22  0.74752398E-38
  0.60000000E+01  0.10989577E-22  0.72015770E-38
  0.61000000E+01  0.10695916E-22  0.69237343E-38
  0.62000000E+01  0.10413993E-22  0.68099748E-38
  0.63000000E+01  0.10143179E-22  0.65517306E-38
  0.64000000E+01  0.98828858E-23  0.63582389E-38
  0.65000000E+01  0.96325666E-23  0.61547419E-38
  0.66000000E+01  0.93917085E-23  0.60024830E-38
  0.67000000E+01  0.91598321E-23  0.58447368E-38
  0.68000000E+01  0.89364886E-23  0.56470134E-38
  0.69000000E+01  0.87212571E-23  0.54854501E-38
  0.70000000E+01  0.85137428E-23  0.53389408E-38
  0.71000000E+01  0.83135750E-23  0.51909366E-38
  0.72000000E+01  0.81204054E-23  0.50592903E-38
  0.73000000E+01  0.79339064E-23  0.49641392E-38
  0.74000000E+01  0.77537696E-23  0.47894151E-38
  0.75000000E+01  0.75797048E-23  0.46832759E-38
  0.76000000E+01  0.74114380E-23  0.45512311E-38
  0.77000000E+01  0.72487110E-23  0.44176928E-38
  0.78000000E+01  0.70912801E-23  0.43131661E-38
  0.79000000E+01  0.69389150E-23  0.42238431E-38
  0.80000000E+01  0.67913980E-23  0.41145411E-38
  0.81000000E+01  0.66485230E-23  0.39991091E-38
  0.82000000E+01  0.65100953E-23  0.39210292E-38
  0.83000000E+01  0.63759300E-23  0.38357953E-38
  0.84000000E+01  0.62458522E-23  0.37276816E-38
  0.85000000E+01  0.61196960E-23  0.36583431E-38
  0.86000000E+01  0.59973038E-23  0.35905025E-38
  0.87000000E+01  0.58785260E-23  0.34864140E-38
  0.88000000E+01  0.57632206E-23  0.34355065E-38
  0.89000000E+01  0.56512525E-23  0.33474884E-38
  0.90000000E+01  0.55424933E-23  0.32622892E-38
  0.91000000E+01  0.54368205E-23  0.31944237E-38
  0.92000000E+01  0.53341180E-23  0.31324157E-38
  0.93000000E+01  0.52342746E-23  0.30685294E-38
  0.94000000E+01  0.51371849E-23  0.30207616E-38
  0.95000000E+01  0.50427478E-23  0.29075284E-38
  0.96000000E+01  0.49508673E-23  0.28921310E-38
  0.97000000E+01  0.48614516E-23  0.28141488E-38
  0.98000000E+01  0.47744130E-23  0.27715018E-38
  0.99000000E+01  0.46896678E-23  0.27197589E-38
  0.10000000E+02  0.46071358E-23  0.26573613E-38
  0.10100000E+02  0.45267405E-23  0.26070225E-38
  0.10200000E+02  0.44484087E-23  0.25559166E-38
  0.10300000E+02  0.43720703E-23  0.25266053E-38
  0.10400000E+02  0.42976582E-23  0.24753562E-38
  0.10500000E+02  0.42251080E-23  0.23909851E-38
  0.10600000E+02  0.41543582E-23  0.23730643E-38
  0.10700000E+02  0.40853496E-23  0.23057276E-38
  0.10800000E+02  0.40180257E-23  0.22809674E-38
  0.10900000E+02  0.39523322E-23  0.22588742E-38
  0.11000000E+02  0.38882168E-23  0.22123411E-38
  0.11100000E+02  0.38256295E-23  0.21525120E-38
  0.11200000E+02  0.37645222E-23  0.21038490E-38
  0.11300000E+02  0.37048488E-23  0.20698634E-38
  0.11400000E+02  0.36465648E-23  0.20287034E-38
  0.11500000E+02  0.35896276E-23  0.19994383E-38
  0.11600000E+02  0.35339961E-23  0.19889002E-38
  0.11700000E+02  0.34796308E-23  0.19438652E-38
  0.11800000E+02  0.34264938E-23  0.19153532E-38
  0.11900000E+02  0.33745484E-23  0.18755701E-38
  0.12000000E+02  0.33237595E-23  0.18403336E-38
  0.12100000E+02  0.32740931E-23  0.18081277E-38
  0.12200000E+02  0.32255165E-23  0.17840950E-38
  0.12300000E+02  0.31779983E-23  0.17551425E-38
  0.12400000E+02  0.31315080E-23  0.17312203E-38
  0.12500000E+02  0.30860164E-23  0.17054889E-38
  0.12600000E+02  0.30414952E-23  0.16805426E-38
  0.12700000E+02  0.29979173E-23  0.16474179E-38
  0.12800000E+02  0.29552562E-23  0.16290229E-38
  0.12900000E+02  0.29134867E-23  0.15979933E-38
  0.13000000E+02  0.28725841E-23  0.15700730E-38
  0.13100000E+02  0.28325249E-23  0.15542025E-38
  0.13200000E+02  0.27932861E-23  0.15128724E-38
  0.13300000E+02  0.27548456E-23  0.15015954E-38
  0.13400000E+02  0.27171821E-23  0.14844724E-38
  0.13500000E+02  0.26802749E-23  0.14676412E-38
  0.13600000E+02  0.26441040E-23  0.14526023E-38
  0.13700000E+02  0.26086502E-23  0.14261145E-38
  0.13800000E+02  0.25738948E-23  0.13946503E-38
  0.13900000E+02  0.25398195E-23  0.13863858E-38
  0.14000000E+02  0.25064071E-23  0.13607256E-38
  0.14100000E+02  0.24736404E-23  0.13335663E-38
  0.14200000E+02  0.24415031E-23  0.13266443E-38
  0.14300000E+02  0.24099794E-23  0.12891161E-38
  0.14400000E+02  0.23790537E-23  0.12907711E-38
  0.14500000E+02  0.23487113E-23  0.12722288E-38
  0.14600000E+02  0.23189376E-23  0.12606609E-38
  0.14700000E+02  0.22897186E-23  0.12325698E-38
  0.14800000E+02  0.22610408E-23  0.12137550E-38
  0.14900000E+02  0.22328910E-23  0.11943317E-38
  0.15000000E+02  0.22052564E-23  0.11805473E-38
  0.15100000E+02  0.21781246E-23  0.11555125E-38
  0.15200000E+02  0.21514836E-23  0.11479941E-38
  0.15300000E+02  0.21253218E-23  0.11362672E-38
  0.15400000E+02  0.20996277E-23  0.11200300E-38
  0.15500000E+02  0.20743905E-23  0.11073700E-38
  0.15600000E+02  0.20495994E-23  0.10956523E-38
  0.15700000E+02  0.20252441E-23  0.10851690E-38
  0.15800000E+02  0.20013146E-23  0.10652033E-38
  0.15900000E+02  0.19778009E-23  0.10519029E-38
  0.16000000E+02  0.19546938E-23  0.10419192E-38
  0.16100000E+02  0.19319838E-23  0.10235204E-38
  0.16200000E+02  0.19096621E-23  0.10100354E-38
  0.16300000E+02  0.18877199E-23  0.99812213E-39
  0.16400000E+02  0.18661488E-23  0.99272290E-39
  0.16500000E+02  0.18449404E-23  0.97997592E-39
  0.16600000E+02  0.18240869E-23  0.96607326E-39
  0.16700000E+02  0.18035803E-23  0.95684945E-39
  0.16800000E+02  0.17834131E-23  0.93821666E-39
  0.16900000E+02  0.17635780E-23  0.93135801E-39
  0.17000000E+02  0.17440677E-23  0.91804875E-39
  0.17100000E+02  0.17248752E-23  0.91350003E-39
  0.17200000E+02  0.17059938E-23  0.89204132E-39
  0.17300000E+02  0.16874168E-23  0.89146422E-39
  0.17400000E+02  0.16691378E-23  0.88553757E-39
  0.17500000E+02  0.16511504E-23  0.87400028E-39
  0.17600000E+02  0.16334487E-23  0.86039219E-39
  0.17700000E+02  0.16160265E-23  0.85555354E-39
  0.17800000E+02  0.15988782E-23  0.83603844E-39
  0.17900000E+02  0.15819980E-23  0.83254334E-39
  0.18000000E+02  0.15653805E-23  0.81466244E-39
  0.18100000E+02  0.15490202E-23  0.80851477E-39
  0.18200000E+02  0.15329120E-23  0.79328318E-39
  0.18300000E+02  0.15170507E-23  0.79115682E-39
  0.18400000E+02  0.15014314E-23  0.78265528E-39
  0.18500000E+02  0.14860491E-23  0.77241420E-39
  0.18600000E+02  0.14708993E-23  0.76807221E-39
  0.18700000E+02  0.14559772E-23  0.75982323E-39
  0.18800000E+02  0.14412783E-23  0.75208909E-39
  0.18900000E+02  0.14267984E-23  0.74245970E-39
  0.19000000E+02  0.14125330E-23  0.73656227E-39
  0.19100000E+02  0.13984780E-23  0.72294289E-39
  0.19200000E+02  0.13846293E-23  0.71682540E-39
  0.19300000E+02  0.13709830E-23  0.71880063E-39
  0.19400000E+02  0.13575351E-23  0.70706539E-39
  0.19500000E+02  0.13442819E-23  0.69607871E-39
  0.19600000E+02  0.13312196E-23  0.69680520E-39
  0.19700000E+02  0.13183447E-23  0.68636775E-39
  0.19800000E+02  0.13056535E-23  0.68508010E-39
  0.19900000E+02  0.12931427E-23  0.67429720E-39
  0.20000000E+02  0.12808089E-23  0.66481397E-39
  0.20100000E+02  0.12686488E-23  0.65396947E-39
  0.20200000E+02  0.12566591E-23  0.65055364E-39
  0.20300000E+02  0.12448368E-23  0.64584237E-39
  0.20400000E+02  0.12331787E-23  0.63787379E-39
  0.20500000E+02  0.12216818E-23  0.63318795E-39
  0.20600000E+02  0.12103433E-23  0.62687984E-39
  0.20700000E+02  0.11991602E-23  0.62258420E-39
  0.20800000E+02  0.11881297E-23  0.61576148E-39
  0.20900000E+02  0.11772492E-23  0.60235831E-39
  0.21000000E+02  0.11665159E-23  0.60073940E-39
  0.21100000E+02  0.11559271E-23  0.59267526E-39
  0.21200000E+02  0.11454804E-23  0.58850312E-39
  0.21300000E+02  0.11351733E-23  0.58600277E-39
  0.21400000E+02  0.11250032E-23  0.57742511E-39
  0.21500000E+02  0.11149677E-23  0.57653474E-39
  0.21600000E+02  0.11050647E-23  0.56715411E-39
  0.21700000E+02  0.10952916E-23  0.56485323E-39
  0.21800000E+02  0.10856463E-23  0.56069387E-39
  0.21900000E+02  0.10761266E-23  0.55484655E-39
  0.22000000E+02  0.10667303E-23  0.54426339E-39
  0.22100000E+02  0.10574554E-23  0.54372591E-39
  0.22200000E+02  0.10482997E-23  0.54076737E-39
  0.22300000E+02  0.10392613E-23  0.53463799E-39
  0.22400000E+02  0.10303381E-23  0.52833450E-39
  0.22500000E+02  0.10215282E-23  0.52485323E-39
  0.22600000E+02  0.10128298E-23  0.52375735E-39
  0.22700000E+02  0.10042410E-23  0.51747923E-39
  0.22800000E+02  0.99575987E-24  0.50603676E-39
  0.22900000E+02  0.98738476E-24  0.50618901E-39
  0.23000000E+02  0.97911388E-24  0.50533649E-39
  0.23100000E+02  0.97094553E-24  0.49064949E-39
  0.23200000E+02  0.96287803E-24  0.49683194E-39
  0.23300000E+02  0.95490974E-24  0.48742594E-39
  0.23400000E+02  0.94703905E-24  0.48554600E-39
  0.23500000E+02  0.93926439E-24  0.47914753E-39
  0.23600000E+02  0.93158421E-24  0.47571675E-39
  0.23700000E+02  0.92399700E-24  0.47573458E-39
  0.23800000E+02  0.91650128E-24  0.46376810E-39
  0.23900000E+02  0.90909560E-24  0.46494900E-39
  0.24000000E+02  0.90177852E-24  0.46179687E-39
  0.24100000E+02  0.89454865E-24  0.45697846E-39
  0.24200000E+02  0.88740463E-24  0.45710969E-39
  0.24300000E+02  0.88034510E-24  0.44809646E-39
  0.24400000E+02  0.87336875E-24  0.44376365E-39
  0.24500000E+02  0.86647429E-24  0.44314040E-39
  0.24600000E+02  0.85966046E-24  0.43783027E-39
  0.24700000E+02  0.85292600E-24  0.43807981E-39
  0.24800000E+02  0.84626970E-24  0.43392552E-39
  0.24900000E+02  0.83969037E-24  0.42830593E-39
  0.25000000E+02  0.83318682E-24  0.42482085E-39
  0.25100000E+02  0.82675791E-24  0.42509494E-39
  0.25200000E+02  0.82040252E-24  0.41741929E-39
  0.25300000E+02  0.81411952E-24  0.41292183E-39
  0.25400000E+02  0.80790784E-24  0.41024714E-39
  0.25500000E+02  0.80176640E-24  0.40902088E-39
  0.25600000E+02  0.79569416E-24  0.40453265E-39
  0.25700000E+02  0.78969010E-24  0.40263939E-39
  0.25800000E+02  0.78375319E-24  0.39994025E-39
  0.25900000E+02  0.77788245E-24  0.39387599E-39
  0.26000000E+02  0.77207691E-24  0.39460639E-39
  0.26100000E+02  0.76633561E-24  0.38965127E-39
  0.26200000E+02  0.76065761E-24  0.38841823E-39
  0.26300000E+02  0.75504200E-24  0.38472809E-39
  0.26400000E+02  0.74948786E-24  0.37825276E-39
  0.26500000E+02  0.74399432E-24  0.37804106E-39
  0.26600000E+02  0.73856049E-24  0.37301892E-39
  0.26700000E+02  0.73318553E-24  0.37483511E-39
  0.26800000E+02  0.72786858E-24  0.36715631E-39
  0.26900000E+02  0.72260883E-24  0.36791515E-39
  0.27000000E+02  0.71740546E-24  0.36394584E-39
  0.27100000E+02  0.71225768E-24  0.36415209E-39
  0.27200000E+02  0.70716470E-24  0.35804969E-39
  0.27300000E+02  0.70212574E-24  0.36031006E-39
  0.27400000E+02  0.69714007E-24  0.35469519E-39
  0.27500000E+02  0.69220692E-24  0.35052773E-39
  0.27600000E+02  0.68732557E-24  0.34771824E-39
  0.27700000E+02  0.68249531E-24  0.34574829E-39
  0.27800000E+02  0.67771542E-24  0.34494114E-39
  0.27900000E+02  0.67298521E-24  0.34038982E-39
  0.28000000E+02  0.66830401E-24  0.33685968E-39
  0.28100000E+02  0.66367113E-24  0.34055353E-39
  0.28200000E+02  0.65908593E-24  0.33171655E-39
  0.28300000E+02  0.65454775E-24  0.33012046E-39
  0.28400000E+02  0.65005596E-24  0.32981625E-39
  0.28500000E+02  0.64560993E-24  0.32787071E-39
  0.28600000E+02  0.64120905E-24  0.32516411E-39
  0.28700000E+02  0.63685270E-24  0.32243689E-39
  0.28800000E+02  0.63254030E-24  0.32028829E-39
  0.28900000E+02  0.62827126E-24  0.31929134E-39
  0.29000000E+02  0.62404501E-24  0.31479756E-39
  0.29100000E+02  0.61986097E-24  0.31175422E-39
  0.29200000E+02  0.61571859E-24  0.31192126E-39
  0.29300000E+02  0.61161732E-24  0.30966923E-39
  0.29400000E+02  0.60755663E-24  0.30749457E-39
  0.29500000E+02  0.60353598E-24  0.30411783E-39
  0.29600000E+02  0.59955485E-24  0.30201102E-39
  0.29700000E+02  0.59561273E-24  0.30123954E-39
  0.29800000E+02  0.59170911E-24  0.30042958E-39
  0.29900000E+02  0.58784350E-24  0.29742054E-39
  0.30000000E+02  0.58401541E-24  0.29550551E-39
  0.30100000E+02  0.58022435E-24  0.29405901E-39
  0.30200000E+02  0.57646985E-24  0.29379089E-39
  0.30300000E+02  0.57275145E-24  0.28715443E-39
  0.30400000E+02  0.56906869E-24  0.28560817E-39
  0.30500000E+02  0.56542112E-24  0.28546746E-39
  0.30600000E+02  0.56180829E-24  0.28254880E-39
  0.30700000E+02  0.55822976E-24  0.28101505E-39
  0.30800000E+02  0.55468511E-24  0.27934027E-39
  0.30900000E+02  0.55117391E-24  0.27881280E-39
  0.31000000E+02  0.54769574E-24  0.27660657E-39
  0.31100000E+02  0.54425020E-24  0.27600638E-39
  0.31200000E+02  0.54083687E-24  0.27453389E-39
  0.31300000E+02  0.53745537E-24  0.26908669E-39
  0.31400000E+02  0.53410529E-24  0.26964501E-39
  0.31500000E+02  0.53078625E-24  0.26787795E-39
  0.31600000E+02  0.52749787E-24  0.26547994E-39
  0.31700000E+02  0.52423979E-24  0.26346986E-39
  0.31800000E+02  0.52101162E-24  0.26494131E-39
  0.31900000E+02  0.51781300E-24  0.26229267E-39
  0.32000000E+02  0.51464358E-24  0.25939509E-39
  0.32100000E+02  0.51150301E-24  0.26007762E-39
  0.32200000E+02  0.50839093E-24  0.25584877E-39
  0.32300000E+02  0.50530701E-24  0.25492082E-39
  0.32400000E+02  0.50225091E-24  0.25253921E-39
  0.32500000E+02  0.49922230E-24  0.25290634E-39
  0.32600000E+02  0.49622084E-24  0.24767303E-39
  0.32700000E+02  0.49324622E-24  0.24890913E-39
  0.32800000E+02  0.49029813E-24  0.24724560E-39
  0.32900000E+02  0.48737624E-24  0.24475316E-39
  0.33000000E+02  0.48448025E-24  0.24298349E-39
  0.33100000E+02  0.48160986E-24  0.24370662E-39
  0.33200000E+02  0.47876476E-24  0.24248839E-39
  0.33300000E+02  0.47594467E-24  0.23998960E-39
  0.33400000E+02  0.47314928E-24  0.23843497E-39
  0.33500000E+02  0.47037832E-24  0.23591899E-39
  0.33600000E+02  0.46763151E-24  0.23502714E-39
  0.33700000E+02  0.46490856E-24  0.23407492E-39
  0.33800000E+02  0.46220919E-24  0.23045422E-39
  0.33900000E+02  0.45953315E-24  0.23270797E-39
  0.34000000E+02  0.45688016E-24  0.23088194E-39
  0.34100000E+02  0.45424996E-24  0.22791796E-39
  0.34200000E+02  0.45164229E-24  0.22871048E-39
  0.34300000E+02  0.44905690E-24  0.22578157E-39
  0.34400000E+02  0.44649353E-24  0.22493749E-39
  0.34500000E+02  0.44395194E-24  0.22156954E-39
  0.34600000E+02  0.44143187E-24  0.22261495E-39
  0.34700000E+02  0.43893310E-24  0.21855979E-39
  0.34800000E+02  0.43645538E-24  0.21827478E-39
  0.34900000E+02  0.43399847E-24  0.21684089E-39
  0.35000000E+02  0.43156215E-24  0.21696713E-39
  0.35100000E+02  0.42914619E-24  0.21497195E-39
  0.35200000E+02  0.42675036E-24  0.21412475E-39
  0.35300000E+02  0.42437444E-24  0.21162831E-39
  0.35400000E+02  0.42201821E-24  0.21136984E-39
  0.35500000E+02  0.41968146E-24  0.21041376E-39
  0.35600000E+02  0.41736396E-24  0.20977203E-39
  0.35700000E+02  0.41506552E-24  0.20675012E-39
  0.35800000E+02  0.41278592E-24  0.20827473E-39
  0.35900000E+02  0.41052497E-24  0.20565702E-39
  0.36000000E+02  0.40828245E-24  0.20447394E-39
  0.36100000E+02  0.40605817E-24  0.20406174E-39
  0.36200000E+02  0.40385193E-24  0.20170685E-39
  0.36300000E+02  0.40166354E-24  0.20128083E-39
  0.36400000E+02  0.39949281E-24  0.19930509E-39
  0.36500000E+02  0.39733955E-24  0.19731123E-39
  0.36600000E+02  0.39520357E-24  0.19665878E-39
  0.36700000E+02  0.39308469E-24  0.19577735E-39
  0.36800000E+02  0.39098273E-24  0.19818032E-39
  0.36900000E+02  0.38889750E-24  0.19390900E-39
  0.37000000E+02  0.38682884E-24  0.19505478E-39
  0.37100000E+02  0.38477657E-24  0.19299378E-39
  0.37200000E+02  0.38274051E-24  0.19158845E-39
  0.37300000E+02  0.38072050E-24  0.19028050E-39
  0.37400000E+02  0.37871637E-24  0.18846062E-39
  0.37500000E+02  0.37672796E-24  0.18878861E-39
  0.37600000E+02  0.37475509E-24  0.18833109E-39
  0.37700000E+02  0.37279762E-24  0.18747936E-39
  0.37800000E+02  0.37085537E-24  0.18544301E-39
  0.37900000E+02  0.36892820E-24  0.18379222E-39
  0.38000000E+02  0.36701595E-24  0.18239018E-39
  0.38100000E+02  0.36511846E-24  0.18410264E-39
  0.38200000E+02  0.36323559E-24  0.18217234E-39
  0.38300000E+02  0.36136719E-24  0.18143623E-39
  0.38400000E+02  0.35951310E-24  0.17789810E-39
  0.38500000E+02  0.35767318E-24  0.17927237E-39
  0.38600000E+02  0.35584730E-24  0.17873018E-39
  0.38700000E+02  0.35403530E-24  0.17712963E-39
  0.38800000E+02  0.35223706E-24  0.17574522E-39
  0.38900000E+02  0.35045242E-24  0.17628625E-39
  0.39000000E+02  0.34868125E-24  0.17489443E-39
  0.39100000E+02  0.34692342E-24  0.17521003E-39
  0.39200000E+02  0.34517880E-24  0.17225231E-39
  0.39300000E+02  0.34344725E-24  0.17236426E-39
  0.39400000E+02  0.34172865E-24  0.17163350E-39
  0.39500000E+02  0.34002286E-24  0.16913695E-39
  0.39600000E+02  0.33832977E-24  0.16862694E-39
  0.39700000E+02  0.33664923E-24  0.16886030E-39
  0.39800000E+02  0.33498114E-24  0.16820494E-39
  0.39900000E+02  0.33332537E-24  0.16778990E-39
  0.40000000E+02  0.33168179E-24  0.16575736E-39
