  0.00000000E+00 -0.95049543E-20  0.26120391E-35
  0.10000000E+00 -0.11029646E-19  0.21620129E-35
  0.20000000E+00 -0.11464003E-19  0.15879957E-35
  0.30000000E+00 -0.10939357E-19  0.14665872E-35
  0.40000000E+00 -0.10089030E-19  0.15662032E-35
  0.50000000E+00 -0.91901790E-20  0.14325490E-35
  0.60000000E+00 -0.83438710E-20  0.14267958E-35
  0.70000000E+00 -0.75778315E-20  0.11412587E-35
  0.80000000E+00 -0.68927431E-20  0.11994415E-35
  0.90000000E+00 -0.62810589E-20  0.10827123E-35
  0.10000000E+01 -0.57339131E-20  0.10382445E-35
  0.11000000E+01 -0.52432636E-20  0.85801377E-36
  0.12000000E+01 -0.48022949E-20  0.89433999E-36
  0.13000000E+01 -0.44052845E-20  0.77203057E-36
  0.14000000E+01 -0.40473686E-20  0.73580583E-36
  0.15000000E+01 -0.37243418E-20  0.65655122E-36
  0.16000000E+01 -0.34325138E-20  0.59643902E-36
  0.17000000E+01 -0.31686130E-20  0.58871212E-36
  0.18000000E+01 -0.29297217E-20  0.54198150E-36
  0.19000000E+01 -0.27132314E-20  0.41971777E-36
  0.20000000E+01 -0.25168084E-20  0.50363293E-36
  0.21000000E+01 -0.23383659E-20  0.41300093E-36
  0.22000000E+01 -0.21760404E-20  0.42058330E-36
  0.23000000E+01 -0.20281690E-20  0.38322497E-36
  0.24000000E+01 -0.18932698E-20  0.35546352E-36
  0.25000000E+01 -0.17700229E-20  0.33468063E-36
  0.26000000E+01 -0.16572533E-20  0.29088884E-36
  0.27000000E+01 -0.15539150E-20  0.26631000E-36
  0.28000000E+01 -0.14590769E-20  0.26778298E-36
  0.29000000E+01 -0.13719098E-20  0.22141712E-36
  0.30000000E+01 -0.12916748E-20  0.23323411E-36
  0.31000000E+01 -0.12177126E-20  0.21843470E-36
  0.32000000E+01 -0.11494350E-20  0.20862652E-36
  0.33000000E+01 -0.10863162E-20  0.19141833E-36
  0.34000000E+01 -0.10278856E-20  0.21103149E-36
  0.35000000E+01 -0.97372179E-21  0.18272589E-36
  0.36000000E+01 -0.92344672E-21  0.19047205E-36
  0.37000000E+01 -0.87672078E-21  0.16151340E-36
  0.38000000E+01 -0.83323853E-21  0.14296344E-36
  0.39000000E+01 -0.79272486E-21  0.14549712E-36
  0.40000000E+01 -0.75493164E-21  0.14368410E-36
  0.41000000E+01 -0.71963473E-21  0.14559212E-36
  0.42000000E+01 -0.68663145E-21  0.12550403E-36
  0.43000000E+01 -0.65573820E-21  0.11881443E-36
  0.44000000E+01 -0.62678851E-21  0.12387407E-36
  0.45000000E+01 -0.59963117E-21  0.11021367E-36
  0.46000000E+01 -0.57412872E-21  0.10347339E-36
  0.47000000E+01 -0.55015600E-21  0.10667358E-36
  0.48000000E+01 -0.52759890E-21  0.10652071E-36
  0.49000000E+01 -0.50635329E-21  0.10187282E-36
  0.50000000E+01 -0.48632399E-21  0.95384810E-37
  0.51000000E+01 -0.46742396E-21  0.87101969E-37
  0.52000000E+01 -0.44957343E-21  0.91834452E-37
  0.53000000E+01 -0.43269928E-21  0.84841895E-37
  0.54000000E+01 -0.41673436E-21  0.78956521E-37
  0.55000000E+01 -0.40161699E-21  0.74339521E-37
  0.56000000E+01 -0.38729039E-21  0.80204961E-37
  0.57000000E+01 -0.37370230E-21  0.70605778E-37
  0.58000000E+01 -0.36080452E-21  0.77600118E-37
  0.59000000E+01 -0.34855258E-21  0.74482890E-37
  0.60000000E+01 -0.33690540E-21  0.67997980E-37
  0.61000000E+01 -0.32582500E-21  0.66819737E-37
  0.62000000E+01 -0.31527622E-21  0.68543822E-37
  0.63000000E+01 -0.30522652E-21  0.62647620E-37
  0.64000000E+01 -0.29564569E-21  0.59340331E-37
  0.65000000E+01 -0.28650573E-21  0.59392747E-37
  0.66000000E+01 -0.27778061E-21  0.57044843E-37
  0.67000000E+01 -0.26944616E-21  0.54857542E-37
  0.68000000E+01 -0.26147987E-21  0.56693328E-37
  0.69000000E+01 -0.25386078E-21  0.57103491E-37
  0.70000000E+01 -0.24656939E-21  0.50378826E-37
  0.71000000E+01 -0.23958747E-21  0.53868513E-37
  0.72000000E+01 -0.23289805E-21  0.48690354E-37
  0.73000000E+01 -0.22648524E-21  0.51008369E-37
  0.74000000E+01 -0.22033421E-21  0.48658932E-37
  0.75000000E+01 -0.21443108E-21  0.48521290E-37
  0.76000000E+01 -0.20876287E-21  0.47465700E-37
  0.77000000E+01 -0.20331740E-21  0.48019377E-37
  0.78000000E+01 -0.19808327E-21  0.43154670E-37
  0.79000000E+01 -0.19304977E-21  0.45603318E-37
  0.80000000E+01 -0.18820687E-21  0.39068991E-37
  0.81000000E+01 -0.18354512E-21  0.43633665E-37
  0.82000000E+01 -0.17905565E-21  0.44230419E-37
  0.83000000E+01 -0.17473013E-21  0.38825771E-37
  0.84000000E+01 -0.17056071E-21  0.41098671E-37
  0.85000000E+01 -0.16653998E-21  0.37134427E-37
  0.86000000E+01 -0.16266099E-21  0.35976029E-37
  0.87000000E+01 -0.15891717E-21  0.34907480E-37
  0.88000000E+01 -0.15530231E-21  0.34547416E-37
  0.89000000E+01 -0.15181057E-21  0.32196040E-37
  0.90000000E+01 -0.14843642E-21  0.35275188E-37
  0.91000000E+01 -0.14517464E-21  0.34649143E-37
  0.92000000E+01 -0.14202029E-21  0.32090228E-37
  0.93000000E+01 -0.13896869E-21  0.31391561E-37
  0.94000000E+01 -0.13601543E-21  0.31392504E-37
  0.95000000E+01 -0.13315631E-21  0.31437226E-37
  0.96000000E+01 -0.13038736E-21  0.31316890E-37
  0.97000000E+01 -0.12770483E-21  0.31026386E-37
  0.98000000E+01 -0.12510512E-21  0.28263547E-37
  0.99000000E+01 -0.12258487E-21  0.31006211E-37
  0.10000000E+02 -0.12014084E-21  0.27720479E-37
  0.10100000E+02 -0.11776998E-21  0.29673726E-37
  0.10200000E+02 -0.11546939E-21  0.29511579E-37
  0.10300000E+02 -0.11323629E-21  0.26439461E-37
  0.10400000E+02 -0.11106806E-21  0.27063140E-37
  0.10500000E+02 -0.10896220E-21  0.26930965E-37
  0.10600000E+02 -0.10691631E-21  0.27161272E-37
  0.10700000E+02 -0.10492814E-21  0.24417082E-37
  0.10800000E+02 -0.10299551E-21  0.26307145E-37
  0.10900000E+02 -0.10111636E-21  0.24802583E-37
  0.11000000E+02 -0.99288719E-22  0.23111692E-37
  0.11100000E+02 -0.97510712E-22  0.22364742E-37
  0.11200000E+02 -0.95780542E-22  0.22452669E-37
  0.11300000E+02 -0.94096495E-22  0.24802029E-37
  0.11400000E+02 -0.92456934E-22  0.19187543E-37
  0.11500000E+02 -0.90860292E-22  0.21696785E-37
  0.11600000E+02 -0.89305073E-22  0.20979168E-37
  0.11700000E+02 -0.87789845E-22  0.23632644E-37
  0.11800000E+02 -0.86313237E-22  0.21973963E-37
  0.11900000E+02 -0.84873936E-22  0.21378669E-37
  0.12000000E+02 -0.83470687E-22  0.22698851E-37
  0.12100000E+02 -0.82102284E-22  0.20094457E-37
  0.12200000E+02 -0.80767574E-22  0.20992474E-37
  0.12300000E+02 -0.79465451E-22  0.22009223E-37
  0.12400000E+02 -0.78194852E-22  0.20136627E-37
  0.12500000E+02 -0.76954760E-22  0.19552720E-37
  0.12600000E+02 -0.75744198E-22  0.19700717E-37
  0.12700000E+02 -0.74562228E-22  0.19647863E-37
  0.12800000E+02 -0.73407948E-22  0.16403381E-37
  0.12900000E+02 -0.72280492E-22  0.19705280E-37
  0.13000000E+02 -0.71179030E-22  0.19102715E-37
  0.13100000E+02 -0.70102761E-22  0.16402158E-37
  0.13200000E+02 -0.69050916E-22  0.18054147E-37
  0.13300000E+02 -0.68022755E-22  0.15765661E-37
  0.13400000E+02 -0.67017567E-22  0.18357343E-37
  0.13500000E+02 -0.66034667E-22  0.18302792E-37
  0.13600000E+02 -0.65073395E-22  0.17075940E-37
  0.13700000E+02 -0.64133116E-22  0.16352183E-37
  0.13800000E+02 -0.63213217E-22  0.15959476E-37
  0.13900000E+02 -0.62313111E-22  0.15163345E-37
  0.14000000E+02 -0.61432227E-22  0.15805065E-37
  0.14100000E+02 -0.60570018E-22  0.16143041E-37
  0.14200000E+02 -0.59725957E-22  0.14728632E-37
  0.14300000E+02 -0.58899532E-22  0.14811948E-37
  0.14400000E+02 -0.58090252E-22  0.15641034E-37
  0.14500000E+02 -0.57297643E-22  0.14490924E-37
  0.14600000E+02 -0.56521246E-22  0.14770674E-37
  0.14700000E+02 -0.55760619E-22  0.13333019E-37
  0.14800000E+02 -0.55015334E-22  0.12561737E-37
  0.14900000E+02 -0.54284978E-22  0.14220123E-37
  0.15000000E+02 -0.53569153E-22  0.14118824E-37
  0.15100000E+02 -0.52867472E-22  0.12659449E-37
  0.15200000E+02 -0.52179563E-22  0.14143526E-37
  0.15300000E+02 -0.51505065E-22  0.13844964E-37
  0.15400000E+02 -0.50843629E-22  0.13326378E-37
  0.15500000E+02 -0.50194918E-22  0.12270497E-37
  0.15600000E+02 -0.49558604E-22  0.11832500E-37
  0.15700000E+02 -0.48934374E-22  0.13015644E-37
  0.15800000E+02 -0.48321919E-22  0.12928923E-37
  0.15900000E+02 -0.47720944E-22  0.11709551E-37
  0.16000000E+02 -0.47131161E-22  0.13744290E-37
  0.16100000E+02 -0.46552294E-22  0.11920726E-37
  0.16200000E+02 -0.45984071E-22  0.12076036E-37
  0.16300000E+02 -0.45426234E-22  0.11833488E-37
  0.16400000E+02 -0.44878527E-22  0.12650844E-37
  0.16500000E+02 -0.44340706E-22  0.11797588E-37
  0.16600000E+02 -0.43812533E-22  0.11299610E-37
  0.16700000E+02 -0.43293778E-22  0.12090969E-37
  0.16800000E+02 -0.42784215E-22  0.11243168E-37
  0.16900000E+02 -0.42283629E-22  0.11164060E-37
  0.17000000E+02 -0.41791808E-22  0.10486230E-37
  0.17100000E+02 -0.41308549E-22  0.10496576E-37
  0.17200000E+02 -0.40833651E-22  0.10476075E-37
  0.17300000E+02 -0.40366922E-22  0.10956857E-37
  0.17400000E+02 -0.39908176E-22  0.10314169E-37
  0.17500000E+02 -0.39457229E-22  0.96547173E-38
  0.17600000E+02 -0.39013906E-22  0.93656220E-38
  0.17700000E+02 -0.38578035E-22  0.95848685E-38
  0.17800000E+02 -0.38149448E-22  0.10651469E-37
  0.17900000E+02 -0.37727983E-22  0.98350272E-38
  0.18000000E+02 -0.37313484E-22  0.94803769E-38
  0.18100000E+02 -0.36905796E-22  0.10258986E-37
  0.18200000E+02 -0.36504770E-22  0.97944331E-38
  0.18300000E+02 -0.36110261E-22  0.99979311E-38
  0.18400000E+02 -0.35722129E-22  0.90861254E-38
  0.18500000E+02 -0.35340235E-22  0.96358764E-38
  0.18600000E+02 -0.34964447E-22  0.97492060E-38
  0.18700000E+02 -0.34594634E-22  0.87228601E-38
  0.18800000E+02 -0.34230670E-22  0.91899535E-38
  0.18900000E+02 -0.33872432E-22  0.88491242E-38
  0.19000000E+02 -0.33519799E-22  0.87417694E-38
  0.19100000E+02 -0.33172655E-22  0.94142670E-38
  0.19200000E+02 -0.32830886E-22  0.95821542E-38
  0.19300000E+02 -0.32494381E-22  0.92367069E-38
  0.19400000E+02 -0.32163033E-22  0.86621105E-38
  0.19500000E+02 -0.31836735E-22  0.81661762E-38
  0.19600000E+02 -0.31515387E-22  0.87061869E-38
  0.19700000E+02 -0.31198886E-22  0.81249665E-38
  0.19800000E+02 -0.30887138E-22  0.88252145E-38
  0.19900000E+02 -0.30580045E-22  0.83956845E-38
  0.20000000E+02 -0.30277516E-22  0.80157935E-38
  0.20100000E+02 -0.29979461E-22  0.71258610E-38
  0.20200000E+02 -0.29685791E-22  0.74820738E-38
  0.20300000E+02 -0.29396421E-22  0.73758563E-38
  0.20400000E+02 -0.29111266E-22  0.79217392E-38
  0.20500000E+02 -0.28830245E-22  0.76006643E-38
  0.20600000E+02 -0.28553279E-22  0.71989402E-38
  0.20700000E+02 -0.28280289E-22  0.69649450E-38
  0.20800000E+02 -0.28011199E-22  0.79309417E-38
  0.20900000E+02 -0.27745936E-22  0.77755961E-38
  0.21000000E+02 -0.27484427E-22  0.76257537E-38
  0.21100000E+02 -0.27226601E-22  0.78765651E-38
  0.21200000E+02 -0.26972389E-22  0.70295667E-38
  0.21300000E+02 -0.26721723E-22  0.73906854E-38
  0.21400000E+02 -0.26474539E-22  0.75067317E-38
  0.21500000E+02 -0.26230771E-22  0.67104321E-38
  0.21600000E+02 -0.25990358E-22  0.70161909E-38
  0.21700000E+02 -0.25753236E-22  0.72988104E-38
  0.21800000E+02 -0.25519347E-22  0.70241909E-38
  0.21900000E+02 -0.25288632E-22  0.78141765E-38
  0.22000000E+02 -0.25061033E-22  0.67024059E-38
  0.22100000E+02 -0.24836495E-22  0.69185018E-38
  0.22200000E+02 -0.24614962E-22  0.64587679E-38
  0.22300000E+02 -0.24396382E-22  0.62843514E-38
  0.22400000E+02 -0.24180702E-22  0.65257066E-38
  0.22500000E+02 -0.23967870E-22  0.65907881E-38
  0.22600000E+02 -0.23757837E-22  0.72124843E-38
  0.22700000E+02 -0.23550554E-22  0.64647080E-38
  0.22800000E+02 -0.23345973E-22  0.60162625E-38
  0.22900000E+02 -0.23144047E-22  0.62353638E-38
  0.23000000E+02 -0.22944730E-22  0.60806714E-38
  0.23100000E+02 -0.22747977E-22  0.62433431E-38
  0.23200000E+02 -0.22553745E-22  0.62144400E-38
  0.23300000E+02 -0.22361990E-22  0.56607803E-38
  0.23400000E+02 -0.22172671E-22  0.59648706E-38
  0.23500000E+02 -0.21985747E-22  0.56539348E-38
  0.23600000E+02 -0.21801176E-22  0.57279045E-38
  0.23700000E+02 -0.21618921E-22  0.60375457E-38
  0.23800000E+02 -0.21438941E-22  0.56118428E-38
  0.23900000E+02 -0.21261200E-22  0.60485120E-38
  0.24000000E+02 -0.21085660E-22  0.57068264E-38
  0.24100000E+02 -0.20912285E-22  0.54224446E-38
  0.24200000E+02 -0.20741039E-22  0.59148857E-38
  0.24300000E+02 -0.20571889E-22  0.57404750E-38
  0.24400000E+02 -0.20404799E-22  0.55551626E-38
  0.24500000E+02 -0.20239736E-22  0.57449807E-38
  0.24600000E+02 -0.20076668E-22  0.55017842E-38
  0.24700000E+02 -0.19915563E-22  0.55404844E-38
  0.24800000E+02 -0.19756389E-22  0.51999787E-38
  0.24900000E+02 -0.19599115E-22  0.49256742E-38
  0.25000000E+02 -0.19443711E-22  0.53574036E-38
  0.25100000E+02 -0.19290149E-22  0.51220625E-38
  0.25200000E+02 -0.19138397E-22  0.56554493E-38
  0.25300000E+02 -0.18988429E-22  0.50091554E-38
  0.25400000E+02 -0.18840217E-22  0.53962016E-38
  0.25500000E+02 -0.18693733E-22  0.54692440E-38
  0.25600000E+02 -0.18548950E-22  0.52668612E-38
  0.25700000E+02 -0.18405842E-22  0.49969686E-38
  0.25800000E+02 -0.18264383E-22  0.48735800E-38
  0.25900000E+02 -0.18124548E-22  0.47709975E-38
  0.26000000E+02 -0.17986313E-22  0.51520512E-38
  0.26100000E+02 -0.17849652E-22  0.50119902E-38
  0.26200000E+02 -0.17714543E-22  0.46809856E-38
  0.26300000E+02 -0.17580961E-22  0.50914524E-38
  0.26400000E+02 -0.17448884E-22  0.49976089E-38
  0.26500000E+02 -0.17318289E-22  0.45815680E-38
  0.26600000E+02 -0.17189154E-22  0.47143351E-38
  0.26700000E+02 -0.17061458E-22  0.47745437E-38
  0.26800000E+02 -0.16935179E-22  0.46357408E-38
  0.26900000E+02 -0.16810296E-22  0.49192657E-38
  0.27000000E+02 -0.16686788E-22  0.48410355E-38
  0.27100000E+02 -0.16564636E-22  0.49280346E-38
  0.27200000E+02 -0.16443820E-22  0.45537343E-38
  0.27300000E+02 -0.16324320E-22  0.43610948E-38
  0.27400000E+02 -0.16206118E-22  0.44060633E-38
  0.27500000E+02 -0.16089194E-22  0.43787137E-38
  0.27600000E+02 -0.15973530E-22  0.43865183E-38
  0.27700000E+02 -0.15859108E-22  0.43653596E-38
  0.27800000E+02 -0.15745911E-22  0.41833179E-38
  0.27900000E+02 -0.15633921E-22  0.43137775E-38
  0.28000000E+02 -0.15523121E-22  0.42047177E-38
  0.28100000E+02 -0.15413493E-22  0.40072814E-38
  0.28200000E+02 -0.15305022E-22  0.43772517E-38
  0.28300000E+02 -0.15197692E-22  0.40024389E-38
  0.28400000E+02 -0.15091486E-22  0.37642241E-38
  0.28500000E+02 -0.14986389E-22  0.41218169E-38
  0.28600000E+02 -0.14882385E-22  0.41125314E-38
  0.28700000E+02 -0.14779460E-22  0.41613772E-38
  0.28800000E+02 -0.14677598E-22  0.40602512E-38
  0.28900000E+02 -0.14576784E-22  0.41045732E-38
  0.29000000E+02 -0.14477005E-22  0.44820588E-38
  0.29100000E+02 -0.14378247E-22  0.39649584E-38
  0.29200000E+02 -0.14280495E-22  0.41202543E-38
  0.29300000E+02 -0.14183736E-22  0.42681885E-38
  0.29400000E+02 -0.14087956E-22  0.39709490E-38
  0.29500000E+02 -0.13993142E-22  0.36856591E-38
  0.29600000E+02 -0.13899282E-22  0.38730499E-38
  0.29700000E+02 -0.13806363E-22  0.40295917E-38
  0.29800000E+02 -0.13714371E-22  0.38704666E-38
  0.29900000E+02 -0.13623295E-22  0.38484238E-38
  0.30000000E+02 -0.13533123E-22  0.40402746E-38
  0.30100000E+02 -0.13443843E-22  0.38288620E-38
  0.30200000E+02 -0.13355442E-22  0.37892327E-38
  0.30300000E+02 -0.13267910E-22  0.36345923E-38
  0.30400000E+02 -0.13181235E-22  0.35708017E-38
  0.30500000E+02 -0.13095407E-22  0.34847877E-38
  0.30600000E+02 -0.13010413E-22  0.35011666E-38
  0.30700000E+02 -0.12926243E-22  0.35623004E-38
  0.30800000E+02 -0.12842887E-22  0.35438081E-38
  0.30900000E+02 -0.12760334E-22  0.34924898E-38
  0.31000000E+02 -0.12678573E-22  0.37524978E-38
  0.31100000E+02 -0.12597596E-22  0.35633864E-38
  0.31200000E+02 -0.12517391E-22  0.31444213E-38
  0.31300000E+02 -0.12437950E-22  0.31048597E-38
  0.31400000E+02 -0.12359261E-22  0.34266784E-38
  0.31500000E+02 -0.12281317E-22  0.34244253E-38
  0.31600000E+02 -0.12204106E-22  0.31717597E-38
  0.31700000E+02 -0.12127622E-22  0.34746683E-38
  0.31800000E+02 -0.12051853E-22  0.31987395E-38
  0.31900000E+02 -0.11976792E-22  0.29296164E-38
  0.32000000E+02 -0.11902429E-22  0.32370629E-38
  0.32100000E+02 -0.11828756E-22  0.31364660E-38
  0.32200000E+02 -0.11755765E-22  0.32345955E-38
  0.32300000E+02 -0.11683446E-22  0.32683899E-38
  0.32400000E+02 -0.11611793E-22  0.29716555E-38
  0.32500000E+02 -0.11540795E-22  0.30203914E-38
  0.32600000E+02 -0.11470447E-22  0.31117881E-38
  0.32700000E+02 -0.11400740E-22  0.31937408E-38
  0.32800000E+02 -0.11331665E-22  0.33525981E-38
  0.32900000E+02 -0.11263216E-22  0.28885772E-38
  0.33000000E+02 -0.11195384E-22  0.32137062E-38
  0.33100000E+02 -0.11128164E-22  0.30668553E-38
  0.33200000E+02 -0.11061546E-22  0.32711560E-38
  0.33300000E+02 -0.10995524E-22  0.31155975E-38
  0.33400000E+02 -0.10930091E-22  0.29329975E-38
  0.33500000E+02 -0.10865240E-22  0.30326151E-38
  0.33600000E+02 -0.10800964E-22  0.27698192E-38
  0.33700000E+02 -0.10737256E-22  0.28288371E-38
  0.33800000E+02 -0.10674110E-22  0.30615412E-38
  0.33900000E+02 -0.10611519E-22  0.30109391E-38
  0.34000000E+02 -0.10549476E-22  0.26599750E-38
  0.34100000E+02 -0.10487975E-22  0.31090050E-38
  0.34200000E+02 -0.10427010E-22  0.28237322E-38
  0.34300000E+02 -0.10366575E-22  0.31367664E-38
  0.34400000E+02 -0.10306663E-22  0.27401924E-38
  0.34500000E+02 -0.10247269E-22  0.27207999E-38
  0.34600000E+02 -0.10188386E-22  0.27745562E-38
  0.34700000E+02 -0.10130009E-22  0.28950305E-38
  0.34800000E+02 -0.10072132E-22  0.27412010E-38
  0.34900000E+02 -0.10014749E-22  0.26964817E-38
  0.35000000E+02 -0.99578546E-23  0.25669860E-38
  0.35100000E+02 -0.99014433E-23  0.28789490E-38
  0.35200000E+02 -0.98455096E-23  0.28599810E-38
  0.35300000E+02 -0.97900482E-23  0.28385170E-38
  0.35400000E+02 -0.97350537E-23  0.25699887E-38
  0.35500000E+02 -0.96805209E-23  0.25612442E-38
  0.35600000E+02 -0.96264447E-23  0.28398994E-38
  0.35700000E+02 -0.95728200E-23  0.26341907E-38
  0.35800000E+02 -0.95196417E-23  0.27137459E-38
  0.35900000E+02 -0.94669050E-23  0.26883933E-38
  0.36000000E+02 -0.94146050E-23  0.25701459E-38
  0.36100000E+02 -0.93627368E-23  0.26419454E-38
  0.36200000E+02 -0.93112957E-23  0.27998113E-38
  0.36300000E+02 -0.92602771E-23  0.24757370E-38
  0.36400000E+02 -0.92096763E-23  0.26318480E-38
  0.36500000E+02 -0.91594888E-23  0.25736988E-38
  0.36600000E+02 -0.91097101E-23  0.25766479E-38
  0.36700000E+02 -0.90603358E-23  0.24313768E-38
  0.36800000E+02 -0.90113615E-23  0.27235981E-38
  0.36900000E+02 -0.89627829E-23  0.25348558E-38
  0.37000000E+02 -0.89145957E-23  0.24004168E-38
  0.37100000E+02 -0.88667958E-23  0.27277134E-38
  0.37200000E+02 -0.88193790E-23  0.24196838E-38
  0.37300000E+02 -0.87723412E-23  0.24429425E-38
  0.37400000E+02 -0.87256785E-23  0.23441991E-38
  0.37500000E+02 -0.86793868E-23  0.23022757E-38
  0.37600000E+02 -0.86334622E-23  0.25451732E-38
  0.37700000E+02 -0.85879008E-23  0.24960550E-38
  0.37800000E+02 -0.85426989E-23  0.21731841E-38
  0.37900000E+02 -0.84978526E-23  0.22282893E-38
  0.38000000E+02 -0.84533583E-23  0.23202878E-38
  0.38100000E+02 -0.84092123E-23  0.22821235E-38
  0.38200000E+02 -0.83654108E-23  0.23591101E-38
  0.38300000E+02 -0.83219505E-23  0.23271705E-38
  0.38400000E+02 -0.82788277E-23  0.22961258E-38
  0.38500000E+02 -0.82360389E-23  0.22919090E-38
  0.38600000E+02 -0.81935808E-23  0.23635925E-38
  0.38700000E+02 -0.81514498E-23  0.23043516E-38
  0.38800000E+02 -0.81096428E-23  0.23841684E-38
  0.38900000E+02 -0.80681563E-23  0.23804103E-38
  0.39000000E+02 -0.80269870E-23  0.23186606E-38
  0.39100000E+02 -0.79861319E-23  0.21934101E-38
  0.39200000E+02 -0.79455876E-23  0.20809199E-38
  0.39300000E+02 -0.79053511E-23  0.23424584E-38
  0.39400000E+02 -0.78654191E-23  0.22716471E-38
  0.39500000E+02 -0.78257888E-23  0.20800743E-38
  0.39600000E+02 -0.77864569E-23  0.19813979E-38
  0.39700000E+02 -0.77474207E-23  0.22221628E-38
  0.39800000E+02 -0.77086770E-23  0.23406277E-38
  0.39900000E+02 -0.76702230E-23  0.21773213E-38
  0.40000000E+02 -0.76320558E-23  0.23467828E-38
