  0.00000000E+00 -0.52958721E-21  0.62066804E-35
  0.10000000E+00 -0.42283733E-21  0.60142193E-35
  0.20000000E+00 -0.44142067E-21  0.62588481E-35
  0.30000000E+00 -0.48050235E-21  0.61046490E-35
  0.40000000E+00 -0.50846314E-21  0.60250717E-35
  0.50000000E+00 -0.52236821E-21  0.55483851E-35
  0.60000000E+00 -0.52415098E-21  0.53714952E-35
  0.70000000E+00 -0.51645100E-21  0.51869075E-35
  0.80000000E+00 -0.50175328E-21  0.47969515E-35
  0.90000000E+00 -0.48218088E-21  0.45048520E-35
  0.10000000E+01 -0.45945628E-21  0.41451644E-35
  0.11000000E+01 -0.43492463E-21  0.38244399E-35
  0.12000000E+01 -0.40960268E-21  0.36431957E-35
  0.13000000E+01 -0.38423575E-21  0.33829594E-35
  0.14000000E+01 -0.35935267E-21  0.30857147E-35
  0.15000000E+01 -0.33531439E-21  0.29048603E-35
  0.16000000E+01 -0.31235451E-21  0.27052741E-35
  0.17000000E+01 -0.29061181E-21  0.25291462E-35
  0.18000000E+01 -0.27015587E-21  0.23688357E-35
  0.19000000E+01 -0.25100665E-21  0.22152902E-35
  0.20000000E+01 -0.23314946E-21  0.21378519E-35
  0.21000000E+01 -0.21654601E-21  0.19508442E-35
  0.22000000E+01 -0.20114273E-21  0.18268760E-35
  0.23000000E+01 -0.18687673E-21  0.17364195E-35
  0.24000000E+01 -0.17368022E-21  0.16509302E-35
  0.25000000E+01 -0.16148357E-21  0.15283370E-35
  0.26000000E+01 -0.15021747E-21  0.14548751E-35
  0.27000000E+01 -0.13981442E-21  0.13852034E-35
  0.28000000E+01 -0.13020965E-21  0.13312618E-35
  0.29000000E+01 -0.12134177E-21  0.12482668E-35
  0.30000000E+01 -0.11315304E-21  0.11996414E-35
  0.31000000E+01 -0.10558956E-21  0.11145244E-35
  0.32000000E+01 -0.98601206E-22  0.10744747E-35
  0.33000000E+01 -0.92141603E-22  0.10208410E-35
  0.34000000E+01 -0.86167951E-22  0.99578578E-36
  0.35000000E+01 -0.80640845E-22  0.93038315E-36
  0.36000000E+01 -0.75524077E-22  0.87665867E-36
  0.37000000E+01 -0.70784415E-22  0.84910754E-36
  0.38000000E+01 -0.66391398E-22  0.82093896E-36
  0.39000000E+01 -0.62317119E-22  0.79754403E-36
  0.40000000E+01 -0.58536026E-22  0.76553747E-36
  0.41000000E+01 -0.55024729E-22  0.73715044E-36
  0.42000000E+01 -0.51761824E-22  0.69833297E-36
  0.43000000E+01 -0.48727718E-22  0.67225259E-36
  0.44000000E+01 -0.45904478E-22  0.65059102E-36
  0.45000000E+01 -0.43275688E-22  0.61834449E-36
  0.46000000E+01 -0.40826312E-22  0.60396868E-36
  0.47000000E+01 -0.38542576E-22  0.57800526E-36
  0.48000000E+01 -0.36411859E-22  0.55458756E-36
  0.49000000E+01 -0.34422587E-22  0.54330938E-36
  0.50000000E+01 -0.32564143E-22  0.51733720E-36
  0.51000000E+01 -0.30826784E-22  0.51128570E-36
  0.52000000E+01 -0.29201565E-22  0.49639880E-36
  0.53000000E+01 -0.27680263E-22  0.47649532E-36
  0.54000000E+01 -0.26255323E-22  0.46367973E-36
  0.55000000E+01 -0.24919793E-22  0.44604043E-36
  0.56000000E+01 -0.23667277E-22  0.43860463E-36
  0.57000000E+01 -0.22491882E-22  0.41915130E-36
  0.58000000E+01 -0.21388180E-22  0.40493969E-36
  0.59000000E+01 -0.20351165E-22  0.39389396E-36
  0.60000000E+01 -0.19376219E-22  0.38107743E-36
  0.61000000E+01 -0.18459077E-22  0.37776162E-36
  0.62000000E+01 -0.17595804E-22  0.35949251E-36
  0.63000000E+01 -0.16782757E-22  0.35023867E-36
  0.64000000E+01 -0.16016572E-22  0.34074295E-36
  0.65000000E+01 -0.15294133E-22  0.33432586E-36
  0.66000000E+01 -0.14612556E-22  0.32495368E-36
  0.67000000E+01 -0.13969168E-22  0.31210999E-36
  0.68000000E+01 -0.13361492E-22  0.30943659E-36
  0.69000000E+01 -0.12787231E-22  0.30242338E-36
  0.70000000E+01 -0.12244252E-22  0.29266784E-36
  0.71000000E+01 -0.11730574E-22  0.28430262E-36
  0.72000000E+01 -0.11244358E-22  0.27727140E-36
  0.73000000E+01 -0.10783892E-22  0.26874885E-36
  0.74000000E+01 -0.10347587E-22  0.26035860E-36
  0.75000000E+01 -0.99339599E-23  0.25950471E-36
  0.76000000E+01 -0.95416330E-23  0.25508702E-36
  0.77000000E+01 -0.91693210E-23  0.24522183E-36
  0.78000000E+01 -0.88158263E-23  0.24148407E-36
  0.79000000E+01 -0.84800319E-23  0.23606091E-36
  0.80000000E+01 -0.81608952E-23  0.22727743E-36
  0.81000000E+01 -0.78574431E-23  0.21941353E-36
  0.82000000E+01 -0.75687664E-23  0.22208324E-36
  0.83000000E+01 -0.72940153E-23  0.21672546E-36
  0.84000000E+01 -0.70323954E-23  0.21421834E-36
  0.85000000E+01 -0.67831634E-23  0.20737322E-36
  0.86000000E+01 -0.65456235E-23  0.20339856E-36
  0.87000000E+01 -0.63191243E-23  0.19916609E-36
  0.88000000E+01 -0.61030554E-23  0.19353736E-36
  0.89000000E+01 -0.58968447E-23  0.18956953E-36
  0.90000000E+01 -0.56999556E-23  0.18776448E-36
  0.91000000E+01 -0.55118848E-23  0.18283139E-36
  0.92000000E+01 -0.53321598E-23  0.17718970E-36
  0.93000000E+01 -0.51603368E-23  0.17536995E-36
  0.94000000E+01 -0.49959991E-23  0.17023863E-36
  0.95000000E+01 -0.48387549E-23  0.17031462E-36
  0.96000000E+01 -0.46882356E-23  0.16418963E-36
  0.97000000E+01 -0.45440948E-23  0.16337960E-36
  0.98000000E+01 -0.44060062E-23  0.16042535E-36
  0.99000000E+01 -0.42736627E-23  0.15743704E-36
  0.10000000E+02 -0.41467751E-23  0.15246185E-36
  0.10100000E+02 -0.40250707E-23  0.15004370E-36
  0.10200000E+02 -0.39082924E-23  0.14770068E-36
  0.10300000E+02 -0.37961979E-23  0.14511944E-36
  0.10400000E+02 -0.36885585E-23  0.14291643E-36
  0.10500000E+02 -0.35851584E-23  0.14093129E-36
  0.10600000E+02 -0.34857936E-23  0.13887053E-36
  0.10700000E+02 -0.33902716E-23  0.13735804E-36
  0.10800000E+02 -0.32984104E-23  0.13370929E-36
  0.10900000E+02 -0.32100380E-23  0.12940757E-36
  0.11000000E+02 -0.31249916E-23  0.12881094E-36
  0.11100000E+02 -0.30431174E-23  0.12596020E-36
  0.11200000E+02 -0.29642695E-23  0.12395095E-36
  0.11300000E+02 -0.28883101E-23  0.12158514E-36
  0.11400000E+02 -0.28151084E-23  0.12138968E-36
  0.11500000E+02 -0.27445406E-23  0.11948370E-36
  0.11600000E+02 -0.26764894E-23  0.11532042E-36
  0.11700000E+02 -0.26108434E-23  0.11414506E-36
  0.11800000E+02 -0.25474970E-23  0.11167872E-36
  0.11900000E+02 -0.24863500E-23  0.11151407E-36
  0.12000000E+02 -0.24273074E-23  0.10956527E-36
  0.12100000E+02 -0.23702788E-23  0.10696727E-36
  0.12200000E+02 -0.23151784E-23  0.10577265E-36
  0.12300000E+02 -0.22619247E-23  0.10376377E-36
  0.12400000E+02 -0.22104402E-23  0.10241860E-36
  0.12500000E+02 -0.21606511E-23  0.10319000E-36
  0.12600000E+02 -0.21124875E-23  0.10281026E-36
  0.12700000E+02 -0.20658825E-23  0.98678007E-37
  0.12800000E+02 -0.20207727E-23  0.98152319E-37
  0.12900000E+02 -0.19770976E-23  0.96163609E-37
  0.13000000E+02 -0.19347997E-23  0.94154332E-37
  0.13100000E+02 -0.18938240E-23  0.92236703E-37
  0.13200000E+02 -0.18541182E-23  0.91966310E-37
  0.13300000E+02 -0.18156326E-23  0.90469819E-37
  0.13400000E+02 -0.17783194E-23  0.89205653E-37
  0.13500000E+02 -0.17421335E-23  0.88690587E-37
  0.13600000E+02 -0.17070314E-23  0.85159180E-37
  0.13700000E+02 -0.16729719E-23  0.84196077E-37
  0.13800000E+02 -0.16399155E-23  0.85492503E-37
  0.13900000E+02 -0.16078245E-23  0.82965337E-37
  0.14000000E+02 -0.15766628E-23  0.82378558E-37
  0.14100000E+02 -0.15463961E-23  0.79763417E-37
  0.14200000E+02 -0.15169914E-23  0.79752987E-37
  0.14300000E+02 -0.14884173E-23  0.79129290E-37
  0.14400000E+02 -0.14606436E-23  0.78188198E-37
  0.14500000E+02 -0.14336416E-23  0.77757755E-37
  0.14600000E+02 -0.14073837E-23  0.76059192E-37
  0.14700000E+02 -0.13818435E-23  0.74401777E-37
  0.14800000E+02 -0.13569956E-23  0.74914445E-37
  0.14900000E+02 -0.13328160E-23  0.73460230E-37
  0.15000000E+02 -0.13092813E-23  0.71630577E-37
  0.15100000E+02 -0.12863694E-23  0.70896655E-37
  0.15200000E+02 -0.12640589E-23  0.69645422E-37
  0.15300000E+02 -0.12423293E-23  0.69083064E-37
  0.15400000E+02 -0.12211611E-23  0.68019585E-37
  0.15500000E+02 -0.12005354E-23  0.67597165E-37
  0.15600000E+02 -0.11804342E-23  0.66171997E-37
  0.15700000E+02 -0.11608401E-23  0.65754448E-37
  0.15800000E+02 -0.11417365E-23  0.66272365E-37
  0.15900000E+02 -0.11231073E-23  0.63556710E-37
  0.16000000E+02 -0.11049373E-23  0.63276620E-37
  0.16100000E+02 -0.10872116E-23  0.63068572E-37
  0.16200000E+02 -0.10699161E-23  0.61380466E-37
  0.16300000E+02 -0.10530370E-23  0.61622981E-37
  0.16400000E+02 -0.10365614E-23  0.61385952E-37
  0.16500000E+02 -0.10204765E-23  0.59377403E-37
  0.16600000E+02 -0.10047702E-23  0.59645613E-37
  0.16700000E+02 -0.98943088E-24  0.58767545E-37
  0.16800000E+02 -0.97444721E-24  0.58139377E-37
  0.16900000E+02 -0.95980838E-24  0.57311045E-37
  0.17000000E+02 -0.94550396E-24  0.56360074E-37
  0.17100000E+02 -0.93152391E-24  0.55009573E-37
  0.17200000E+02 -0.91785852E-24  0.55175130E-37
  0.17300000E+02 -0.90449849E-24  0.55109709E-37
  0.17400000E+02 -0.89143480E-24  0.53312919E-37
  0.17500000E+02 -0.87865879E-24  0.54820194E-37
  0.17600000E+02 -0.86616209E-24  0.52776212E-37
  0.17700000E+02 -0.85393664E-24  0.51455435E-37
  0.17800000E+02 -0.84197465E-24  0.51816270E-37
  0.17900000E+02 -0.83026861E-24  0.50965413E-37
  0.18000000E+02 -0.81881127E-24  0.50745631E-37
  0.18100000E+02 -0.80759564E-24  0.50713926E-37
  0.18200000E+02 -0.79661495E-24  0.49795283E-37
  0.18300000E+02 -0.78586268E-24  0.49306963E-37
  0.18400000E+02 -0.77533253E-24  0.49300397E-37
  0.18500000E+02 -0.76501840E-24  0.48402813E-37
  0.18600000E+02 -0.75491441E-24  0.48006472E-37
  0.18700000E+02 -0.74501486E-24  0.46859956E-37
  0.18800000E+02 -0.73531426E-24  0.46570120E-37
  0.18900000E+02 -0.72580728E-24  0.45996529E-37
  0.19000000E+02 -0.71648878E-24  0.45850350E-37
  0.19100000E+02 -0.70735379E-24  0.46032260E-37
  0.19200000E+02 -0.69839748E-24  0.45055997E-37
  0.19300000E+02 -0.68961520E-24  0.44808545E-37
  0.19400000E+02 -0.68100243E-24  0.43462661E-37
  0.19500000E+02 -0.67255482E-24  0.43328639E-37
  0.19600000E+02 -0.66426813E-24  0.43951977E-37
  0.19700000E+02 -0.65613826E-24  0.43161667E-37
  0.19800000E+02 -0.64816126E-24  0.43326556E-37
  0.19900000E+02 -0.64033327E-24  0.41849437E-37
  0.20000000E+02 -0.63265059E-24  0.41717506E-37
  0.20100000E+02 -0.62510958E-24  0.40942503E-37
  0.20200000E+02 -0.61770677E-24  0.40681312E-37
  0.20300000E+02 -0.61043876E-24  0.40344240E-37
  0.20400000E+02 -0.60330226E-24  0.39724775E-37
  0.20500000E+02 -0.59629408E-24  0.39194753E-37
  0.20600000E+02 -0.58941113E-24  0.38720007E-37
  0.20700000E+02 -0.58265041E-24  0.39336491E-37
  0.20800000E+02 -0.57600901E-24  0.38729331E-37
  0.20900000E+02 -0.56948409E-24  0.37853649E-37
  0.21000000E+02 -0.56307293E-24  0.37595139E-37
  0.21100000E+02 -0.55677285E-24  0.37989362E-37
  0.21200000E+02 -0.55058127E-24  0.36971391E-37
  0.21300000E+02 -0.54449568E-24  0.36377808E-37
  0.21400000E+02 -0.53851364E-24  0.36456423E-37
  0.21500000E+02 -0.53263278E-24  0.35618558E-37
  0.21600000E+02 -0.52685080E-24  0.36214490E-37
  0.21700000E+02 -0.52116546E-24  0.35834357E-37
  0.21800000E+02 -0.51557460E-24  0.35808097E-37
  0.21900000E+02 -0.51007609E-24  0.35119171E-37
  0.22000000E+02 -0.50466789E-24  0.34805796E-37
  0.22100000E+02 -0.49934799E-24  0.34392709E-37
  0.22200000E+02 -0.49411446E-24  0.33978022E-37
  0.22300000E+02 -0.48896541E-24  0.33873128E-37
  0.22400000E+02 -0.48389899E-24  0.32938853E-37
  0.22500000E+02 -0.47891342E-24  0.32943702E-37
  0.22600000E+02 -0.47400697E-24  0.32892752E-37
  0.22700000E+02 -0.46917793E-24  0.32242647E-37
  0.22800000E+02 -0.46442466E-24  0.32297050E-37
  0.22900000E+02 -0.45974556E-24  0.31890307E-37
  0.23000000E+02 -0.45513907E-24  0.31799833E-37
  0.23100000E+02 -0.45060367E-24  0.31681309E-37
  0.23200000E+02 -0.44613786E-24  0.31315857E-37
  0.23300000E+02 -0.44174023E-24  0.31282518E-37
  0.23400000E+02 -0.43740935E-24  0.30230951E-37
  0.23500000E+02 -0.43314386E-24  0.30724238E-37
  0.23600000E+02 -0.42894243E-24  0.30191663E-37
  0.23700000E+02 -0.42480375E-24  0.29776567E-37
  0.23800000E+02 -0.42072657E-24  0.29691227E-37
  0.23900000E+02 -0.41670964E-24  0.29476654E-37
  0.24000000E+02 -0.41275176E-24  0.29462792E-37
  0.24100000E+02 -0.40885177E-24  0.28844102E-37
  0.24200000E+02 -0.40500851E-24  0.28331454E-37
  0.24300000E+02 -0.40122087E-24  0.28693115E-37
  0.24400000E+02 -0.39748776E-24  0.28030468E-37
  0.24500000E+02 -0.39380812E-24  0.28215666E-37
  0.24600000E+02 -0.39018092E-24  0.27713380E-37
  0.24700000E+02 -0.38660514E-24  0.27844737E-37
  0.24800000E+02 -0.38307979E-24  0.27141474E-37
  0.24900000E+02 -0.37960393E-24  0.26744030E-37
  0.25000000E+02 -0.37617659E-24  0.27042275E-37
  0.25100000E+02 -0.37279688E-24  0.26539987E-37
  0.25200000E+02 -0.36946389E-24  0.26676808E-37
  0.25300000E+02 -0.36617675E-24  0.26651767E-37
  0.25400000E+02 -0.36293460E-24  0.25891419E-37
  0.25500000E+02 -0.35973662E-24  0.26232343E-37
  0.25600000E+02 -0.35658199E-24  0.25602299E-37
  0.25700000E+02 -0.35346990E-24  0.25863688E-37
  0.25800000E+02 -0.35039960E-24  0.25189348E-37
  0.25900000E+02 -0.34737031E-24  0.25016159E-37
  0.26000000E+02 -0.34438129E-24  0.24682403E-37
  0.26100000E+02 -0.34143182E-24  0.24578787E-37
  0.26200000E+02 -0.33852120E-24  0.24412461E-37
  0.26300000E+02 -0.33564872E-24  0.24255430E-37
  0.26400000E+02 -0.33281371E-24  0.24433050E-37
  0.26500000E+02 -0.33001552E-24  0.24056966E-37
  0.26600000E+02 -0.32725348E-24  0.23948655E-37
  0.26700000E+02 -0.32452697E-24  0.24057402E-37
  0.26800000E+02 -0.32183538E-24  0.23303642E-37
  0.26900000E+02 -0.31917809E-24  0.22991333E-37
  0.27000000E+02 -0.31655451E-24  0.23465773E-37
  0.27100000E+02 -0.31396406E-24  0.22784444E-37
  0.27200000E+02 -0.31140618E-24  0.23041103E-37
  0.27300000E+02 -0.30888031E-24  0.22538795E-37
  0.27400000E+02 -0.30638591E-24  0.22396658E-37
  0.27500000E+02 -0.30392245E-24  0.22404955E-37
  0.27600000E+02 -0.30148941E-24  0.22086866E-37
  0.27700000E+02 -0.29908627E-24  0.21623370E-37
  0.27800000E+02 -0.29671255E-24  0.21968278E-37
  0.27900000E+02 -0.29436774E-24  0.21656004E-37
  0.28000000E+02 -0.29205139E-24  0.21488455E-37
  0.28100000E+02 -0.28976301E-24  0.21398748E-37
  0.28200000E+02 -0.28750216E-24  0.20871343E-37
  0.28300000E+02 -0.28526837E-24  0.21053103E-37
  0.28400000E+02 -0.28306122E-24  0.20646009E-37
  0.28500000E+02 -0.28088027E-24  0.20607380E-37
  0.28600000E+02 -0.27872510E-24  0.20505994E-37
  0.28700000E+02 -0.27659530E-24  0.20456924E-37
  0.28800000E+02 -0.27449047E-24  0.20661697E-37
  0.28900000E+02 -0.27241020E-24  0.20288389E-37
  0.29000000E+02 -0.27035411E-24  0.19888861E-37
  0.29100000E+02 -0.26832182E-24  0.19983889E-37
  0.29200000E+02 -0.26631295E-24  0.19861644E-37
  0.29300000E+02 -0.26432714E-24  0.19829224E-37
  0.29400000E+02 -0.26236404E-24  0.19335773E-37
  0.29500000E+02 -0.26042328E-24  0.19274048E-37
  0.29600000E+02 -0.25850452E-24  0.19356177E-37
  0.29700000E+02 -0.25660744E-24  0.19128645E-37
  0.29800000E+02 -0.25473168E-24  0.19345702E-37
  0.29900000E+02 -0.25287694E-24  0.18577886E-37
  0.30000000E+02 -0.25104289E-24  0.18870674E-37
  0.30100000E+02 -0.24922921E-24  0.18624491E-37
  0.30200000E+02 -0.24743561E-24  0.18686304E-37
  0.30300000E+02 -0.24566178E-24  0.18250698E-37
  0.30400000E+02 -0.24390742E-24  0.18170192E-37
  0.30500000E+02 -0.24217225E-24  0.18137772E-37
  0.30600000E+02 -0.24045598E-24  0.18343114E-37
  0.30700000E+02 -0.23875834E-24  0.17996170E-37
  0.30800000E+02 -0.23707904E-24  0.17595101E-37
  0.30900000E+02 -0.23541783E-24  0.17818544E-37
  0.31000000E+02 -0.23377443E-24  0.18010648E-37
  0.31100000E+02 -0.23214859E-24  0.17399411E-37
  0.31200000E+02 -0.23054005E-24  0.17597121E-37
  0.31300000E+02 -0.22894857E-24  0.17250507E-37
  0.31400000E+02 -0.22737389E-24  0.17233964E-37
  0.31500000E+02 -0.22581579E-24  0.17023026E-37
  0.31600000E+02 -0.22427402E-24  0.16670978E-37
  0.31700000E+02 -0.22274835E-24  0.16735574E-37
  0.31800000E+02 -0.22123856E-24  0.16663687E-37
  0.31900000E+02 -0.21974441E-24  0.16623025E-37
  0.32000000E+02 -0.21826570E-24  0.16673048E-37
  0.32100000E+02 -0.21680220E-24  0.16406159E-37
  0.32200000E+02 -0.21535371E-24  0.16235059E-37
  0.32300000E+02 -0.21392000E-24  0.16230821E-37
  0.32400000E+02 -0.21250089E-24  0.16017111E-37
  0.32500000E+02 -0.21109617E-24  0.16178997E-37
  0.32600000E+02 -0.20970564E-24  0.15946246E-37
  0.32700000E+02 -0.20832911E-24  0.15538768E-37
  0.32800000E+02 -0.20696638E-24  0.15817452E-37
  0.32900000E+02 -0.20561727E-24  0.15744259E-37
  0.33000000E+02 -0.20428160E-24  0.15796801E-37
  0.33100000E+02 -0.20295918E-24  0.15573194E-37
  0.33200000E+02 -0.20164984E-24  0.15339819E-37
  0.33300000E+02 -0.20035340E-24  0.15498683E-37
  0.33400000E+02 -0.19906969E-24  0.15298613E-37
  0.33500000E+02 -0.19779854E-24  0.14901974E-37
  0.33600000E+02 -0.19653979E-24  0.15012775E-37
  0.33700000E+02 -0.19529326E-24  0.14861771E-37
  0.33800000E+02 -0.19405880E-24  0.14807085E-37
  0.33900000E+02 -0.19283626E-24  0.14556488E-37
  0.34000000E+02 -0.19162547E-24  0.14584211E-37
  0.34100000E+02 -0.19042628E-24  0.14623779E-37
  0.34200000E+02 -0.18923855E-24  0.14212480E-37
  0.34300000E+02 -0.18806212E-24  0.14187840E-37
  0.34400000E+02 -0.18689685E-24  0.14186373E-37
  0.34500000E+02 -0.18574260E-24  0.14383514E-37
  0.34600000E+02 -0.18459922E-24  0.14246363E-37
  0.34700000E+02 -0.18346658E-24  0.14161774E-37
  0.34800000E+02 -0.18234454E-24  0.13910540E-37
  0.34900000E+02 -0.18123296E-24  0.13687601E-37
  0.35000000E+02 -0.18013172E-24  0.13722624E-37
  0.35100000E+02 -0.17904068E-24  0.14042587E-37
  0.35200000E+02 -0.17795972E-24  0.13660590E-37
  0.35300000E+02 -0.17688871E-24  0.13672638E-37
  0.35400000E+02 -0.17582753E-24  0.13408791E-37
  0.35500000E+02 -0.17477605E-24  0.13374627E-37
  0.35600000E+02 -0.17373416E-24  0.13278423E-37
  0.35700000E+02 -0.17270173E-24  0.13273564E-37
  0.35800000E+02 -0.17167866E-24  0.13443227E-37
  0.35900000E+02 -0.17066482E-24  0.13164944E-37
  0.36000000E+02 -0.16966010E-24  0.13141558E-37
  0.36100000E+02 -0.16866440E-24  0.13216656E-37
  0.36200000E+02 -0.16767760E-24  0.12701723E-37
  0.36300000E+02 -0.16669959E-24  0.12889879E-37
  0.36400000E+02 -0.16573027E-24  0.12708127E-37
  0.36500000E+02 -0.16476954E-24  0.12869252E-37
  0.36600000E+02 -0.16381730E-24  0.12707908E-37
  0.36700000E+02 -0.16287343E-24  0.12902835E-37
  0.36800000E+02 -0.16193785E-24  0.12690355E-37
  0.36900000E+02 -0.16101045E-24  0.12414439E-37
  0.37000000E+02 -0.16009113E-24  0.12196733E-37
  0.37100000E+02 -0.15917981E-24  0.12493452E-37
  0.37200000E+02 -0.15827639E-24  0.12481313E-37
  0.37300000E+02 -0.15738077E-24  0.12272790E-37
  0.37400000E+02 -0.15649286E-24  0.12025598E-37
  0.37500000E+02 -0.15561258E-24  0.11985318E-37
  0.37600000E+02 -0.15473984E-24  0.11978309E-37
  0.37700000E+02 -0.15387454E-24  0.12035164E-37
  0.37800000E+02 -0.15301661E-24  0.11552000E-37
  0.37900000E+02 -0.15216596E-24  0.11780707E-37
  0.38000000E+02 -0.15132250E-24  0.11605841E-37
  0.38100000E+02 -0.15048616E-24  0.11622095E-37
  0.38200000E+02 -0.14965684E-24  0.11663878E-37
  0.38300000E+02 -0.14883448E-24  0.11553831E-37
  0.38400000E+02 -0.14801900E-24  0.11467710E-37
  0.38500000E+02 -0.14721031E-24  0.11393605E-37
  0.38600000E+02 -0.14640833E-24  0.11440587E-37
  0.38700000E+02 -0.14561301E-24  0.11339223E-37
  0.38800000E+02 -0.14482425E-24  0.11289072E-37
  0.38900000E+02 -0.14404199E-24  0.11165288E-37
  0.39000000E+02 -0.14326615E-24  0.11272835E-37
  0.39100000E+02 -0.14249667E-24  0.11161879E-37
  0.39200000E+02 -0.14173347E-24  0.11019110E-37
  0.39300000E+02 -0.14097648E-24  0.11216156E-37
  0.39400000E+02 -0.14022564E-24  0.10839421E-37
  0.39500000E+02 -0.13948088E-24  0.10940434E-37
  0.39600000E+02 -0.13874213E-24  0.10730673E-37
  0.39700000E+02 -0.13800932E-24  0.10671892E-37
  0.39800000E+02 -0.13728240E-24  0.10716598E-37
  0.39900000E+02 -0.13656130E-24  0.10480448E-37
  0.40000000E+02 -0.13584595E-24  0.10694430E-37
