  0.00000000E+00 -0.49316586E-20 -0.61243187E-35
  0.10000000E+00 -0.40684915E-20 -0.55077328E-35
  0.20000000E+00 -0.33488445E-20 -0.52814064E-35
  0.30000000E+00 -0.28825152E-20 -0.51771083E-35
  0.40000000E+00 -0.25463076E-20 -0.51226280E-35
  0.50000000E+00 -0.22911657E-20 -0.50262413E-35
  0.60000000E+00 -0.20913912E-20 -0.46521184E-35
  0.70000000E+00 -0.19308579E-20 -0.44439328E-35
  0.80000000E+00 -0.17986603E-20 -0.39625917E-35
  0.90000000E+00 -0.16872098E-20 -0.37920381E-35
  0.10000000E+01 -0.15911710E-20 -0.34513877E-35
  0.11000000E+01 -0.15067783E-20 -0.32682613E-35
  0.12000000E+01 -0.14313668E-20 -0.29284802E-35
  0.13000000E+01 -0.13630437E-20 -0.27417194E-35
  0.14000000E+01 -0.13004555E-20 -0.24181964E-35
  0.15000000E+01 -0.12426246E-20 -0.23226784E-35
  0.16000000E+01 -0.11888348E-20 -0.21838252E-35
  0.17000000E+01 -0.11385517E-20 -0.19412739E-35
  0.18000000E+01 -0.10913678E-20 -0.18171644E-35
  0.19000000E+01 -0.10469644E-20 -0.16453879E-35
  0.20000000E+01 -0.10050856E-20 -0.15178565E-35
  0.21000000E+01 -0.96552036E-21 -0.15181047E-35
  0.22000000E+01 -0.92809046E-21 -0.14227922E-35
  0.23000000E+01 -0.89264169E-21 -0.13672317E-35
  0.24000000E+01 -0.85903828E-21 -0.11730176E-35
  0.25000000E+01 -0.82715873E-21 -0.11185484E-35
  0.26000000E+01 -0.79689303E-21 -0.10849892E-35
  0.27000000E+01 -0.76814065E-21 -0.10037768E-35
  0.28000000E+01 -0.74080903E-21 -0.94651552E-36
  0.29000000E+01 -0.71481257E-21 -0.87916221E-36
  0.30000000E+01 -0.69007180E-21 -0.85990942E-36
  0.31000000E+01 -0.66651272E-21 -0.79582738E-36
  0.32000000E+01 -0.64406636E-21 -0.75060788E-36
  0.33000000E+01 -0.62266830E-21 -0.70335185E-36
  0.34000000E+01 -0.60225831E-21 -0.67271347E-36
  0.35000000E+01 -0.58278011E-21 -0.67507404E-36
  0.36000000E+01 -0.56418100E-21 -0.62733615E-36
  0.37000000E+01 -0.54641170E-21 -0.60522557E-36
  0.38000000E+01 -0.52942602E-21 -0.58165125E-36
  0.39000000E+01 -0.51318076E-21 -0.53976290E-36
  0.40000000E+01 -0.49763539E-21 -0.53244395E-36
  0.41000000E+01 -0.48275200E-21 -0.51639024E-36
  0.42000000E+01 -0.46849501E-21 -0.48326692E-36
  0.43000000E+01 -0.45483108E-21 -0.47272583E-36
  0.44000000E+01 -0.44172895E-21 -0.43734936E-36
  0.45000000E+01 -0.42915928E-21 -0.43743923E-36
  0.46000000E+01 -0.41709454E-21 -0.42329685E-36
  0.47000000E+01 -0.40550889E-21 -0.40332842E-36
  0.48000000E+01 -0.39437804E-21 -0.39033238E-36
  0.49000000E+01 -0.38367918E-21 -0.37117334E-36
  0.50000000E+01 -0.37339087E-21 -0.36013088E-36
  0.51000000E+01 -0.36349293E-21 -0.34588973E-36
  0.52000000E+01 -0.35396637E-21 -0.34284895E-36
  0.53000000E+01 -0.34479332E-21 -0.32564861E-36
  0.54000000E+01 -0.33595694E-21 -0.31318472E-36
  0.55000000E+01 -0.32744137E-21 -0.31733167E-36
  0.56000000E+01 -0.31923163E-21 -0.29800940E-36
  0.57000000E+01 -0.31131361E-21 -0.28683006E-36
  0.58000000E+01 -0.30367399E-21 -0.27908318E-36
  0.59000000E+01 -0.29630016E-21 -0.27148286E-36
  0.60000000E+01 -0.28918024E-21 -0.26653884E-36
  0.61000000E+01 -0.28230298E-21 -0.26702236E-36
  0.62000000E+01 -0.27565773E-21 -0.24777889E-36
  0.63000000E+01 -0.26923442E-21 -0.24396520E-36
  0.64000000E+01 -0.26302351E-21 -0.23837846E-36
  0.65000000E+01 -0.25701596E-21 -0.23243450E-36
  0.66000000E+01 -0.25120321E-21 -0.22570030E-36
  0.67000000E+01 -0.24557713E-21 -0.22428682E-36
  0.68000000E+01 -0.24012999E-21 -0.21181272E-36
  0.69000000E+01 -0.23485448E-21 -0.20399219E-36
  0.70000000E+01 -0.22974364E-21 -0.20370087E-36
  0.71000000E+01 -0.22479086E-21 -0.20249625E-36
  0.72000000E+01 -0.21998984E-21 -0.19585817E-36
  0.73000000E+01 -0.21533461E-21 -0.19034272E-36
  0.74000000E+01 -0.21081947E-21 -0.18215105E-36
  0.75000000E+01 -0.20643899E-21 -0.18773993E-36
  0.76000000E+01 -0.20218802E-21 -0.18016292E-36
  0.77000000E+01 -0.19806163E-21 -0.17502229E-36
  0.78000000E+01 -0.19405513E-21 -0.16483777E-36
  0.79000000E+01 -0.19016403E-21 -0.17208306E-36
  0.80000000E+01 -0.18638406E-21 -0.15968892E-36
  0.81000000E+01 -0.18271114E-21 -0.15945838E-36
  0.82000000E+01 -0.17914138E-21 -0.15833452E-36
  0.83000000E+01 -0.17567105E-21 -0.15761537E-36
  0.84000000E+01 -0.17229659E-21 -0.15431757E-36
  0.85000000E+01 -0.16901459E-21 -0.14312017E-36
  0.86000000E+01 -0.16582180E-21 -0.14295132E-36
  0.87000000E+01 -0.16271511E-21 -0.13867763E-36
  0.88000000E+01 -0.15969152E-21 -0.13666811E-36
  0.89000000E+01 -0.15674818E-21 -0.13230914E-36
  0.90000000E+01 -0.15388236E-21 -0.13680087E-36
  0.91000000E+01 -0.15109142E-21 -0.13269294E-36
  0.92000000E+01 -0.14837286E-21 -0.12837142E-36
  0.93000000E+01 -0.14572425E-21 -0.12730775E-36
  0.94000000E+01 -0.14314329E-21 -0.12297895E-36
  0.95000000E+01 -0.14062776E-21 -0.12187503E-36
  0.96000000E+01 -0.13817551E-21 -0.11898571E-36
  0.97000000E+01 -0.13578451E-21 -0.11945983E-36
  0.98000000E+01 -0.13345279E-21 -0.11395781E-36
  0.99000000E+01 -0.13117846E-21 -0.11602319E-36
  0.10000000E+02 -0.12895969E-21 -0.11124798E-36
  0.10100000E+02 -0.12679475E-21 -0.11015670E-36
  0.10200000E+02 -0.12468195E-21 -0.10552147E-36
  0.10300000E+02 -0.12261969E-21 -0.10332713E-36
  0.10400000E+02 -0.12060639E-21 -0.10595441E-36
  0.10500000E+02 -0.11864057E-21 -0.10165947E-36
  0.10600000E+02 -0.11672079E-21 -0.10507089E-36
  0.10700000E+02 -0.11484565E-21 -0.10190398E-36
  0.10800000E+02 -0.11301382E-21 -0.94122192E-37
  0.10900000E+02 -0.11122402E-21 -0.94580649E-37
  0.11000000E+02 -0.10947500E-21 -0.96881650E-37
  0.11100000E+02 -0.10776556E-21 -0.92058787E-37
  0.11200000E+02 -0.10609455E-21 -0.91498661E-37
  0.11300000E+02 -0.10446086E-21 -0.93136241E-37
  0.11400000E+02 -0.10286341E-21 -0.87772496E-37
  0.11500000E+02 -0.10130116E-21 -0.91818700E-37
  0.11600000E+02 -0.99773127E-22 -0.87826517E-37
  0.11700000E+02 -0.98278330E-22 -0.85820257E-37
  0.11800000E+02 -0.96815841E-22 -0.85606060E-37
  0.11900000E+02 -0.95384759E-22 -0.81326660E-37
  0.12000000E+02 -0.93984213E-22 -0.81980353E-37
  0.12100000E+02 -0.92613364E-22 -0.76418817E-37
  0.12200000E+02 -0.91271399E-22 -0.79672579E-37
  0.12300000E+02 -0.89957531E-22 -0.77931166E-37
  0.12400000E+02 -0.88671002E-22 -0.75398576E-37
  0.12500000E+02 -0.87411076E-22 -0.76270120E-37
  0.12600000E+02 -0.86177044E-22 -0.73353593E-37
  0.12700000E+02 -0.84968218E-22 -0.73938895E-37
  0.12800000E+02 -0.83783932E-22 -0.72324901E-37
  0.12900000E+02 -0.82623543E-22 -0.71745956E-37
  0.13000000E+02 -0.81486428E-22 -0.70809328E-37
  0.13100000E+02 -0.80371982E-22 -0.71602354E-37
  0.13200000E+02 -0.79279622E-22 -0.69882805E-37
  0.13300000E+02 -0.78208782E-22 -0.69101727E-37
  0.13400000E+02 -0.77158912E-22 -0.66032875E-37
  0.13500000E+02 -0.76129482E-22 -0.64020462E-37
  0.13600000E+02 -0.75119977E-22 -0.64815560E-37
  0.13700000E+02 -0.74129898E-22 -0.65167959E-37
  0.13800000E+02 -0.73158760E-22 -0.60761765E-37
  0.13900000E+02 -0.72206095E-22 -0.62630170E-37
  0.14000000E+02 -0.71271446E-22 -0.60270866E-37
  0.14100000E+02 -0.70354374E-22 -0.59814830E-37
  0.14200000E+02 -0.69454449E-22 -0.58955427E-37
  0.14300000E+02 -0.68571257E-22 -0.61246878E-37
  0.14400000E+02 -0.67704393E-22 -0.59621885E-37
  0.14500000E+02 -0.66853467E-22 -0.58392903E-37
  0.14600000E+02 -0.66018099E-22 -0.57889736E-37
  0.14700000E+02 -0.65197919E-22 -0.55278890E-37
  0.14800000E+02 -0.64392569E-22 -0.54371663E-37
  0.14900000E+02 -0.63601702E-22 -0.55675628E-37
  0.15000000E+02 -0.62824980E-22 -0.54847085E-37
  0.15100000E+02 -0.62062074E-22 -0.55028818E-37
  0.15200000E+02 -0.61312665E-22 -0.52732900E-37
  0.15300000E+02 -0.60576443E-22 -0.52210731E-37
  0.15400000E+02 -0.59853107E-22 -0.53199311E-37
  0.15500000E+02 -0.59142364E-22 -0.51281100E-37
  0.15600000E+02 -0.58443929E-22 -0.49834556E-37
  0.15700000E+02 -0.57757525E-22 -0.50664162E-37
  0.15800000E+02 -0.57082882E-22 -0.49970771E-37
  0.15900000E+02 -0.56419740E-22 -0.47385165E-37
  0.16000000E+02 -0.55767842E-22 -0.46962023E-37
  0.16100000E+02 -0.55126941E-22 -0.47828956E-37
  0.16200000E+02 -0.54496797E-22 -0.46154191E-37
  0.16300000E+02 -0.53877173E-22 -0.45779056E-37
  0.16400000E+02 -0.53267841E-22 -0.45984506E-37
  0.16500000E+02 -0.52668579E-22 -0.45037086E-37
  0.16600000E+02 -0.52079171E-22 -0.45126080E-37
  0.16700000E+02 -0.51499405E-22 -0.43678123E-37
  0.16800000E+02 -0.50929077E-22 -0.44836695E-37
  0.16900000E+02 -0.50367985E-22 -0.43302206E-37
  0.17000000E+02 -0.49815935E-22 -0.43288648E-37
  0.17100000E+02 -0.49272739E-22 -0.43018612E-37
  0.17200000E+02 -0.48738209E-22 -0.42143728E-37
  0.17300000E+02 -0.48212167E-22 -0.41914849E-37
  0.17400000E+02 -0.47694436E-22 -0.42229013E-37
  0.17500000E+02 -0.47184846E-22 -0.40555966E-37
  0.17600000E+02 -0.46683230E-22 -0.41160079E-37
  0.17700000E+02 -0.46189425E-22 -0.40598122E-37
  0.17800000E+02 -0.45703272E-22 -0.40504824E-37
  0.17900000E+02 -0.45224617E-22 -0.39181541E-37
  0.18000000E+02 -0.44753308E-22 -0.40179341E-37
  0.18100000E+02 -0.44289199E-22 -0.37908964E-37
  0.18200000E+02 -0.43832147E-22 -0.38602860E-37
  0.18300000E+02 -0.43382011E-22 -0.36283480E-37
  0.18400000E+02 -0.42938654E-22 -0.38347218E-37
  0.18500000E+02 -0.42501944E-22 -0.37625703E-37
  0.18600000E+02 -0.42071750E-22 -0.35314807E-37
  0.18700000E+02 -0.41647946E-22 -0.36755490E-37
  0.18800000E+02 -0.41230406E-22 -0.35802890E-37
  0.18900000E+02 -0.40819011E-22 -0.36449257E-37
  0.19000000E+02 -0.40413643E-22 -0.35951726E-37
  0.19100000E+02 -0.40014185E-22 -0.34451946E-37
  0.19200000E+02 -0.39620526E-22 -0.35029968E-37
  0.19300000E+02 -0.39232555E-22 -0.34568101E-37
  0.19400000E+02 -0.38850165E-22 -0.34114730E-37
  0.19500000E+02 -0.38473250E-22 -0.33046923E-37
  0.19600000E+02 -0.38101709E-22 -0.33330036E-37
  0.19700000E+02 -0.37735442E-22 -0.33339452E-37
  0.19800000E+02 -0.37374349E-22 -0.32152677E-37
  0.19900000E+02 -0.37018337E-22 -0.31817745E-37
  0.20000000E+02 -0.36667311E-22 -0.31689136E-37
  0.20100000E+02 -0.36321179E-22 -0.32330343E-37
  0.20200000E+02 -0.35979853E-22 -0.30609931E-37
  0.20300000E+02 -0.35643245E-22 -0.31048288E-37
  0.20400000E+02 -0.35311271E-22 -0.29922518E-37
  0.20500000E+02 -0.34983845E-22 -0.30793950E-37
  0.20600000E+02 -0.34660888E-22 -0.30695917E-37
  0.20700000E+02 -0.34342318E-22 -0.29612071E-37
  0.20800000E+02 -0.34028059E-22 -0.29772625E-37
  0.20900000E+02 -0.33718033E-22 -0.28776913E-37
  0.21000000E+02 -0.33412165E-22 -0.29651447E-37
  0.21100000E+02 -0.33110384E-22 -0.28399944E-37
  0.21200000E+02 -0.32812617E-22 -0.28430470E-37
  0.21300000E+02 -0.32518794E-22 -0.28305278E-37
  0.21400000E+02 -0.32228847E-22 -0.28681009E-37
  0.21500000E+02 -0.31942709E-22 -0.27752918E-37
  0.21600000E+02 -0.31660314E-22 -0.27325810E-37
  0.21700000E+02 -0.31381598E-22 -0.28240180E-37
  0.21800000E+02 -0.31106499E-22 -0.27547026E-37
  0.21900000E+02 -0.30834954E-22 -0.27224060E-37
  0.22000000E+02 -0.30566904E-22 -0.26519540E-37
  0.22100000E+02 -0.30302289E-22 -0.26499250E-37
  0.22200000E+02 -0.30041053E-22 -0.25518454E-37
  0.22300000E+02 -0.29783137E-22 -0.26552020E-37
  0.22400000E+02 -0.29528487E-22 -0.25474869E-37
  0.22500000E+02 -0.29277049E-22 -0.25808065E-37
  0.22600000E+02 -0.29028770E-22 -0.25289144E-37
  0.22700000E+02 -0.28783596E-22 -0.25576281E-37
  0.22800000E+02 -0.28541478E-22 -0.25452516E-37
  0.22900000E+02 -0.28302366E-22 -0.24117953E-37
  0.23000000E+02 -0.28066210E-22 -0.23958952E-37
  0.23100000E+02 -0.27832962E-22 -0.24328387E-37
  0.23200000E+02 -0.27602576E-22 -0.23983232E-37
  0.23300000E+02 -0.27375006E-22 -0.24506337E-37
  0.23400000E+02 -0.27150205E-22 -0.23774543E-37
  0.23500000E+02 -0.26928130E-22 -0.23968059E-37
  0.23600000E+02 -0.26708738E-22 -0.23697475E-37
  0.23700000E+02 -0.26491986E-22 -0.24374289E-37
  0.23800000E+02 -0.26277832E-22 -0.23590347E-37
  0.23900000E+02 -0.26066235E-22 -0.23290468E-37
  0.24000000E+02 -0.25857156E-22 -0.22417248E-37
  0.24100000E+02 -0.25650554E-22 -0.22181910E-37
  0.24200000E+02 -0.25446392E-22 -0.22148774E-37
  0.24300000E+02 -0.25244630E-22 -0.22550639E-37
  0.24400000E+02 -0.25045234E-22 -0.21490576E-37
  0.24500000E+02 -0.24848165E-22 -0.21673793E-37
  0.24600000E+02 -0.24653388E-22 -0.21717649E-37
  0.24700000E+02 -0.24460868E-22 -0.21873886E-37
  0.24800000E+02 -0.24270571E-22 -0.21153104E-37
  0.24900000E+02 -0.24082463E-22 -0.21588451E-37
  0.25000000E+02 -0.23896511E-22 -0.21239113E-37
  0.25100000E+02 -0.23712682E-22 -0.20910782E-37
  0.25200000E+02 -0.23530945E-22 -0.19893518E-37
  0.25300000E+02 -0.23351267E-22 -0.20548613E-37
  0.25400000E+02 -0.23173620E-22 -0.19989571E-37
  0.25500000E+02 -0.22997971E-22 -0.20298340E-37
  0.25600000E+02 -0.22824293E-22 -0.20569098E-37
  0.25700000E+02 -0.22652554E-22 -0.20322166E-37
  0.25800000E+02 -0.22482729E-22 -0.19178372E-37
  0.25900000E+02 -0.22314787E-22 -0.19259218E-37
  0.26000000E+02 -0.22148701E-22 -0.19031052E-37
  0.26100000E+02 -0.21984446E-22 -0.19323308E-37
  0.26200000E+02 -0.21821993E-22 -0.19350210E-37
  0.26300000E+02 -0.21661318E-22 -0.19301648E-37
  0.26400000E+02 -0.21502393E-22 -0.19128230E-37
  0.26500000E+02 -0.21345195E-22 -0.18468342E-37
  0.26600000E+02 -0.21189699E-22 -0.18882649E-37
  0.26700000E+02 -0.21035880E-22 -0.18897478E-37
  0.26800000E+02 -0.20883715E-22 -0.18322195E-37
  0.26900000E+02 -0.20733179E-22 -0.18582318E-37
  0.27000000E+02 -0.20584251E-22 -0.18274789E-37
  0.27100000E+02 -0.20436908E-22 -0.18223721E-37
  0.27200000E+02 -0.20291126E-22 -0.17407847E-37
  0.27300000E+02 -0.20146885E-22 -0.18440581E-37
  0.27400000E+02 -0.20004164E-22 -0.17612373E-37
  0.27500000E+02 -0.19862940E-22 -0.16855348E-37
  0.27600000E+02 -0.19723193E-22 -0.17374736E-37
  0.27700000E+02 -0.19584904E-22 -0.17418086E-37
  0.27800000E+02 -0.19448051E-22 -0.17534736E-37
  0.27900000E+02 -0.19312615E-22 -0.16978209E-37
  0.28000000E+02 -0.19178578E-22 -0.16981349E-37
  0.28100000E+02 -0.19045919E-22 -0.16876300E-37
  0.28200000E+02 -0.18914620E-22 -0.16277865E-37
  0.28300000E+02 -0.18784664E-22 -0.16460568E-37
  0.28400000E+02 -0.18656031E-22 -0.16088157E-37
  0.28500000E+02 -0.18528704E-22 -0.16078278E-37
  0.28600000E+02 -0.18402665E-22 -0.16786069E-37
  0.28700000E+02 -0.18277898E-22 -0.16281476E-37
  0.28800000E+02 -0.18154385E-22 -0.15869292E-37
  0.28900000E+02 -0.18032109E-22 -0.15849409E-37
  0.29000000E+02 -0.17911056E-22 -0.16527129E-37
  0.29100000E+02 -0.17791207E-22 -0.15572165E-37
  0.29200000E+02 -0.17672548E-22 -0.15335350E-37
  0.29300000E+02 -0.17555063E-22 -0.15963573E-37
  0.29400000E+02 -0.17438736E-22 -0.15631622E-37
  0.29500000E+02 -0.17323553E-22 -0.15740815E-37
  0.29600000E+02 -0.17209499E-22 -0.14589208E-37
  0.29700000E+02 -0.17096559E-22 -0.15175664E-37
  0.29800000E+02 -0.16984718E-22 -0.15226765E-37
  0.29900000E+02 -0.16873963E-22 -0.14898113E-37
  0.30000000E+02 -0.16764280E-22 -0.14841778E-37
  0.30100000E+02 -0.16655655E-22 -0.14997966E-37
  0.30200000E+02 -0.16548075E-22 -0.14858037E-37
  0.30300000E+02 -0.16441525E-22 -0.14329237E-37
  0.30400000E+02 -0.16335994E-22 -0.14726543E-37
  0.30500000E+02 -0.16231469E-22 -0.14387286E-37
  0.30600000E+02 -0.16127936E-22 -0.13729722E-37
  0.30700000E+02 -0.16025384E-22 -0.14066984E-37
  0.30800000E+02 -0.15923799E-22 -0.13821513E-37
  0.30900000E+02 -0.15823171E-22 -0.14345367E-37
  0.31000000E+02 -0.15723487E-22 -0.13942997E-37
  0.31100000E+02 -0.15624735E-22 -0.13245768E-37
  0.31200000E+02 -0.15526905E-22 -0.13273950E-37
  0.31300000E+02 -0.15429984E-22 -0.13849734E-37
  0.31400000E+02 -0.15333961E-22 -0.13337550E-37
  0.31500000E+02 -0.15238826E-22 -0.13527176E-37
  0.31600000E+02 -0.15144567E-22 -0.13043390E-37
  0.31700000E+02 -0.15051174E-22 -0.13065926E-37
  0.31800000E+02 -0.14958637E-22 -0.13533466E-37
  0.31900000E+02 -0.14866945E-22 -0.13055973E-37
  0.32000000E+02 -0.14776088E-22 -0.12988593E-37
  0.32100000E+02 -0.14686056E-22 -0.13146739E-37
  0.32200000E+02 -0.14596838E-22 -0.12468858E-37
  0.32300000E+02 -0.14508426E-22 -0.12717616E-37
  0.32400000E+02 -0.14420809E-22 -0.12685018E-37
  0.32500000E+02 -0.14333979E-22 -0.12552031E-37
  0.32600000E+02 -0.14247926E-22 -0.12700549E-37
  0.32700000E+02 -0.14162640E-22 -0.12396317E-37
  0.32800000E+02 -0.14078113E-22 -0.12204794E-37
  0.32900000E+02 -0.13994335E-22 -0.12261227E-37
  0.33000000E+02 -0.13911298E-22 -0.11900421E-37
  0.33100000E+02 -0.13828994E-22 -0.12035529E-37
  0.33200000E+02 -0.13747414E-22 -0.12143964E-37
  0.33300000E+02 -0.13666548E-22 -0.11538995E-37
  0.33400000E+02 -0.13586390E-22 -0.11785086E-37
  0.33500000E+02 -0.13506931E-22 -0.11972252E-37
  0.33600000E+02 -0.13428162E-22 -0.11914947E-37
  0.33700000E+02 -0.13350077E-22 -0.11647862E-37
  0.33800000E+02 -0.13272666E-22 -0.11540859E-37
  0.33900000E+02 -0.13195923E-22 -0.11687400E-37
  0.34000000E+02 -0.13119839E-22 -0.11158040E-37
  0.34100000E+02 -0.13044408E-22 -0.11651406E-37
  0.34200000E+02 -0.12969622E-22 -0.11535173E-37
  0.34300000E+02 -0.12895473E-22 -0.11436036E-37
  0.34400000E+02 -0.12821954E-22 -0.11459561E-37
  0.34500000E+02 -0.12749059E-22 -0.10946845E-37
  0.34600000E+02 -0.12676780E-22 -0.11140688E-37
  0.34700000E+02 -0.12605111E-22 -0.10959718E-37
  0.34800000E+02 -0.12534044E-22 -0.11021085E-37
  0.34900000E+02 -0.12463573E-22 -0.10996161E-37
  0.35000000E+02 -0.12393691E-22 -0.11166494E-37
  0.35100000E+02 -0.12324392E-22 -0.10501313E-37
  0.35200000E+02 -0.12255670E-22 -0.10913560E-37
  0.35300000E+02 -0.12187517E-22 -0.10670830E-37
  0.35400000E+02 -0.12119929E-22 -0.10668845E-37
  0.35500000E+02 -0.12052898E-22 -0.10362248E-37
  0.35600000E+02 -0.11986418E-22 -0.10378382E-37
  0.35700000E+02 -0.11920484E-22 -0.10586870E-37
  0.35800000E+02 -0.11855090E-22 -0.10539349E-37
  0.35900000E+02 -0.11790229E-22 -0.10623996E-37
  0.36000000E+02 -0.11725897E-22 -0.99208142E-38
  0.36100000E+02 -0.11662086E-22 -0.10239038E-37
  0.36200000E+02 -0.11598793E-22 -0.10312141E-37
  0.36300000E+02 -0.11536010E-22 -0.10282166E-37
  0.36400000E+02 -0.11473734E-22 -0.98320018E-38
  0.36500000E+02 -0.11411957E-22 -0.10341492E-37
  0.36600000E+02 -0.11350676E-22 -0.98686972E-38
  0.36700000E+02 -0.11289884E-22 -0.98925461E-38
  0.36800000E+02 -0.11229577E-22 -0.95653812E-38
  0.36900000E+02 -0.11169750E-22 -0.10036995E-37
  0.37000000E+02 -0.11110397E-22 -0.98480942E-38
  0.37100000E+02 -0.11051513E-22 -0.98720067E-38
  0.37200000E+02 -0.10993094E-22 -0.96924097E-38
  0.37300000E+02 -0.10935134E-22 -0.95674943E-38
  0.37400000E+02 -0.10877630E-22 -0.99575123E-38
  0.37500000E+02 -0.10820575E-22 -0.93693986E-38
  0.37600000E+02 -0.10763966E-22 -0.94952947E-38
  0.37700000E+02 -0.10707798E-22 -0.95843440E-38
  0.37800000E+02 -0.10652067E-22 -0.90720903E-38
  0.37900000E+02 -0.10596767E-22 -0.91264712E-38
  0.38000000E+02 -0.10541895E-22 -0.93728056E-38
  0.38100000E+02 -0.10487445E-22 -0.87366953E-38
  0.38200000E+02 -0.10433415E-22 -0.90666537E-38
  0.38300000E+02 -0.10379799E-22 -0.91211075E-38
  0.38400000E+02 -0.10326593E-22 -0.89796392E-38
  0.38500000E+02 -0.10273793E-22 -0.87421156E-38
  0.38600000E+02 -0.10221396E-22 -0.88471390E-38
  0.38700000E+02 -0.10169396E-22 -0.89170021E-38
  0.38800000E+02 -0.10117790E-22 -0.86916342E-38
  0.38900000E+02 -0.10066575E-22 -0.88296341E-38
  0.39000000E+02 -0.10015745E-22 -0.87296440E-38
  0.39100000E+02 -0.99652980E-23 -0.87873557E-38
  0.39200000E+02 -0.99152291E-23 -0.90063539E-38
  0.39300000E+02 -0.98655350E-23 -0.86732170E-38
  0.39400000E+02 -0.98162118E-23 -0.86089183E-38
  0.39500000E+02 -0.97672559E-23 -0.83338398E-38
  0.39600000E+02 -0.97186638E-23 -0.85008852E-38
  0.39700000E+02 -0.96704317E-23 -0.82036311E-38
  0.39800000E+02 -0.96225563E-23 -0.85476955E-38
  0.39900000E+02 -0.95750339E-23 -0.84043475E-38
  0.40000000E+02 -0.95278611E-23 -0.84590066E-38
