  0.00000000E+00 -0.13813006E-18 -0.10717452E-34
  0.10000000E+00 -0.12932009E-18 -0.42706846E-35
  0.20000000E+00 -0.11866580E-18 -0.93003921E-36
  0.30000000E+00 -0.10851315E-18  0.31683439E-36
  0.40000000E+00 -0.98830334E-19  0.10489270E-35
  0.50000000E+00 -0.89807411E-19  0.13736740E-35
  0.60000000E+00 -0.81536615E-19  0.16441402E-35
  0.70000000E+00 -0.74028030E-19  0.16126497E-35
  0.80000000E+00 -0.67250384E-19  0.17073977E-35
  0.90000000E+00 -0.61154471E-19  0.16937588E-35
  0.10000000E+01 -0.55684328E-19  0.16647886E-35
  0.11000000E+01 -0.50782565E-19  0.16206074E-35
  0.12000000E+01 -0.46393122E-19  0.14754445E-35
  0.13000000E+01 -0.42462816E-19  0.14517739E-35
  0.14000000E+01 -0.38942205E-19  0.12351271E-35
  0.15000000E+01 -0.35786021E-19  0.13639845E-35
  0.16000000E+01 -0.32953302E-19  0.11709728E-35
  0.17000000E+01 -0.30407316E-19  0.10943552E-35
  0.18000000E+01 -0.28115350E-19  0.95637846E-36
  0.19000000E+01 -0.26048417E-19  0.97316625E-36
  0.20000000E+01 -0.24180929E-19  0.86400379E-36
  0.21000000E+01 -0.22490357E-19  0.83592891E-36
  0.22000000E+01 -0.20956893E-19  0.75005831E-36
  0.23000000E+01 -0.19563140E-19  0.69474988E-36
  0.24000000E+01 -0.18293822E-19  0.72250728E-36
  0.25000000E+01 -0.17135520E-19  0.64105308E-36
  0.26000000E+01 -0.16076439E-19  0.62721082E-36
  0.27000000E+01 -0.15106206E-19  0.57735505E-36
  0.28000000E+01 -0.14215680E-19  0.53108594E-36
  0.29000000E+01 -0.13396803E-19  0.49299840E-36
  0.30000000E+01 -0.12642453E-19  0.50071617E-36
  0.31000000E+01 -0.11946330E-19  0.45973308E-36
  0.32000000E+01 -0.11302851E-19  0.43564288E-36
  0.33000000E+01 -0.10707057E-19  0.43087385E-36
  0.34000000E+01 -0.10154538E-19  0.40164703E-36
  0.35000000E+01 -0.96413623E-20  0.37714817E-36
  0.36000000E+01 -0.91640209E-20  0.38256768E-36
  0.37000000E+01 -0.87193744E-20  0.35601463E-36
  0.38000000E+01 -0.83046095E-20  0.33269205E-36
  0.39000000E+01 -0.79172004E-20  0.27917525E-36
  0.40000000E+01 -0.75548753E-20  0.30618441E-36
  0.41000000E+01 -0.72155875E-20  0.28195575E-36
  0.42000000E+01 -0.68974892E-20  0.25991925E-36
  0.43000000E+01 -0.65989102E-20  0.26470207E-36
  0.44000000E+01 -0.63183376E-20  0.23446295E-36
  0.45000000E+01 -0.60543989E-20  0.24364711E-36
  0.46000000E+01 -0.58058472E-20  0.24555699E-36
  0.47000000E+01 -0.55715477E-20  0.22174177E-36
  0.48000000E+01 -0.53504660E-20  0.21831992E-36
  0.49000000E+01 -0.51416581E-20  0.20369557E-36
  0.50000000E+01 -0.49442608E-20  0.20600800E-36
  0.51000000E+01 -0.47574843E-20  0.19573880E-36
  0.52000000E+01 -0.45806041E-20  0.18384706E-36
  0.53000000E+01 -0.44129557E-20  0.19351778E-36
  0.54000000E+01 -0.42539279E-20  0.17401176E-36
  0.55000000E+01 -0.41029585E-20  0.16775590E-36
  0.56000000E+01 -0.39595293E-20  0.16652624E-36
  0.57000000E+01 -0.38231625E-20  0.16990580E-36
  0.58000000E+01 -0.36934165E-20  0.15462911E-36
  0.59000000E+01 -0.35698831E-20  0.15062161E-36
  0.60000000E+01 -0.34521846E-20  0.14625244E-36
  0.61000000E+01 -0.33399707E-20  0.14033364E-36
  0.62000000E+01 -0.32329167E-20  0.13344892E-36
  0.63000000E+01 -0.31307209E-20  0.13065508E-36
  0.64000000E+01 -0.30331030E-20  0.12948397E-36
  0.65000000E+01 -0.29398022E-20  0.12452181E-36
  0.66000000E+01 -0.28505754E-20  0.12179977E-36
  0.67000000E+01 -0.27651964E-20  0.11896749E-36
  0.68000000E+01 -0.26834537E-20  0.12177740E-36
  0.69000000E+01 -0.26051503E-20  0.11507843E-36
  0.70000000E+01 -0.25301016E-20  0.11030326E-36
  0.71000000E+01 -0.24581353E-20  0.11007846E-36
  0.72000000E+01 -0.23890899E-20  0.95625644E-37
  0.73000000E+01 -0.23228143E-20  0.94875318E-37
  0.74000000E+01 -0.22591667E-20  0.91328412E-37
  0.75000000E+01 -0.21980140E-20  0.10008175E-36
  0.76000000E+01 -0.21392314E-20  0.95966021E-37
  0.77000000E+01 -0.20827015E-20  0.91301205E-37
  0.78000000E+01 -0.20283140E-20  0.91306427E-37
  0.79000000E+01 -0.19759650E-20  0.88260372E-37
  0.80000000E+01 -0.19255569E-20  0.86907151E-37
  0.81000000E+01 -0.18769975E-20  0.88431370E-37
  0.82000000E+01 -0.18302000E-20  0.81136897E-37
  0.83000000E+01 -0.17850827E-20  0.77857516E-37
  0.84000000E+01 -0.17415681E-20  0.75585018E-37
  0.85000000E+01 -0.16995833E-20  0.80121498E-37
  0.86000000E+01 -0.16590593E-20  0.71395610E-37
  0.87000000E+01 -0.16199308E-20  0.74261766E-37
  0.88000000E+01 -0.15821363E-20  0.71264602E-37
  0.89000000E+01 -0.15456173E-20  0.62956963E-37
  0.90000000E+01 -0.15103184E-20  0.68147023E-37
  0.91000000E+01 -0.14761873E-20  0.65686531E-37
  0.92000000E+01 -0.14431743E-20  0.66717065E-37
  0.93000000E+01 -0.14112323E-20  0.62838680E-37
  0.94000000E+01 -0.13803165E-20  0.59987221E-37
  0.95000000E+01 -0.13503845E-20  0.63000018E-37
  0.96000000E+01 -0.13213959E-20  0.56078163E-37
  0.97000000E+01 -0.12933124E-20  0.58533152E-37
  0.98000000E+01 -0.12660976E-20  0.56309772E-37
  0.99000000E+01 -0.12397167E-20  0.53699961E-37
  0.10000000E+02 -0.12141369E-20  0.55035767E-37
  0.10100000E+02 -0.11893266E-20  0.55554090E-37
  0.10200000E+02 -0.11652561E-20  0.48880876E-37
  0.10300000E+02 -0.11418966E-20  0.53283441E-37
  0.10400000E+02 -0.11192212E-20  0.48776416E-37
  0.10500000E+02 -0.10972039E-20  0.51185688E-37
  0.10600000E+02 -0.10758199E-20  0.49989980E-37
  0.10700000E+02 -0.10550457E-20  0.48917999E-37
  0.10800000E+02 -0.10348587E-20  0.47030641E-37
  0.10900000E+02 -0.10152374E-20  0.50869039E-37
  0.11000000E+02 -0.99616134E-21  0.46728855E-37
  0.11100000E+02 -0.97761077E-21  0.46166340E-37
  0.11200000E+02 -0.95956693E-21  0.45282190E-37
  0.11300000E+02 -0.94201185E-21  0.45093333E-37
  0.11400000E+02 -0.92492833E-21  0.43939318E-37
  0.11500000E+02 -0.90829992E-21  0.41399589E-37
  0.11600000E+02 -0.89211085E-21  0.44151529E-37
  0.11700000E+02 -0.87634602E-21  0.40887256E-37
  0.11800000E+02 -0.86099099E-21  0.35835603E-37
  0.11900000E+02 -0.84603187E-21  0.35096321E-37
  0.12000000E+02 -0.83145539E-21  0.38911293E-37
  0.12100000E+02 -0.81724879E-21  0.40765693E-37
  0.12200000E+02 -0.80339984E-21  0.35887360E-37
  0.12300000E+02 -0.78989681E-21  0.35562067E-37
  0.12400000E+02 -0.77672843E-21  0.35870557E-37
  0.12500000E+02 -0.76388389E-21  0.36249540E-37
  0.12600000E+02 -0.75135278E-21  0.34016109E-37
  0.12700000E+02 -0.73912514E-21  0.34654393E-37
  0.12800000E+02 -0.72719135E-21  0.34537824E-37
  0.12900000E+02 -0.71554220E-21  0.32678071E-37
  0.13000000E+02 -0.70416882E-21  0.33132008E-37
  0.13100000E+02 -0.69306267E-21  0.34019842E-37
  0.13200000E+02 -0.68221554E-21  0.31838894E-37
  0.13300000E+02 -0.67161953E-21  0.31616450E-37
  0.13400000E+02 -0.66126703E-21  0.31059162E-37
  0.13500000E+02 -0.65115073E-21  0.29597522E-37
  0.13600000E+02 -0.64126355E-21  0.30291344E-37
  0.13700000E+02 -0.63159872E-21  0.30267472E-37
  0.13800000E+02 -0.62214967E-21  0.29527699E-37
  0.13900000E+02 -0.61291010E-21  0.28327183E-37
  0.14000000E+02 -0.60387391E-21  0.29654569E-37
  0.14100000E+02 -0.59503525E-21  0.26963446E-37
  0.14200000E+02 -0.58638843E-21  0.28516369E-37
  0.14300000E+02 -0.57792801E-21  0.27631606E-37
  0.14400000E+02 -0.56964870E-21  0.27320839E-37
  0.14500000E+02 -0.56154543E-21  0.25708160E-37
  0.14600000E+02 -0.55361326E-21  0.27943268E-37
  0.14700000E+02 -0.54584747E-21  0.25616651E-37
  0.14800000E+02 -0.53824346E-21  0.24044779E-37
  0.14900000E+02 -0.53079681E-21  0.25338808E-37
  0.15000000E+02 -0.52350324E-21  0.25641371E-37
  0.15100000E+02 -0.51635860E-21  0.22798612E-37
  0.15200000E+02 -0.50935891E-21  0.22589112E-37
  0.15300000E+02 -0.50250029E-21  0.22608951E-37
  0.15400000E+02 -0.49577900E-21  0.23157262E-37
  0.15500000E+02 -0.48919143E-21  0.22668158E-37
  0.15600000E+02 -0.48273407E-21  0.23290748E-37
  0.15700000E+02 -0.47640353E-21  0.24676812E-37
  0.15800000E+02 -0.47019654E-21  0.23573091E-37
  0.15900000E+02 -0.46410991E-21  0.20835843E-37
  0.16000000E+02 -0.45814058E-21  0.22816192E-37
  0.16100000E+02 -0.45228557E-21  0.22806315E-37
  0.16200000E+02 -0.44654199E-21  0.21733057E-37
  0.16300000E+02 -0.44090704E-21  0.21100363E-37
  0.16400000E+02 -0.43537802E-21  0.21300191E-37
  0.16500000E+02 -0.42995230E-21  0.20367883E-37
  0.16600000E+02 -0.42462734E-21  0.20776882E-37
  0.16700000E+02 -0.41940066E-21  0.20074736E-37
  0.16800000E+02 -0.41426988E-21  0.19806892E-37
  0.16900000E+02 -0.40923267E-21  0.20206026E-37
  0.17000000E+02 -0.40428678E-21  0.19638191E-37
  0.17100000E+02 -0.39943003E-21  0.20211441E-37
  0.17200000E+02 -0.39466028E-21  0.18875363E-37
  0.17300000E+02 -0.38997550E-21  0.18279168E-37
  0.17400000E+02 -0.38537367E-21  0.18948683E-37
  0.17500000E+02 -0.38085285E-21  0.18219418E-37
  0.17600000E+02 -0.37641117E-21  0.18667812E-37
  0.17700000E+02 -0.37204679E-21  0.17813816E-37
  0.17800000E+02 -0.36775793E-21  0.17581825E-37
  0.17900000E+02 -0.36354287E-21  0.18332102E-37
  0.18000000E+02 -0.35939993E-21  0.17393502E-37
  0.18100000E+02 -0.35532747E-21  0.16714328E-37
  0.18200000E+02 -0.35132391E-21  0.16975030E-37
  0.18300000E+02 -0.34738772E-21  0.17642629E-37
  0.18400000E+02 -0.34351738E-21  0.16912783E-37
  0.18500000E+02 -0.33971144E-21  0.15817561E-37
  0.18600000E+02 -0.33596849E-21  0.16390042E-37
  0.18700000E+02 -0.33228715E-21  0.16657425E-37
  0.18800000E+02 -0.32866607E-21  0.16888157E-37
  0.18900000E+02 -0.32510394E-21  0.16176853E-37
  0.19000000E+02 -0.32159950E-21  0.15486506E-37
  0.19100000E+02 -0.31815152E-21  0.15872569E-37
  0.19200000E+02 -0.31475878E-21  0.15651875E-37
  0.19300000E+02 -0.31142011E-21  0.15498944E-37
  0.19400000E+02 -0.30813438E-21  0.15140696E-37
  0.19500000E+02 -0.30490046E-21  0.14485964E-37
  0.19600000E+02 -0.30171729E-21  0.13980189E-37
  0.19700000E+02 -0.29858380E-21  0.14748702E-37
  0.19800000E+02 -0.29549897E-21  0.13834232E-37
  0.19900000E+02 -0.29246179E-21  0.14843986E-37
  0.20000000E+02 -0.28947129E-21  0.13775535E-37
  0.20100000E+02 -0.28652652E-21  0.14317433E-37
  0.20200000E+02 -0.28362656E-21  0.14604994E-37
  0.20300000E+02 -0.28077049E-21  0.14504080E-37
  0.20400000E+02 -0.27795744E-21  0.13176204E-37
  0.20500000E+02 -0.27518655E-21  0.13625690E-37
  0.20600000E+02 -0.27245698E-21  0.13109021E-37
  0.20700000E+02 -0.26976792E-21  0.13487783E-37
  0.20800000E+02 -0.26711856E-21  0.13193740E-37
  0.20900000E+02 -0.26450813E-21  0.12799081E-37
  0.21000000E+02 -0.26193587E-21  0.11786054E-37
  0.21100000E+02 -0.25940104E-21  0.12385542E-37
  0.21200000E+02 -0.25690292E-21  0.12620588E-37
  0.21300000E+02 -0.25444080E-21  0.13421601E-37
  0.21400000E+02 -0.25201400E-21  0.12623064E-37
  0.21500000E+02 -0.24962184E-21  0.11898539E-37
  0.21600000E+02 -0.24726366E-21  0.11920397E-37
  0.21700000E+02 -0.24493883E-21  0.12290124E-37
  0.21800000E+02 -0.24264672E-21  0.12350840E-37
  0.21900000E+02 -0.24038671E-21  0.11527235E-37
  0.22000000E+02 -0.23815822E-21  0.12249172E-37
  0.22100000E+02 -0.23596065E-21  0.12455544E-37
  0.22200000E+02 -0.23379345E-21  0.11081671E-37
  0.22300000E+02 -0.23165604E-21  0.11753074E-37
  0.22400000E+02 -0.22954789E-21  0.10922189E-37
  0.22500000E+02 -0.22746846E-21  0.11149927E-37
  0.22600000E+02 -0.22541725E-21  0.11672704E-37
  0.22700000E+02 -0.22339372E-21  0.11653189E-37
  0.22800000E+02 -0.22139740E-21  0.11020469E-37
  0.22900000E+02 -0.21942780E-21  0.10623851E-37
  0.23000000E+02 -0.21748443E-21  0.10736194E-37
  0.23100000E+02 -0.21556684E-21  0.10692966E-37
  0.23200000E+02 -0.21367457E-21  0.11333708E-37
  0.23300000E+02 -0.21180718E-21  0.97620967E-38
  0.23400000E+02 -0.20996423E-21  0.10112700E-37
  0.23500000E+02 -0.20814530E-21  0.10399930E-37
  0.23600000E+02 -0.20634998E-21  0.97095046E-38
  0.23700000E+02 -0.20457784E-21  0.11223048E-37
  0.23800000E+02 -0.20282851E-21  0.98624239E-38
  0.23900000E+02 -0.20110158E-21  0.92558186E-38
  0.24000000E+02 -0.19939668E-21  0.99956394E-38
  0.24100000E+02 -0.19771343E-21  0.99393715E-38
  0.24200000E+02 -0.19605146E-21  0.93434830E-38
  0.24300000E+02 -0.19441043E-21  0.95728932E-38
  0.24400000E+02 -0.19278997E-21  0.96719023E-38
  0.24500000E+02 -0.19118975E-21  0.95391367E-38
  0.24600000E+02 -0.18960943E-21  0.95066429E-38
  0.24700000E+02 -0.18804868E-21  0.92238467E-38
  0.24800000E+02 -0.18650718E-21  0.91688796E-38
  0.24900000E+02 -0.18498462E-21  0.87539144E-38
  0.25000000E+02 -0.18348067E-21  0.97716036E-38
  0.25100000E+02 -0.18199505E-21  0.87902799E-38
  0.25200000E+02 -0.18052745E-21  0.90618489E-38
  0.25300000E+02 -0.17907759E-21  0.97107408E-38
  0.25400000E+02 -0.17764517E-21  0.97230307E-38
  0.25500000E+02 -0.17622993E-21  0.86939741E-38
  0.25600000E+02 -0.17483158E-21  0.83050495E-38
  0.25700000E+02 -0.17344985E-21  0.84739396E-38
  0.25800000E+02 -0.17208449E-21  0.87313545E-38
  0.25900000E+02 -0.17073524E-21  0.84145914E-38
  0.26000000E+02 -0.16940184E-21  0.83855539E-38
  0.26100000E+02 -0.16808405E-21  0.83382805E-38
  0.26200000E+02 -0.16678162E-21  0.84809677E-38
  0.26300000E+02 -0.16549432E-21  0.78266571E-38
  0.26400000E+02 -0.16422191E-21  0.77080418E-38
  0.26500000E+02 -0.16296416E-21  0.79819424E-38
  0.26600000E+02 -0.16172084E-21  0.75215236E-38
  0.26700000E+02 -0.16049175E-21  0.82014920E-38
  0.26800000E+02 -0.15927665E-21  0.82439884E-38
  0.26900000E+02 -0.15807535E-21  0.79682452E-38
  0.27000000E+02 -0.15688762E-21  0.76296533E-38
  0.27100000E+02 -0.15571327E-21  0.75318406E-38
  0.27200000E+02 -0.15455210E-21  0.75961280E-38
  0.27300000E+02 -0.15340390E-21  0.82028471E-38
  0.27400000E+02 -0.15226849E-21  0.76648369E-38
  0.27500000E+02 -0.15114568E-21  0.74447372E-38
  0.27600000E+02 -0.15003528E-21  0.78343622E-38
  0.27700000E+02 -0.14893710E-21  0.79394046E-38
  0.27800000E+02 -0.14785098E-21  0.73762547E-38
  0.27900000E+02 -0.14677673E-21  0.74242679E-38
  0.28000000E+02 -0.14571418E-21  0.70699081E-38
  0.28100000E+02 -0.14466315E-21  0.75132311E-38
  0.28200000E+02 -0.14362350E-21  0.75100295E-38
  0.28300000E+02 -0.14259504E-21  0.73175746E-38
  0.28400000E+02 -0.14157762E-21  0.67808989E-38
  0.28500000E+02 -0.14057109E-21  0.67353683E-38
  0.28600000E+02 -0.13957528E-21  0.66795612E-38
  0.28700000E+02 -0.13859005E-21  0.67763634E-38
  0.28800000E+02 -0.13761524E-21  0.66418199E-38
  0.28900000E+02 -0.13665072E-21  0.65005354E-38
  0.29000000E+02 -0.13569633E-21  0.69077296E-38
  0.29100000E+02 -0.13475193E-21  0.66338709E-38
  0.29200000E+02 -0.13381738E-21  0.66429161E-38
  0.29300000E+02 -0.13289255E-21  0.68760783E-38
  0.29400000E+02 -0.13197730E-21  0.67958573E-38
  0.29500000E+02 -0.13107151E-21  0.65851436E-38
  0.29600000E+02 -0.13017503E-21  0.65687909E-38
  0.29700000E+02 -0.12928774E-21  0.67786436E-38
  0.29800000E+02 -0.12840953E-21  0.66379117E-38
  0.29900000E+02 -0.12754025E-21  0.65900393E-38
  0.30000000E+02 -0.12667980E-21  0.62796366E-38
  0.30100000E+02 -0.12582805E-21  0.62688026E-38
  0.30200000E+02 -0.12498489E-21  0.63123989E-38
  0.30300000E+02 -0.12415020E-21  0.61801730E-38
  0.30400000E+02 -0.12332387E-21  0.63522612E-38
  0.30500000E+02 -0.12250578E-21  0.59753394E-38
  0.30600000E+02 -0.12169583E-21  0.59676291E-38
  0.30700000E+02 -0.12089391E-21  0.61944270E-38
  0.30800000E+02 -0.12009991E-21  0.62967915E-38
  0.30900000E+02 -0.11931373E-21  0.57736897E-38
  0.31000000E+02 -0.11853526E-21  0.57821765E-38
  0.31100000E+02 -0.11776441E-21  0.60259773E-38
  0.31200000E+02 -0.11700108E-21  0.52401136E-38
  0.31300000E+02 -0.11624516E-21  0.57715522E-38
  0.31400000E+02 -0.11549657E-21  0.59989958E-38
  0.31500000E+02 -0.11475521E-21  0.54265281E-38
  0.31600000E+02 -0.11402098E-21  0.58485455E-38
  0.31700000E+02 -0.11329379E-21  0.57289559E-38
  0.31800000E+02 -0.11257356E-21  0.55032494E-38
  0.31900000E+02 -0.11186019E-21  0.54447339E-38
  0.32000000E+02 -0.11115360E-21  0.56737152E-38
  0.32100000E+02 -0.11045371E-21  0.56604401E-38
  0.32200000E+02 -0.10976042E-21  0.55218947E-38
  0.32300000E+02 -0.10907365E-21  0.56420577E-38
  0.32400000E+02 -0.10839333E-21  0.54939724E-38
  0.32500000E+02 -0.10771937E-21  0.52826569E-38
  0.32600000E+02 -0.10705170E-21  0.54984863E-38
  0.32700000E+02 -0.10639023E-21  0.55878347E-38
  0.32800000E+02 -0.10573489E-21  0.49640188E-38
  0.32900000E+02 -0.10508560E-21  0.55276162E-38
  0.33000000E+02 -0.10444229E-21  0.54287148E-38
  0.33100000E+02 -0.10380488E-21  0.48187237E-38
  0.33200000E+02 -0.10317331E-21  0.55472309E-38
  0.33300000E+02 -0.10254750E-21  0.48484272E-38
  0.33400000E+02 -0.10192738E-21  0.51011356E-38
  0.33500000E+02 -0.10131288E-21  0.55549421E-38
  0.33600000E+02 -0.10070394E-21  0.50685083E-38
  0.33700000E+02 -0.10010049E-21  0.50300641E-38
  0.33800000E+02 -0.99502454E-22  0.49929448E-38
  0.33900000E+02 -0.98909780E-22  0.50221872E-38
  0.34000000E+02 -0.98322399E-22  0.45928077E-38
  0.34100000E+02 -0.97740248E-22  0.47088896E-38
  0.34200000E+02 -0.97163266E-22  0.48440847E-38
  0.34300000E+02 -0.96591391E-22  0.48846669E-38
  0.34400000E+02 -0.96024563E-22  0.49181831E-38
  0.34500000E+02 -0.95462722E-22  0.48261573E-38
  0.34600000E+02 -0.94905811E-22  0.45856861E-38
  0.34700000E+02 -0.94353771E-22  0.46848211E-38
  0.34800000E+02 -0.93806547E-22  0.50463387E-38
  0.34900000E+02 -0.93264081E-22  0.44702518E-38
  0.35000000E+02 -0.92726319E-22  0.46045044E-38
  0.35100000E+02 -0.92193206E-22  0.46540091E-38
  0.35200000E+02 -0.91664689E-22  0.44751468E-38
  0.35300000E+02 -0.91140716E-22  0.45777717E-38
  0.35400000E+02 -0.90621233E-22  0.48665717E-38
  0.35500000E+02 -0.90106191E-22  0.48832677E-38
  0.35600000E+02 -0.89595537E-22  0.43882881E-38
  0.35700000E+02 -0.89089224E-22  0.43487565E-38
  0.35800000E+02 -0.88587200E-22  0.44414177E-38
  0.35900000E+02 -0.88089418E-22  0.44588379E-38
  0.36000000E+02 -0.87595831E-22  0.42965007E-38
  0.36100000E+02 -0.87106391E-22  0.44899931E-38
  0.36200000E+02 -0.86621051E-22  0.44147718E-38
  0.36300000E+02 -0.86139766E-22  0.42506537E-38
  0.36400000E+02 -0.85662491E-22  0.45205285E-38
  0.36500000E+02 -0.85189181E-22  0.43953691E-38
  0.36600000E+02 -0.84719793E-22  0.42403909E-38
  0.36700000E+02 -0.84254283E-22  0.43617421E-38
  0.36800000E+02 -0.83792608E-22  0.40120670E-38
  0.36900000E+02 -0.83334726E-22  0.40070059E-38
  0.37000000E+02 -0.82880597E-22  0.39989163E-38
  0.37100000E+02 -0.82430178E-22  0.42491071E-38
  0.37200000E+02 -0.81983429E-22  0.40622000E-38
  0.37300000E+02 -0.81540312E-22  0.39745335E-38
  0.37400000E+02 -0.81100785E-22  0.40858800E-38
  0.37500000E+02 -0.80664811E-22  0.38719901E-38
  0.37600000E+02 -0.80232351E-22  0.41320925E-38
  0.37700000E+02 -0.79803368E-22  0.39013810E-38
  0.37800000E+02 -0.79377824E-22  0.39942576E-38
  0.37900000E+02 -0.78955683E-22  0.39475886E-38
  0.38000000E+02 -0.78536908E-22  0.40488037E-38
  0.38100000E+02 -0.78121464E-22  0.34975377E-38
  0.38200000E+02 -0.77709315E-22  0.39894869E-38
  0.38300000E+02 -0.77300426E-22  0.38705544E-38
  0.38400000E+02 -0.76894764E-22  0.38790856E-38
  0.38500000E+02 -0.76492293E-22  0.37984036E-38
  0.38600000E+02 -0.76092981E-22  0.39879459E-38
  0.38700000E+02 -0.75696795E-22  0.36922013E-38
  0.38800000E+02 -0.75303702E-22  0.39704687E-38
  0.38900000E+02 -0.74913670E-22  0.37965444E-38
  0.39000000E+02 -0.74526668E-22  0.36173429E-38
  0.39100000E+02 -0.74142663E-22  0.36667802E-38
  0.39200000E+02 -0.73761624E-22  0.36826290E-38
  0.39300000E+02 -0.73383523E-22  0.39220714E-38
  0.39400000E+02 -0.73008327E-22  0.36780130E-38
  0.39500000E+02 -0.72636008E-22  0.34905762E-38
  0.39600000E+02 -0.72266536E-22  0.34574877E-38
  0.39700000E+02 -0.71899882E-22  0.36600317E-38
  0.39800000E+02 -0.71536017E-22  0.36472611E-38
  0.39900000E+02 -0.71174913E-22  0.36224832E-38
  0.40000000E+02 -0.70816543E-22  0.36756165E-38
