  0.00000000E+00  0.18474791E-18  0.40778790E-35
  0.10000000E+00  0.18517049E-18  0.35604517E-35
  0.20000000E+00  0.18162599E-18  0.35977071E-35
  0.30000000E+00  0.17521229E-18  0.35024877E-35
  0.40000000E+00  0.16694001E-18  0.32291093E-35
  0.50000000E+00  0.15749480E-18  0.30745667E-35
  0.60000000E+00  0.14744170E-18  0.29670475E-35
  0.70000000E+00  0.13723527E-18  0.26538453E-35
  0.80000000E+00  0.12721401E-18  0.24439787E-35
  0.90000000E+00  0.11760841E-18  0.25178870E-35
  0.10000000E+01  0.10855944E-18  0.21332916E-35
  0.11000000E+01  0.10013999E-18  0.19839334E-35
  0.12000000E+01  0.92374734E-19  0.18698644E-35
  0.13000000E+01  0.85256239E-19  0.17482079E-35
  0.14000000E+01  0.78757071E-19  0.16209240E-35
  0.15000000E+01  0.72838462E-19  0.15709104E-35
  0.16000000E+01  0.67456205E-19  0.14475755E-35
  0.17000000E+01  0.62564508E-19  0.13422149E-35
  0.18000000E+01  0.58118404E-19  0.11783369E-35
  0.19000000E+01  0.54075174E-19  0.11418083E-35
  0.20000000E+01  0.50395098E-19  0.10860743E-35
  0.21000000E+01  0.47041780E-19  0.10039558E-35
  0.22000000E+01  0.43982207E-19  0.94244662E-36
  0.23000000E+01  0.41186637E-19  0.85495018E-36
  0.24000000E+01  0.38628402E-19  0.78314463E-36
  0.25000000E+01  0.36283666E-19  0.76361189E-36
  0.26000000E+01  0.34131166E-19  0.72653864E-36
  0.27000000E+01  0.32151950E-19  0.68723874E-36
  0.28000000E+01  0.30329138E-19  0.63886359E-36
  0.29000000E+01  0.28647691E-19  0.60351429E-36
  0.30000000E+01  0.27094206E-19  0.58117484E-36
  0.31000000E+01  0.25656725E-19  0.55875364E-36
  0.32000000E+01  0.24324573E-19  0.51292069E-36
  0.33000000E+01  0.23088206E-19  0.48769208E-36
  0.34000000E+01  0.21939082E-19  0.45670958E-36
  0.35000000E+01  0.20869545E-19  0.43909567E-36
  0.36000000E+01  0.19872724E-19  0.41970602E-36
  0.37000000E+01  0.18942441E-19  0.40612565E-36
  0.38000000E+01  0.18073135E-19  0.37649062E-36
  0.39000000E+01  0.17259793E-19  0.36563794E-36
  0.40000000E+01  0.16497888E-19  0.35666521E-36
  0.41000000E+01  0.15783325E-19  0.33473600E-36
  0.42000000E+01  0.15112397E-19  0.31906948E-36
  0.43000000E+01  0.14481740E-19  0.30217520E-36
  0.44000000E+01  0.13888299E-19  0.28882202E-36
  0.45000000E+01  0.13329294E-19  0.26716742E-36
  0.46000000E+01  0.12802194E-19  0.27823794E-36
  0.47000000E+01  0.12304689E-19  0.25572153E-36
  0.48000000E+01  0.11834669E-19  0.25578533E-36
  0.49000000E+01  0.11390203E-19  0.22768763E-36
  0.50000000E+01  0.10969525E-19  0.21733080E-36
  0.51000000E+01  0.10571013E-19  0.22468871E-36
  0.52000000E+01  0.10193178E-19  0.21434936E-36
  0.53000000E+01  0.98346516E-20  0.21501113E-36
  0.54000000E+01  0.94941739E-20  0.19714821E-36
  0.55000000E+01  0.91705839E-20  0.19157237E-36
  0.56000000E+01  0.88628104E-20  0.18441659E-36
  0.57000000E+01  0.85698642E-20  0.17379309E-36
  0.58000000E+01  0.82908303E-20  0.17185885E-36
  0.59000000E+01  0.80248621E-20  0.17053301E-36
  0.60000000E+01  0.77711750E-20  0.15943489E-36
  0.61000000E+01  0.75290411E-20  0.15440054E-36
  0.62000000E+01  0.72977849E-20  0.15096382E-36
  0.63000000E+01  0.70767784E-20  0.14652020E-36
  0.64000000E+01  0.68654376E-20  0.14059284E-36
  0.65000000E+01  0.66632185E-20  0.13988610E-36
  0.66000000E+01  0.64696144E-20  0.13655411E-36
  0.67000000E+01  0.62841525E-20  0.12982464E-36
  0.68000000E+01  0.61063915E-20  0.13368316E-36
  0.69000000E+01  0.59359191E-20  0.12351338E-36
  0.70000000E+01  0.57723496E-20  0.11910153E-36
  0.71000000E+01  0.56153224E-20  0.11237320E-36
  0.72000000E+01  0.54644993E-20  0.11052991E-36
  0.73000000E+01  0.53195638E-20  0.10692490E-36
  0.74000000E+01  0.51802185E-20  0.10748349E-36
  0.75000000E+01  0.50461846E-20  0.10816597E-36
  0.76000000E+01  0.49172002E-20  0.10200954E-36
  0.77000000E+01  0.47930188E-20  0.96912512E-37
  0.78000000E+01  0.46734089E-20  0.99790391E-37
  0.79000000E+01  0.45581523E-20  0.95530873E-37
  0.80000000E+01  0.44470437E-20  0.90237459E-37
  0.81000000E+01  0.43398893E-20  0.87085222E-37
  0.82000000E+01  0.42365066E-20  0.86719860E-37
  0.83000000E+01  0.41367231E-20  0.87487476E-37
  0.84000000E+01  0.40403763E-20  0.85894533E-37
  0.85000000E+01  0.39473122E-20  0.82746512E-37
  0.86000000E+01  0.38573855E-20  0.84699165E-37
  0.87000000E+01  0.37704586E-20  0.77697151E-37
  0.88000000E+01  0.36864015E-20  0.75415020E-37
  0.89000000E+01  0.36050907E-20  0.76364827E-37
  0.90000000E+01  0.35264094E-20  0.75029138E-37
  0.91000000E+01  0.34502470E-20  0.74239048E-37
  0.92000000E+01  0.33764984E-20  0.66940571E-37
  0.93000000E+01  0.33050639E-20  0.68725074E-37
  0.94000000E+01  0.32358487E-20  0.69533275E-37
  0.95000000E+01  0.31687630E-20  0.67716635E-37
  0.96000000E+01  0.31037214E-20  0.62739312E-37
  0.97000000E+01  0.30406424E-20  0.65454615E-37
  0.98000000E+01  0.29794489E-20  0.62600858E-37
  0.99000000E+01  0.29200672E-20  0.63071404E-37
  0.10000000E+02  0.28624272E-20  0.60050713E-37
  0.10100000E+02  0.28064622E-20  0.58801452E-37
  0.10200000E+02  0.27521086E-20  0.58282536E-37
  0.10300000E+02  0.26993056E-20  0.56913054E-37
  0.10400000E+02  0.26479955E-20  0.55044524E-37
  0.10500000E+02  0.25981231E-20  0.53658293E-37
  0.10600000E+02  0.25496355E-20  0.53747447E-37
  0.10700000E+02  0.25024825E-20  0.50422535E-37
  0.10800000E+02  0.24566160E-20  0.52375268E-37
  0.10900000E+02  0.24119900E-20  0.49709098E-37
  0.11000000E+02  0.23685605E-20  0.50703361E-37
  0.11100000E+02  0.23262856E-20  0.48986682E-37
  0.11200000E+02  0.22851250E-20  0.48092490E-37
  0.11300000E+02  0.22450401E-20  0.48758882E-37
  0.11400000E+02  0.22059941E-20  0.46231599E-37
  0.11500000E+02  0.21679518E-20  0.45037815E-37
  0.11600000E+02  0.21308792E-20  0.45763135E-37
  0.11700000E+02  0.20947439E-20  0.43972941E-37
  0.11800000E+02  0.20595148E-20  0.45127858E-37
  0.11900000E+02  0.20251621E-20  0.41243186E-37
  0.12000000E+02  0.19916571E-20  0.42891219E-37
  0.12100000E+02  0.19589724E-20  0.40713180E-37
  0.12200000E+02  0.19270816E-20  0.42909938E-37
  0.12300000E+02  0.18959593E-20  0.40153487E-37
  0.12400000E+02  0.18655812E-20  0.38957040E-37
  0.12500000E+02  0.18359240E-20  0.37792645E-37
  0.12600000E+02  0.18069651E-20  0.38564518E-37
  0.12700000E+02  0.17786829E-20  0.37890921E-37
  0.12800000E+02  0.17510566E-20  0.37265072E-37
  0.12900000E+02  0.17240662E-20  0.35599717E-37
  0.13000000E+02  0.16976924E-20  0.36304762E-37
  0.13100000E+02  0.16719167E-20  0.36651121E-37
  0.13200000E+02  0.16467213E-20  0.34408301E-37
  0.13300000E+02  0.16220890E-20  0.35090585E-37
  0.13400000E+02  0.15980031E-20  0.32728567E-37
  0.13500000E+02  0.15744478E-20  0.33918414E-37
  0.13600000E+02  0.15514076E-20  0.32874577E-37
  0.13700000E+02  0.15288677E-20  0.31548708E-37
  0.13800000E+02  0.15068138E-20  0.31812646E-37
  0.13900000E+02  0.14852320E-20  0.31746729E-37
  0.14000000E+02  0.14641092E-20  0.31776265E-37
  0.14100000E+02  0.14434323E-20  0.31726385E-37
  0.14200000E+02  0.14231889E-20  0.31083420E-37
  0.14300000E+02  0.14033672E-20  0.29296178E-37
  0.14400000E+02  0.13839555E-20  0.30009935E-37
  0.14500000E+02  0.13649427E-20  0.29789211E-37
  0.14600000E+02  0.13463178E-20  0.28062851E-37
  0.14700000E+02  0.13280706E-20  0.28831838E-37
  0.14800000E+02  0.13101908E-20  0.27457048E-37
  0.14900000E+02  0.12926687E-20  0.27727596E-37
  0.15000000E+02  0.12754950E-20  0.27723711E-37
  0.15100000E+02  0.12586603E-20  0.27693992E-37
  0.15200000E+02  0.12421560E-20  0.26294143E-37
  0.15300000E+02  0.12259734E-20  0.26468886E-37
  0.15400000E+02  0.12101042E-20  0.25296713E-37
  0.15500000E+02  0.11945405E-20  0.25726305E-37
  0.15600000E+02  0.11792745E-20  0.26013476E-37
  0.15700000E+02  0.11642986E-20  0.24779845E-37
  0.15800000E+02  0.11496057E-20  0.24836257E-37
  0.15900000E+02  0.11351885E-20  0.24420873E-37
  0.16000000E+02  0.11210403E-20  0.24220101E-37
  0.16100000E+02  0.11071545E-20  0.23726916E-37
  0.16200000E+02  0.10935246E-20  0.23892471E-37
  0.16300000E+02  0.10801444E-20  0.22668171E-37
  0.16400000E+02  0.10670078E-20  0.23531615E-37
  0.16500000E+02  0.10541090E-20  0.22819722E-37
  0.16600000E+02  0.10414424E-20  0.21813473E-37
  0.16700000E+02  0.10290022E-20  0.22448395E-37
  0.16800000E+02  0.10167833E-20  0.22333054E-37
  0.16900000E+02  0.10047804E-20  0.21373273E-37
  0.17000000E+02  0.99298848E-21  0.20707324E-37
  0.17100000E+02  0.98140260E-21  0.20725680E-37
  0.17200000E+02  0.97001801E-21  0.21729203E-37
  0.17300000E+02  0.95883010E-21  0.19589296E-37
  0.17400000E+02  0.94783437E-21  0.19723610E-37
  0.17500000E+02  0.93702645E-21  0.20935364E-37
  0.17600000E+02  0.92640209E-21  0.19288858E-37
  0.17700000E+02  0.91595718E-21  0.20405999E-37
  0.17800000E+02  0.90568770E-21  0.18957736E-37
  0.17900000E+02  0.89558975E-21  0.19432226E-37
  0.18000000E+02  0.88565954E-21  0.19097808E-37
  0.18100000E+02  0.87589338E-21  0.19387439E-37
  0.18200000E+02  0.86628770E-21  0.18372634E-37
  0.18300000E+02  0.85683899E-21  0.17929852E-37
  0.18400000E+02  0.84754386E-21  0.19494126E-37
  0.18500000E+02  0.83839901E-21  0.17173225E-37
  0.18600000E+02  0.82940121E-21  0.18040725E-37
  0.18700000E+02  0.82054735E-21  0.17383768E-37
  0.18800000E+02  0.81183437E-21  0.17221673E-37
  0.18900000E+02  0.80325930E-21  0.17582649E-37
  0.19000000E+02  0.79481925E-21  0.17567269E-37
  0.19100000E+02  0.78651141E-21  0.17274240E-37
  0.19200000E+02  0.77833304E-21  0.16642573E-37
  0.19300000E+02  0.77028145E-21  0.17511538E-37
  0.19400000E+02  0.76235406E-21  0.16465411E-37
  0.19500000E+02  0.75454831E-21  0.16844298E-37
  0.19600000E+02  0.74686175E-21  0.16568352E-37
  0.19700000E+02  0.73929195E-21  0.15205266E-37
  0.19800000E+02  0.73183657E-21  0.16337322E-37
  0.19900000E+02  0.72449331E-21  0.15725774E-37
  0.20000000E+02  0.71725995E-21  0.15287391E-37
  0.20100000E+02  0.71013430E-21  0.15471853E-37
  0.20200000E+02  0.70311424E-21  0.15081250E-37
  0.20300000E+02  0.69619769E-21  0.14864307E-37
  0.20400000E+02  0.68938264E-21  0.14312379E-37
  0.20500000E+02  0.68266710E-21  0.14305764E-37
  0.20600000E+02  0.67604915E-21  0.14331165E-37
  0.20700000E+02  0.66952692E-21  0.14359879E-37
  0.20800000E+02  0.66309856E-21  0.15161225E-37
  0.20900000E+02  0.65676230E-21  0.14545746E-37
  0.21000000E+02  0.65051636E-21  0.13484148E-37
  0.21100000E+02  0.64435906E-21  0.13917194E-37
  0.21200000E+02  0.63828873E-21  0.13817123E-37
  0.21300000E+02  0.63230372E-21  0.13577831E-37
  0.21400000E+02  0.62640247E-21  0.13257887E-37
  0.21500000E+02  0.62058340E-21  0.13990693E-37
  0.21600000E+02  0.61484500E-21  0.13067231E-37
  0.21700000E+02  0.60918580E-21  0.12819456E-37
  0.21800000E+02  0.60360433E-21  0.13294849E-37
  0.21900000E+02  0.59809920E-21  0.12846726E-37
  0.22000000E+02  0.59266900E-21  0.12944653E-37
  0.22100000E+02  0.58731239E-21  0.13121303E-37
  0.22200000E+02  0.58202804E-21  0.12603386E-37
  0.22300000E+02  0.57681467E-21  0.12187526E-37
  0.22400000E+02  0.57167100E-21  0.12001480E-37
  0.22500000E+02  0.56659581E-21  0.11844402E-37
  0.22600000E+02  0.56158787E-21  0.11570628E-37
  0.22700000E+02  0.55664602E-21  0.11762263E-37
  0.22800000E+02  0.55176910E-21  0.11497887E-37
  0.22900000E+02  0.54695596E-21  0.11571856E-37
  0.23000000E+02  0.54220551E-21  0.11743002E-37
  0.23100000E+02  0.53751666E-21  0.11644322E-37
  0.23200000E+02  0.53288835E-21  0.11612671E-37
  0.23300000E+02  0.52831955E-21  0.11471198E-37
  0.23400000E+02  0.52380924E-21  0.11339498E-37
  0.23500000E+02  0.51935642E-21  0.10940720E-37
  0.23600000E+02  0.51496013E-21  0.11358212E-37
  0.23700000E+02  0.51061941E-21  0.11125840E-37
  0.23800000E+02  0.50633333E-21  0.11400570E-37
  0.23900000E+02  0.50210098E-21  0.10829187E-37
  0.24000000E+02  0.49792146E-21  0.10649474E-37
  0.24100000E+02  0.49379390E-21  0.10608292E-37
  0.24200000E+02  0.48971744E-21  0.10468008E-37
  0.24300000E+02  0.48569124E-21  0.10291715E-37
  0.24400000E+02  0.48171448E-21  0.10689765E-37
  0.24500000E+02  0.47778635E-21  0.10206303E-37
  0.24600000E+02  0.47390607E-21  0.99431216E-38
  0.24700000E+02  0.47007286E-21  0.10258829E-37
  0.24800000E+02  0.46628596E-21  0.99225151E-38
  0.24900000E+02  0.46254462E-21  0.10215015E-37
  0.25000000E+02  0.45884814E-21  0.96847836E-38
  0.25100000E+02  0.45519577E-21  0.98539718E-38
  0.25200000E+02  0.45158684E-21  0.96685640E-38
  0.25300000E+02  0.44802065E-21  0.96733474E-38
  0.25400000E+02  0.44449654E-21  0.98877517E-38
  0.25500000E+02  0.44101383E-21  0.98362950E-38
  0.25600000E+02  0.43757190E-21  0.96291977E-38
  0.25700000E+02  0.43417009E-21  0.96278819E-38
  0.25800000E+02  0.43080780E-21  0.90613418E-38
  0.25900000E+02  0.42748441E-21  0.96165387E-38
  0.26000000E+02  0.42419932E-21  0.92792030E-38
  0.26100000E+02  0.42095195E-21  0.94129484E-38
  0.26200000E+02  0.41774173E-21  0.90823811E-38
  0.26300000E+02  0.41456809E-21  0.92482228E-38
  0.26400000E+02  0.41143047E-21  0.90530388E-38
  0.26500000E+02  0.40832833E-21  0.89967428E-38
  0.26600000E+02  0.40526115E-21  0.85612404E-38
  0.26700000E+02  0.40222839E-21  0.87332468E-38
  0.26800000E+02  0.39922955E-21  0.87978932E-38
  0.26900000E+02  0.39626411E-21  0.81542949E-38
  0.27000000E+02  0.39333159E-21  0.87122100E-38
  0.27100000E+02  0.39043151E-21  0.86218328E-38
  0.27200000E+02  0.38756338E-21  0.82031363E-38
  0.27300000E+02  0.38472673E-21  0.83236391E-38
  0.27400000E+02  0.38192111E-21  0.78989821E-38
  0.27500000E+02  0.37914607E-21  0.83470918E-38
  0.27600000E+02  0.37640117E-21  0.80251910E-38
  0.27700000E+02  0.37368596E-21  0.83686630E-38
  0.27800000E+02  0.37100003E-21  0.83071863E-38
  0.27900000E+02  0.36834295E-21  0.84205505E-38
  0.28000000E+02  0.36571432E-21  0.80669060E-38
  0.28100000E+02  0.36311372E-21  0.76845111E-38
  0.28200000E+02  0.36054076E-21  0.79584859E-38
  0.28300000E+02  0.35799505E-21  0.77175985E-38
  0.28400000E+02  0.35547621E-21  0.77117084E-38
  0.28500000E+02  0.35298386E-21  0.78253322E-38
  0.28600000E+02  0.35051763E-21  0.76748549E-38
  0.28700000E+02  0.34807715E-21  0.76147520E-38
  0.28800000E+02  0.34566208E-21  0.75943830E-38
  0.28900000E+02  0.34327205E-21  0.71370803E-38
  0.29000000E+02  0.34090673E-21  0.71100918E-38
  0.29100000E+02  0.33856577E-21  0.76306717E-38
  0.29200000E+02  0.33624884E-21  0.72570876E-38
  0.29300000E+02  0.33395561E-21  0.74754505E-38
  0.29400000E+02  0.33168576E-21  0.72664570E-38
  0.29500000E+02  0.32943898E-21  0.71951950E-38
  0.29600000E+02  0.32721495E-21  0.71032896E-38
  0.29700000E+02  0.32501336E-21  0.70885418E-38
  0.29800000E+02  0.32283392E-21  0.71710976E-38
  0.29900000E+02  0.32067633E-21  0.69323836E-38
  0.30000000E+02  0.31854030E-21  0.69458906E-38
  0.30100000E+02  0.31642554E-21  0.71733382E-38
  0.30200000E+02  0.31433177E-21  0.67092692E-38
  0.30300000E+02  0.31225871E-21  0.70064551E-38
  0.30400000E+02  0.31020610E-21  0.68453554E-38
  0.30500000E+02  0.30817366E-21  0.67193486E-38
  0.30600000E+02  0.30616113E-21  0.63729059E-38
  0.30700000E+02  0.30416825E-21  0.65260823E-38
  0.30800000E+02  0.30219476E-21  0.68375395E-38
  0.30900000E+02  0.30024042E-21  0.65801169E-38
  0.31000000E+02  0.29830498E-21  0.63540089E-38
  0.31100000E+02  0.29638820E-21  0.63511838E-38
  0.31200000E+02  0.29448983E-21  0.65902662E-38
  0.31300000E+02  0.29260964E-21  0.63623216E-38
  0.31400000E+02  0.29074740E-21  0.63428780E-38
  0.31500000E+02  0.28890288E-21  0.62070714E-38
  0.31600000E+02  0.28707586E-21  0.61772987E-38
  0.31700000E+02  0.28526612E-21  0.63170895E-38
  0.31800000E+02  0.28347344E-21  0.60513028E-38
  0.31900000E+02  0.28169761E-21  0.61879155E-38
  0.32000000E+02  0.27993841E-21  0.59385476E-38
  0.32100000E+02  0.27819564E-21  0.62227354E-38
  0.32200000E+02  0.27646910E-21  0.62602676E-38
  0.32300000E+02  0.27475858E-21  0.59318907E-38
  0.32400000E+02  0.27306388E-21  0.58847631E-38
  0.32500000E+02  0.27138482E-21  0.57734788E-38
  0.32600000E+02  0.26972120E-21  0.58851027E-38
  0.32700000E+02  0.26807283E-21  0.59192794E-38
  0.32800000E+02  0.26643953E-21  0.59408097E-38
  0.32900000E+02  0.26482111E-21  0.55783640E-38
  0.33000000E+02  0.26321739E-21  0.55966501E-38
  0.33100000E+02  0.26162819E-21  0.57953440E-38
  0.33200000E+02  0.26005335E-21  0.58414742E-38
  0.33300000E+02  0.25849268E-21  0.55046193E-38
  0.33400000E+02  0.25694603E-21  0.55016378E-38
  0.33500000E+02  0.25541321E-21  0.57596743E-38
  0.33600000E+02  0.25389407E-21  0.56300258E-38
  0.33700000E+02  0.25238844E-21  0.55138932E-38
  0.33800000E+02  0.25089617E-21  0.56149311E-38
  0.33900000E+02  0.24941709E-21  0.53589273E-38
  0.34000000E+02  0.24795106E-21  0.53890453E-38
  0.34100000E+02  0.24649792E-21  0.55777977E-38
  0.34200000E+02  0.24505751E-21  0.53167566E-38
  0.34300000E+02  0.24362969E-21  0.53219367E-38
  0.34400000E+02  0.24221432E-21  0.55048058E-38
  0.34500000E+02  0.24081124E-21  0.52456263E-38
  0.34600000E+02  0.23942033E-21  0.50476994E-38
  0.34700000E+02  0.23804143E-21  0.54104434E-38
  0.34800000E+02  0.23667441E-21  0.51969360E-38
  0.34900000E+02  0.23531913E-21  0.54050421E-38
  0.35000000E+02  0.23397546E-21  0.52533069E-38
  0.35100000E+02  0.23264327E-21  0.50451108E-38
  0.35200000E+02  0.23132242E-21  0.50320091E-38
  0.35300000E+02  0.23001279E-21  0.50951324E-38
  0.35400000E+02  0.22871426E-21  0.48800774E-38
  0.35500000E+02  0.22742668E-21  0.48345377E-38
  0.35600000E+02  0.22614996E-21  0.48032302E-38
  0.35700000E+02  0.22488395E-21  0.50258057E-38
  0.35800000E+02  0.22362855E-21  0.49772074E-38
  0.35900000E+02  0.22238363E-21  0.47476147E-38
  0.36000000E+02  0.22114908E-21  0.47515836E-38
  0.36100000E+02  0.21992478E-21  0.49220747E-38
  0.36200000E+02  0.21871062E-21  0.48078586E-38
  0.36300000E+02  0.21750649E-21  0.45852726E-38
  0.36400000E+02  0.21631227E-21  0.47884789E-38
  0.36500000E+02  0.21512787E-21  0.48844996E-38
  0.36600000E+02  0.21395317E-21  0.47765169E-38
  0.36700000E+02  0.21278806E-21  0.47388610E-38
  0.36800000E+02  0.21163245E-21  0.48105659E-38
  0.36900000E+02  0.21048622E-21  0.47283331E-38
  0.37000000E+02  0.20934929E-21  0.48001598E-38
  0.37100000E+02  0.20822154E-21  0.45774026E-38
  0.37200000E+02  0.20710288E-21  0.44628315E-38
  0.37300000E+02  0.20599321E-21  0.46041578E-38
  0.37400000E+02  0.20489244E-21  0.44430598E-38
  0.37500000E+02  0.20380046E-21  0.45323250E-38
  0.37600000E+02  0.20271720E-21  0.42458758E-38
  0.37700000E+02  0.20164255E-21  0.42446885E-38
  0.37800000E+02  0.20057642E-21  0.42578364E-38
  0.37900000E+02  0.19951873E-21  0.43606513E-38
  0.38000000E+02  0.19846938E-21  0.44778051E-38
  0.38100000E+02  0.19742829E-21  0.44463903E-38
  0.38200000E+02  0.19639537E-21  0.44293284E-38
  0.38300000E+02  0.19537054E-21  0.44403206E-38
  0.38400000E+02  0.19435371E-21  0.41817196E-38
  0.38500000E+02  0.19334480E-21  0.42822339E-38
  0.38600000E+02  0.19234372E-21  0.42078555E-38
  0.38700000E+02  0.19135040E-21  0.41380540E-38
  0.38800000E+02  0.19036475E-21  0.45089621E-38
  0.38900000E+02  0.18938670E-21  0.41431708E-38
  0.39000000E+02  0.18841617E-21  0.41559571E-38
  0.39100000E+02  0.18745309E-21  0.41994190E-38
  0.39200000E+02  0.18649736E-21  0.39665148E-38
  0.39300000E+02  0.18554893E-21  0.41756626E-38
  0.39400000E+02  0.18460772E-21  0.40002969E-38
  0.39500000E+02  0.18367365E-21  0.39669657E-38
  0.39600000E+02  0.18274665E-21  0.42884282E-38
  0.39700000E+02  0.18182666E-21  0.41957944E-38
  0.39800000E+02  0.18091359E-21  0.38946375E-38
  0.39900000E+02  0.18000739E-21  0.38749985E-38
  0.40000000E+02  0.17910798E-21  0.39818638E-38
