  0.00000000E+00  0.30848980E-21  0.27878477E-36
  0.10000000E+00  0.36034749E-21  0.21858490E-36
  0.20000000E+00  0.36338430E-21  0.18090471E-36
  0.30000000E+00  0.34839349E-21  0.14656330E-36
  0.40000000E+00  0.32829070E-21  0.12606087E-36
  0.50000000E+00  0.30682432E-21  0.11132610E-36
  0.60000000E+00  0.28555090E-21  0.99609649E-37
  0.70000000E+00  0.26520475E-21  0.90995814E-37
  0.80000000E+00  0.24613134E-21  0.83009520E-37
  0.90000000E+00  0.22846837E-21  0.75842034E-37
  0.10000000E+01  0.21223669E-21  0.69031908E-37
  0.11000000E+01  0.19739138E-21  0.63496927E-37
  0.12000000E+01  0.18385208E-21  0.58426145E-37
  0.13000000E+01  0.17152152E-21  0.53529024E-37
  0.14000000E+01  0.16029671E-21  0.49964794E-37
  0.15000000E+01  0.15007570E-21  0.45884269E-37
  0.16000000E+01  0.14076133E-21  0.42172253E-37
  0.17000000E+01  0.13226329E-21  0.39289157E-37
  0.18000000E+01  0.12449890E-21  0.36529113E-37
  0.19000000E+01  0.11739332E-21  0.34320061E-37
  0.20000000E+01  0.11087931E-21  0.31351661E-37
  0.21000000E+01  0.10489669E-21  0.29860241E-37
  0.22000000E+01  0.99391842E-22  0.27693450E-37
  0.23000000E+01  0.94317028E-22  0.25743802E-37
  0.24000000E+01  0.89629820E-22  0.24319005E-37
  0.25000000E+01  0.85292510E-22  0.22949811E-37
  0.26000000E+01  0.81271576E-22  0.21281809E-37
  0.27000000E+01  0.77537204E-22  0.20160313E-37
  0.28000000E+01  0.74062848E-22  0.18658165E-37
  0.29000000E+01  0.70824846E-22  0.17915094E-37
  0.30000000E+01  0.67802082E-22  0.16927208E-37
  0.31000000E+01  0.64975682E-22  0.15912151E-37
  0.32000000E+01  0.62328750E-22  0.15119993E-37
  0.33000000E+01  0.59846138E-22  0.14191715E-37
  0.34000000E+01  0.57514240E-22  0.13591116E-37
  0.35000000E+01  0.55320819E-22  0.12803549E-37
  0.36000000E+01  0.53254846E-22  0.12239707E-37
  0.37000000E+01  0.51306366E-22  0.11712125E-37
  0.38000000E+01  0.49466380E-22  0.11170186E-37
  0.39000000E+01  0.47726734E-22  0.10508279E-37
  0.40000000E+01  0.46080033E-22  0.10134221E-37
  0.41000000E+01  0.44519557E-22  0.97050663E-38
  0.42000000E+01  0.43039189E-22  0.92865173E-38
  0.43000000E+01  0.41633351E-22  0.88843002E-38
  0.44000000E+01  0.40296952E-22  0.84313294E-38
  0.45000000E+01  0.39025334E-22  0.80839864E-38
  0.46000000E+01  0.37814232E-22  0.77209108E-38
  0.47000000E+01  0.36659733E-22  0.74903111E-38
  0.48000000E+01  0.35558242E-22  0.72373310E-38
  0.49000000E+01  0.34506452E-22  0.68815066E-38
  0.50000000E+01  0.33501317E-22  0.66390896E-38
  0.51000000E+01  0.32540026E-22  0.63762082E-38
  0.52000000E+01  0.31619983E-22  0.61429311E-38
  0.53000000E+01  0.30738785E-22  0.59011070E-38
  0.54000000E+01  0.29894209E-22  0.56709702E-38
  0.55000000E+01  0.29084192E-22  0.54918072E-38
  0.56000000E+01  0.28306818E-22  0.53176721E-38
  0.57000000E+01  0.27560308E-22  0.50849889E-38
  0.58000000E+01  0.26843003E-22  0.49834634E-38
  0.59000000E+01  0.26153361E-22  0.47764438E-38
  0.60000000E+01  0.25489941E-22  0.46028615E-38
  0.61000000E+01  0.24851398E-22  0.44739297E-38
  0.62000000E+01  0.24236476E-22  0.43065089E-38
  0.63000000E+01  0.23643998E-22  0.41734706E-38
  0.64000000E+01  0.23072864E-22  0.40704206E-38
  0.65000000E+01  0.22522039E-22  0.39204557E-38
  0.66000000E+01  0.21990554E-22  0.38082996E-38
  0.67000000E+01  0.21477500E-22  0.36848311E-38
  0.68000000E+01  0.20982020E-22  0.35709375E-38
  0.69000000E+01  0.20503308E-22  0.34557708E-38
  0.70000000E+01  0.20040607E-22  0.33459516E-38
  0.71000000E+01  0.19593201E-22  0.32802169E-38
  0.72000000E+01  0.19160415E-22  0.31946949E-38
  0.73000000E+01  0.18741613E-22  0.31314003E-38
  0.74000000E+01  0.18336193E-22  0.30106592E-38
  0.75000000E+01  0.17943587E-22  0.29011079E-38
  0.76000000E+01  0.17563255E-22  0.28605862E-38
  0.77000000E+01  0.17194689E-22  0.27948724E-38
  0.78000000E+01  0.16837406E-22  0.27101908E-38
  0.79000000E+01  0.16490947E-22  0.26134185E-38
  0.80000000E+01  0.16154879E-22  0.25822859E-38
  0.81000000E+01  0.15828788E-22  0.25084757E-38
  0.82000000E+01  0.15512284E-22  0.24471103E-38
  0.83000000E+01  0.15204993E-22  0.23889274E-38
  0.84000000E+01  0.14906561E-22  0.23196088E-38
  0.85000000E+01  0.14616652E-22  0.22763894E-38
  0.86000000E+01  0.14334945E-22  0.22229437E-38
  0.87000000E+01  0.14061133E-22  0.21787019E-38
  0.88000000E+01  0.13794925E-22  0.21136814E-38
  0.89000000E+01  0.13536044E-22  0.20565891E-38
  0.90000000E+01  0.13284224E-22  0.20046355E-38
  0.91000000E+01  0.13039211E-22  0.19741646E-38
  0.92000000E+01  0.12800765E-22  0.19215811E-38
  0.93000000E+01  0.12568653E-22  0.18853680E-38
  0.94000000E+01  0.12342655E-22  0.18689829E-38
  0.95000000E+01  0.12122560E-22  0.18130900E-38
  0.96000000E+01  0.11908165E-22  0.17674394E-38
  0.97000000E+01  0.11699277E-22  0.17264600E-38
  0.98000000E+01  0.11495710E-22  0.16857352E-38
  0.99000000E+01  0.11297287E-22  0.16667233E-38
  0.10000000E+02  0.11103838E-22  0.16151217E-38
  0.10100000E+02  0.10915200E-22  0.15979395E-38
  0.10200000E+02  0.10731215E-22  0.15604940E-38
  0.10300000E+02  0.10551734E-22  0.15233482E-38
  0.10400000E+02  0.10376613E-22  0.14889846E-38
  0.10500000E+02  0.10205713E-22  0.14747821E-38
  0.10600000E+02  0.10038900E-22  0.14433584E-38
  0.10700000E+02  0.98760484E-23  0.14228160E-38
  0.10800000E+02  0.97170339E-23  0.13736906E-38
  0.10900000E+02  0.95617386E-23  0.13592670E-38
  0.11000000E+02  0.94100491E-23  0.13244986E-38
  0.11100000E+02  0.92618559E-23  0.13116648E-38
  0.11200000E+02  0.91170539E-23  0.12844848E-38
  0.11300000E+02  0.89755418E-23  0.12539464E-38
  0.11400000E+02  0.88372220E-23  0.12254843E-38
  0.11500000E+02  0.87020005E-23  0.12026392E-38
  0.11600000E+02  0.85697868E-23  0.11960412E-38
  0.11700000E+02  0.84404936E-23  0.11704970E-38
  0.11800000E+02  0.83140367E-23  0.11509967E-38
  0.11900000E+02  0.81903350E-23  0.11278059E-38
  0.12000000E+02  0.80693102E-23  0.11167527E-38
  0.12100000E+02  0.79508867E-23  0.10812830E-38
  0.12200000E+02  0.78349916E-23  0.10652242E-38
  0.12300000E+02  0.77215545E-23  0.10449598E-38
  0.12400000E+02  0.76105074E-23  0.10286741E-38
  0.12500000E+02  0.75017848E-23  0.10157747E-38
  0.12600000E+02  0.73953230E-23  0.10054268E-38
  0.12700000E+02  0.72910609E-23  0.98609108E-39
  0.12800000E+02  0.71889392E-23  0.96935113E-39
  0.12900000E+02  0.70889006E-23  0.94287785E-39
  0.13000000E+02  0.69908897E-23  0.92455009E-39
  0.13100000E+02  0.68948528E-23  0.92328113E-39
  0.13200000E+02  0.68007383E-23  0.90357870E-39
  0.13300000E+02  0.67084958E-23  0.89324221E-39
  0.13400000E+02  0.66180769E-23  0.88264481E-39
  0.13500000E+02  0.65294345E-23  0.87778580E-39
  0.13600000E+02  0.64425232E-23  0.85244942E-39
  0.13700000E+02  0.63572988E-23  0.84336490E-39
  0.13800000E+02  0.62737187E-23  0.83245336E-39
  0.13900000E+02  0.61917415E-23  0.81576917E-39
  0.14000000E+02  0.61113271E-23  0.80445290E-39
  0.14100000E+02  0.60324366E-23  0.79151034E-39
  0.14200000E+02  0.59550324E-23  0.77881915E-39
  0.14300000E+02  0.58790780E-23  0.76583885E-39
  0.14400000E+02  0.58045379E-23  0.75597775E-39
  0.14500000E+02  0.57313779E-23  0.75247617E-39
  0.14600000E+02  0.56595645E-23  0.73400165E-39
  0.14700000E+02  0.55890654E-23  0.72287899E-39
  0.14800000E+02  0.55198493E-23  0.71476239E-39
  0.14900000E+02  0.54518857E-23  0.70948905E-39
  0.15000000E+02  0.53851450E-23  0.68925415E-39
  0.15100000E+02  0.53195985E-23  0.68342028E-39
  0.15200000E+02  0.52552183E-23  0.68113529E-39
  0.15300000E+02  0.51919774E-23  0.66655219E-39
  0.15400000E+02  0.51298493E-23  0.65472004E-39
  0.15500000E+02  0.50688087E-23  0.64816385E-39
  0.15600000E+02  0.50088305E-23  0.63952935E-39
  0.15700000E+02  0.49498908E-23  0.63561646E-39
  0.15800000E+02  0.48919659E-23  0.62887205E-39
  0.15900000E+02  0.48350331E-23  0.62054093E-39
  0.16000000E+02  0.47790702E-23  0.60678150E-39
  0.16100000E+02  0.47240556E-23  0.60213412E-39
  0.16200000E+02  0.46699684E-23  0.59215391E-39
  0.16300000E+02  0.46167880E-23  0.58652579E-39
  0.16400000E+02  0.45644947E-23  0.57711534E-39
  0.16500000E+02  0.45130692E-23  0.57183401E-39
  0.16600000E+02  0.44624925E-23  0.56512497E-39
  0.16700000E+02  0.44127464E-23  0.55819968E-39
  0.16800000E+02  0.43638131E-23  0.55330046E-39
  0.16900000E+02  0.43156753E-23  0.54375773E-39
  0.17000000E+02  0.42683159E-23  0.53757194E-39
  0.17100000E+02  0.42217186E-23  0.52692574E-39
  0.17200000E+02  0.41758674E-23  0.52041403E-39
  0.17300000E+02  0.41307465E-23  0.51745518E-39
  0.17400000E+02  0.40863409E-23  0.51266619E-39
  0.17500000E+02  0.40426356E-23  0.51000785E-39
  0.17600000E+02  0.39996163E-23  0.49741393E-39
  0.17700000E+02  0.39572688E-23  0.49082177E-39
  0.17800000E+02  0.39155795E-23  0.48379244E-39
  0.17900000E+02  0.38745349E-23  0.47800847E-39
  0.18000000E+02  0.38341220E-23  0.47412431E-39
  0.18100000E+02  0.37943281E-23  0.47206751E-39
  0.18200000E+02  0.37551408E-23  0.46235974E-39
  0.18300000E+02  0.37165480E-23  0.46133657E-39
  0.18400000E+02  0.36785378E-23  0.45664755E-39
  0.18500000E+02  0.36410988E-23  0.44929207E-39
  0.18600000E+02  0.36042197E-23  0.44363117E-39
  0.18700000E+02  0.35678896E-23  0.43876575E-39
  0.18800000E+02  0.35320978E-23  0.43853794E-39
  0.18900000E+02  0.34968338E-23  0.42969794E-39
  0.19000000E+02  0.34620874E-23  0.42761381E-39
  0.19100000E+02  0.34278487E-23  0.41713489E-39
  0.19200000E+02  0.33941080E-23  0.41708197E-39
  0.19300000E+02  0.33608558E-23  0.41086738E-39
  0.19400000E+02  0.33280827E-23  0.41056590E-39
  0.19500000E+02  0.32957799E-23  0.40415680E-39
  0.19600000E+02  0.32639383E-23  0.39957090E-39
  0.19700000E+02  0.32325495E-23  0.39626139E-39
  0.19800000E+02  0.32016049E-23  0.39159092E-39
  0.19900000E+02  0.31710964E-23  0.38668960E-39
  0.20000000E+02  0.31410158E-23  0.38085603E-39
  0.20100000E+02  0.31113554E-23  0.37942968E-39
  0.20200000E+02  0.30821073E-23  0.37424727E-39
  0.20300000E+02  0.30532641E-23  0.37213142E-39
  0.20400000E+02  0.30248185E-23  0.36698660E-39
  0.20500000E+02  0.29967632E-23  0.35985785E-39
  0.20600000E+02  0.29690913E-23  0.36239416E-39
  0.20700000E+02  0.29417958E-23  0.35636904E-39
  0.20800000E+02  0.29148701E-23  0.35117591E-39
  0.20900000E+02  0.28883075E-23  0.34979431E-39
  0.21000000E+02  0.28621017E-23  0.34628652E-39
  0.21100000E+02  0.28362464E-23  0.34491360E-39
  0.21200000E+02  0.28107353E-23  0.33654905E-39
  0.21300000E+02  0.27855626E-23  0.33459055E-39
  0.21400000E+02  0.27607223E-23  0.33175084E-39
  0.21500000E+02  0.27362086E-23  0.33033225E-39
  0.21600000E+02  0.27120160E-23  0.32701332E-39
  0.21700000E+02  0.26881388E-23  0.32252568E-39
  0.21800000E+02  0.26645717E-23  0.32004982E-39
  0.21900000E+02  0.26413094E-23  0.31418333E-39
  0.22000000E+02  0.26183468E-23  0.31805882E-39
  0.22100000E+02  0.25956787E-23  0.31028139E-39
  0.22200000E+02  0.25733002E-23  0.31145089E-39
  0.22300000E+02  0.25512064E-23  0.30509017E-39
  0.22400000E+02  0.25293927E-23  0.30409195E-39
  0.22500000E+02  0.25078542E-23  0.29885042E-39
  0.22600000E+02  0.24865865E-23  0.29814290E-39
  0.22700000E+02  0.24655851E-23  0.29530019E-39
  0.22800000E+02  0.24448456E-23  0.28975422E-39
  0.22900000E+02  0.24243637E-23  0.28424308E-39
  0.23000000E+02  0.24041352E-23  0.28754938E-39
  0.23100000E+02  0.23841560E-23  0.28336166E-39
  0.23200000E+02  0.23644221E-23  0.28130572E-39
  0.23300000E+02  0.23449294E-23  0.27495581E-39
  0.23400000E+02  0.23256742E-23  0.27855648E-39
  0.23500000E+02  0.23066526E-23  0.27431309E-39
  0.23600000E+02  0.22878608E-23  0.27424474E-39
  0.23700000E+02  0.22692953E-23  0.27039328E-39
  0.23800000E+02  0.22509525E-23  0.26790136E-39
  0.23900000E+02  0.22328287E-23  0.26201711E-39
  0.24000000E+02  0.22149207E-23  0.26288421E-39
  0.24100000E+02  0.21972251E-23  0.26245532E-39
  0.24200000E+02  0.21797384E-23  0.25755209E-39
  0.24300000E+02  0.21624575E-23  0.25699214E-39
  0.24400000E+02  0.21453791E-23  0.25561716E-39
  0.24500000E+02  0.21285003E-23  0.25088056E-39
  0.24600000E+02  0.21118178E-23  0.24846672E-39
  0.24700000E+02  0.20953287E-23  0.24860233E-39
  0.24800000E+02  0.20790300E-23  0.24413116E-39
  0.24900000E+02  0.20629189E-23  0.24391845E-39
  0.25000000E+02  0.20469925E-23  0.24312770E-39
  0.25100000E+02  0.20312480E-23  0.23912402E-39
  0.25200000E+02  0.20156826E-23  0.23856676E-39
  0.25300000E+02  0.20002938E-23  0.23549908E-39
  0.25400000E+02  0.19850788E-23  0.23400806E-39
  0.25500000E+02  0.19700352E-23  0.23205607E-39
  0.25600000E+02  0.19551602E-23  0.23383438E-39
  0.25700000E+02  0.19404515E-23  0.22660481E-39
  0.25800000E+02  0.19259066E-23  0.22509774E-39
  0.25900000E+02  0.19115231E-23  0.22487044E-39
  0.26000000E+02  0.18972986E-23  0.22372018E-39
  0.26100000E+02  0.18832308E-23  0.21959369E-39
  0.26200000E+02  0.18693175E-23  0.21969200E-39
  0.26300000E+02  0.18555565E-23  0.22230721E-39
  0.26400000E+02  0.18419454E-23  0.21592713E-39
  0.26500000E+02  0.18284822E-23  0.21299111E-39
  0.26600000E+02  0.18151647E-23  0.21232933E-39
  0.26700000E+02  0.18019910E-23  0.21336930E-39
  0.26800000E+02  0.17889588E-23  0.20823013E-39
  0.26900000E+02  0.17760663E-23  0.21158513E-39
  0.27000000E+02  0.17633115E-23  0.20618309E-39
  0.27100000E+02  0.17506923E-23  0.20320406E-39
  0.27200000E+02  0.17382070E-23  0.20457679E-39
  0.27300000E+02  0.17258536E-23  0.20139138E-39
  0.27400000E+02  0.17136303E-23  0.19867545E-39
  0.27500000E+02  0.17015353E-23  0.19786480E-39
  0.27600000E+02  0.16895669E-23  0.19808484E-39
  0.27700000E+02  0.16777232E-23  0.19531623E-39
  0.27800000E+02  0.16660026E-23  0.19425874E-39
  0.27900000E+02  0.16544033E-23  0.19314287E-39
  0.28000000E+02  0.16429238E-23  0.19328621E-39
  0.28100000E+02  0.16315624E-23  0.19244556E-39
  0.28200000E+02  0.16203175E-23  0.18913753E-39
  0.28300000E+02  0.16091875E-23  0.18803075E-39
  0.28400000E+02  0.15981708E-23  0.18441487E-39
  0.28500000E+02  0.15872660E-23  0.18536660E-39
  0.28600000E+02  0.15764716E-23  0.18511253E-39
  0.28700000E+02  0.15657860E-23  0.18256369E-39
  0.28800000E+02  0.15552078E-23  0.18151239E-39
  0.28900000E+02  0.15447357E-23  0.18178339E-39
  0.29000000E+02  0.15343681E-23  0.17921142E-39
  0.29100000E+02  0.15241038E-23  0.17874771E-39
  0.29200000E+02  0.15139413E-23  0.17629605E-39
  0.29300000E+02  0.15038794E-23  0.17473173E-39
  0.29400000E+02  0.14939167E-23  0.17394677E-39
  0.29500000E+02  0.14840519E-23  0.17065532E-39
  0.29600000E+02  0.14742838E-23  0.17222529E-39
  0.29700000E+02  0.14646111E-23  0.16892407E-39
  0.29800000E+02  0.14550326E-23  0.16749874E-39
  0.29900000E+02  0.14455470E-23  0.16930925E-39
  0.30000000E+02  0.14361532E-23  0.16735179E-39
  0.30100000E+02  0.14268500E-23  0.16615906E-39
  0.30200000E+02  0.14176363E-23  0.16461286E-39
  0.30300000E+02  0.14085109E-23  0.16148526E-39
  0.30400000E+02  0.13994727E-23  0.16159416E-39
  0.30500000E+02  0.13905206E-23  0.16160150E-39
  0.30600000E+02  0.13816535E-23  0.15850226E-39
  0.30700000E+02  0.13728704E-23  0.15843315E-39
  0.30800000E+02  0.13641701E-23  0.15691446E-39
  0.30900000E+02  0.13555518E-23  0.15725214E-39
  0.31000000E+02  0.13470142E-23  0.15605282E-39
  0.31100000E+02  0.13385566E-23  0.15585919E-39
  0.31200000E+02  0.13301778E-23  0.15423322E-39
  0.31300000E+02  0.13218769E-23  0.15169030E-39
  0.31400000E+02  0.13136529E-23  0.15105969E-39
  0.31500000E+02  0.13055049E-23  0.15189284E-39
  0.31600000E+02  0.12974320E-23  0.15075495E-39
  0.31700000E+02  0.12894333E-23  0.14936599E-39
  0.31800000E+02  0.12815078E-23  0.14754140E-39
  0.31900000E+02  0.12736546E-23  0.14685758E-39
  0.32000000E+02  0.12658730E-23  0.14538966E-39
  0.32100000E+02  0.12581620E-23  0.14699597E-39
  0.32200000E+02  0.12505208E-23  0.14282253E-39
  0.32300000E+02  0.12429485E-23  0.14399469E-39
  0.32400000E+02  0.12354444E-23  0.14162799E-39
  0.32500000E+02  0.12280076E-23  0.14199364E-39
  0.32600000E+02  0.12206373E-23  0.13957726E-39
  0.32700000E+02  0.12133327E-23  0.13961362E-39
  0.32800000E+02  0.12060932E-23  0.13937202E-39
  0.32900000E+02  0.11989178E-23  0.13747218E-39
  0.33000000E+02  0.11918058E-23  0.13604599E-39
  0.33100000E+02  0.11847566E-23  0.13720358E-39
  0.33200000E+02  0.11777694E-23  0.13456535E-39
  0.33300000E+02  0.11708434E-23  0.13497151E-39
  0.33400000E+02  0.11639779E-23  0.13479658E-39
  0.33500000E+02  0.11571723E-23  0.13333964E-39
  0.33600000E+02  0.11504258E-23  0.13187529E-39
  0.33700000E+02  0.11437379E-23  0.13205597E-39
  0.33800000E+02  0.11371077E-23  0.13099399E-39
  0.33900000E+02  0.11305347E-23  0.12865460E-39
  0.34000000E+02  0.11240181E-23  0.12926403E-39
  0.34100000E+02  0.11175575E-23  0.12978569E-39
  0.34200000E+02  0.11111520E-23  0.12787595E-39
  0.34300000E+02  0.11048011E-23  0.12660056E-39
  0.34400000E+02  0.10985043E-23  0.12682783E-39
  0.34500000E+02  0.10922607E-23  0.12435988E-39
  0.34600000E+02  0.10860700E-23  0.12598573E-39
  0.34700000E+02  0.10799315E-23  0.12328819E-39
  0.34800000E+02  0.10738445E-23  0.12208641E-39
  0.34900000E+02  0.10678086E-23  0.12382917E-39
  0.35000000E+02  0.10618232E-23  0.12197659E-39
  0.35100000E+02  0.10558876E-23  0.12028828E-39
  0.35200000E+02  0.10500014E-23  0.11979160E-39
  0.35300000E+02  0.10441641E-23  0.12011256E-39
  0.35400000E+02  0.10383750E-23  0.11913057E-39
  0.35500000E+02  0.10326336E-23  0.11881023E-39
  0.35600000E+02  0.10269395E-23  0.11693327E-39
  0.35700000E+02  0.10212921E-23  0.11834128E-39
  0.35800000E+02  0.10156909E-23  0.11754661E-39
  0.35900000E+02  0.10101354E-23  0.11696176E-39
  0.36000000E+02  0.10046252E-23  0.11680584E-39
  0.36100000E+02  0.99915964E-24  0.11458153E-39
  0.36200000E+02  0.99373835E-24  0.11277424E-39
  0.36300000E+02  0.98836083E-24  0.11399701E-39
  0.36400000E+02  0.98302661E-24  0.11294017E-39
  0.36500000E+02  0.97773524E-24  0.11215597E-39
  0.36600000E+02  0.97248626E-24  0.11166113E-39
  0.36700000E+02  0.96727922E-24  0.11160102E-39
  0.36800000E+02  0.96211368E-24  0.10975882E-39
  0.36900000E+02  0.95698919E-24  0.10954227E-39
  0.37000000E+02  0.95190534E-24  0.10897529E-39
  0.37100000E+02  0.94686168E-24  0.10882297E-39
  0.37200000E+02  0.94185780E-24  0.10750327E-39
  0.37300000E+02  0.93689329E-24  0.10789459E-39
  0.37400000E+02  0.93196773E-24  0.10780550E-39
  0.37500000E+02  0.92708072E-24  0.10601427E-39
  0.37600000E+02  0.92223186E-24  0.10594153E-39
  0.37700000E+02  0.91742076E-24  0.10442962E-39
  0.37800000E+02  0.91264703E-24  0.10408299E-39
  0.37900000E+02  0.90791028E-24  0.10457473E-39
  0.38000000E+02  0.90321014E-24  0.10304451E-39
  0.38100000E+02  0.89854622E-24  0.10196248E-39
  0.38200000E+02  0.89391817E-24  0.10188732E-39
  0.38300000E+02  0.88932561E-24  0.10162829E-39
  0.38400000E+02  0.88476818E-24  0.99537833E-40
  0.38500000E+02  0.88024553E-24  0.99663382E-40
  0.38600000E+02  0.87575732E-24  0.10039150E-39
  0.38700000E+02  0.87130318E-24  0.99963718E-40
  0.38800000E+02  0.86688278E-24  0.99858178E-40
  0.38900000E+02  0.86249577E-24  0.97628754E-40
  0.39000000E+02  0.85814184E-24  0.98269633E-40
  0.39100000E+02  0.85382064E-24  0.96918059E-40
  0.39200000E+02  0.84953185E-24  0.96615154E-40
  0.39300000E+02  0.84527514E-24  0.94949267E-40
  0.39400000E+02  0.84105021E-24  0.95977932E-40
  0.39500000E+02  0.83685673E-24  0.96098618E-40
  0.39600000E+02  0.83269440E-24  0.94845388E-40
  0.39700000E+02  0.82856291E-24  0.94170074E-40
  0.39800000E+02  0.82446195E-24  0.93888022E-40
  0.39900000E+02  0.82039123E-24  0.93756138E-40
  0.40000000E+02  0.81635046E-24  0.92355111E-40
