  0.00000000E+00  0.14545326E-18  0.46649124E-35
  0.10000000E+00  0.13591190E-18  0.42007845E-35
  0.20000000E+00  0.12443300E-18  0.35417939E-35
  0.30000000E+00  0.11368646E-18  0.29772971E-35
  0.40000000E+00  0.10353460E-18  0.22159584E-35
  0.50000000E+00  0.94123042E-19  0.17351020E-35
  0.60000000E+00  0.85520743E-19  0.14976529E-35
  0.70000000E+00  0.77723472E-19  0.10920265E-35
  0.80000000E+00  0.70690548E-19  0.10148678E-35
  0.90000000E+00  0.64366336E-19  0.83014907E-36
  0.10000000E+01  0.58690321E-19  0.72748926E-36
  0.11000000E+01  0.53601761E-19  0.62670129E-36
  0.12000000E+01  0.49042039E-19  0.67411483E-36
  0.13000000E+01  0.44955942E-19  0.56866385E-36
  0.14000000E+01  0.41292374E-19  0.50248169E-36
  0.15000000E+01  0.38004681E-19  0.48699137E-36
  0.16000000E+01  0.35050720E-19  0.48878257E-36
  0.17000000E+01  0.32392738E-19  0.45069657E-36
  0.18000000E+01  0.29997127E-19  0.42422805E-36
  0.19000000E+01  0.27834116E-19  0.44875343E-36
  0.20000000E+01  0.25877420E-19  0.47314057E-36
  0.21000000E+01  0.24103891E-19  0.42325645E-36
  0.22000000E+01  0.22493170E-19  0.45622273E-36
  0.23000000E+01  0.21027365E-19  0.43688037E-36
  0.24000000E+01  0.19690757E-19  0.38344952E-36
  0.25000000E+01  0.18469528E-19  0.38710112E-36
  0.26000000E+01  0.17351528E-19  0.39149703E-36
  0.27000000E+01  0.16326056E-19  0.35641209E-36
  0.28000000E+01  0.15383683E-19  0.37780670E-36
  0.29000000E+01  0.14516082E-19  0.37732690E-36
  0.30000000E+01  0.13715894E-19  0.33341268E-36
  0.31000000E+01  0.12976600E-19  0.32295036E-36
  0.32000000E+01  0.12292418E-19  0.31199218E-36
  0.33000000E+01  0.11658210E-19  0.33029481E-36
  0.34000000E+01  0.11069400E-19  0.30985836E-36
  0.35000000E+01  0.10521906E-19  0.30046576E-36
  0.36000000E+01  0.10012082E-19  0.29155512E-36
  0.37000000E+01  0.95366623E-20  0.29573757E-36
  0.38000000E+01  0.90927175E-20  0.27245315E-36
  0.39000000E+01  0.86776158E-20  0.25915798E-36
  0.40000000E+01  0.82889879E-20  0.28317742E-36
  0.41000000E+01  0.79246970E-20  0.24873254E-36
  0.42000000E+01  0.75828127E-20  0.24481705E-36
  0.43000000E+01  0.72615881E-20  0.23472109E-36
  0.44000000E+01  0.69594397E-20  0.24219564E-36
  0.45000000E+01  0.66749299E-20  0.23566569E-36
  0.46000000E+01  0.64067512E-20  0.22616905E-36
  0.47000000E+01  0.61537128E-20  0.21866118E-36
  0.48000000E+01  0.59147283E-20  0.21415416E-36
  0.49000000E+01  0.56888054E-20  0.21585584E-36
  0.50000000E+01  0.54750361E-20  0.20195727E-36
  0.51000000E+01  0.52725887E-20  0.20063486E-36
  0.52000000E+01  0.50807000E-20  0.19686195E-36
  0.53000000E+01  0.48986691E-20  0.19680870E-36
  0.54000000E+01  0.47258510E-20  0.18384902E-36
  0.55000000E+01  0.45616520E-20  0.17261003E-36
  0.56000000E+01  0.44055243E-20  0.17304080E-36
  0.57000000E+01  0.42569624E-20  0.17257478E-36
  0.58000000E+01  0.41154989E-20  0.16860082E-36
  0.59000000E+01  0.39807015E-20  0.16399509E-36
  0.60000000E+01  0.38521696E-20  0.16570768E-36
  0.61000000E+01  0.37295316E-20  0.15630989E-36
  0.62000000E+01  0.36124428E-20  0.15460018E-36
  0.63000000E+01  0.35005827E-20  0.15184804E-36
  0.64000000E+01  0.33936531E-20  0.14808526E-36
  0.65000000E+01  0.32913767E-20  0.14294919E-36
  0.66000000E+01  0.31934947E-20  0.14228591E-36
  0.67000000E+01  0.30997660E-20  0.13804888E-36
  0.68000000E+01  0.30099653E-20  0.13382191E-36
  0.69000000E+01  0.29238821E-20  0.13585637E-36
  0.70000000E+01  0.28413197E-20  0.13010508E-36
  0.71000000E+01  0.27620938E-20  0.12822009E-36
  0.72000000E+01  0.26860319E-20  0.12497660E-36
  0.73000000E+01  0.26129722E-20  0.12167315E-36
  0.74000000E+01  0.25427631E-20  0.11380284E-36
  0.75000000E+01  0.24752620E-20  0.12326236E-36
  0.76000000E+01  0.24103351E-20  0.11501847E-36
  0.77000000E+01  0.23478566E-20  0.11098162E-36
  0.78000000E+01  0.22877080E-20  0.10794613E-36
  0.79000000E+01  0.22297780E-20  0.10671711E-36
  0.80000000E+01  0.21739614E-20  0.10833873E-36
  0.81000000E+01  0.21201593E-20  0.10238594E-36
  0.82000000E+01  0.20682784E-20  0.10535151E-36
  0.83000000E+01  0.20182304E-20  0.10033942E-36
  0.84000000E+01  0.19699322E-20  0.99867359E-37
  0.85000000E+01  0.19233051E-20  0.98104935E-37
  0.86000000E+01  0.18782747E-20  0.96509780E-37
  0.87000000E+01  0.18347707E-20  0.95654323E-37
  0.88000000E+01  0.17927264E-20  0.90947581E-37
  0.89000000E+01  0.17520788E-20  0.87781095E-37
  0.90000000E+01  0.17127680E-20  0.91307783E-37
  0.91000000E+01  0.16747375E-20  0.88258176E-37
  0.92000000E+01  0.16379334E-20  0.84705234E-37
  0.93000000E+01  0.16023048E-20  0.83728231E-37
  0.94000000E+01  0.15678031E-20  0.84348234E-37
  0.95000000E+01  0.15343824E-20  0.83799254E-37
  0.96000000E+01  0.15019989E-20  0.81519484E-37
  0.97000000E+01  0.14706110E-20  0.78109628E-37
  0.98000000E+01  0.14401791E-20  0.78907332E-37
  0.99000000E+01  0.14106657E-20  0.80203500E-37
  0.10000000E+02  0.13820347E-20  0.76387023E-37
  0.10100000E+02  0.13542521E-20  0.73515445E-37
  0.10200000E+02  0.13272854E-20  0.74366047E-37
  0.10300000E+02  0.13011034E-20  0.74121792E-37
  0.10400000E+02  0.12756767E-20  0.71674251E-37
  0.10500000E+02  0.12509768E-20  0.71536404E-37
  0.10600000E+02  0.12269770E-20  0.69966585E-37
  0.10700000E+02  0.12036515E-20  0.67080055E-37
  0.10800000E+02  0.11809756E-20  0.65921721E-37
  0.10900000E+02  0.11589259E-20  0.65990917E-37
  0.11000000E+02  0.11374799E-20  0.65243493E-37
  0.11100000E+02  0.11166162E-20  0.66747493E-37
  0.11200000E+02  0.10963142E-20  0.63862827E-37
  0.11300000E+02  0.10765542E-20  0.61668752E-37
  0.11400000E+02  0.10573174E-20  0.61842528E-37
  0.11500000E+02  0.10385857E-20  0.61670283E-37
  0.11600000E+02  0.10203420E-20  0.59521549E-37
  0.11700000E+02  0.10025696E-20  0.58310068E-37
  0.11800000E+02  0.98525276E-21  0.56527078E-37
  0.11900000E+02  0.96837616E-21  0.54954823E-37
  0.12000000E+02  0.95192525E-21  0.55636343E-37
  0.12100000E+02  0.93588602E-21  0.55609050E-37
  0.12200000E+02  0.92024503E-21  0.53844624E-37
  0.12300000E+02  0.90498937E-21  0.52718744E-37
  0.12400000E+02  0.89010667E-21  0.52954833E-37
  0.12500000E+02  0.87558500E-21  0.52452774E-37
  0.12600000E+02  0.86141294E-21  0.51898976E-37
  0.12700000E+02  0.84757948E-21  0.50205140E-37
  0.12800000E+02  0.83407404E-21  0.49178136E-37
  0.12900000E+02  0.82088647E-21  0.49482161E-37
  0.13000000E+02  0.80800696E-21  0.48214884E-37
  0.13100000E+02  0.79542612E-21  0.46845440E-37
  0.13200000E+02  0.78313487E-21  0.45629190E-37
  0.13300000E+02  0.77112450E-21  0.46573727E-37
  0.13400000E+02  0.75938658E-21  0.47221340E-37
  0.13500000E+02  0.74791304E-21  0.45142592E-37
  0.13600000E+02  0.73669607E-21  0.44533206E-37
  0.13700000E+02  0.72572814E-21  0.46087022E-37
  0.13800000E+02  0.71500202E-21  0.43668037E-37
  0.13900000E+02  0.70451071E-21  0.42993248E-37
  0.14000000E+02  0.69424747E-21  0.44070666E-37
  0.14100000E+02  0.68420579E-21  0.42545601E-37
  0.14200000E+02  0.67437941E-21  0.41225637E-37
  0.14300000E+02  0.66476225E-21  0.40565130E-37
  0.14400000E+02  0.65534847E-21  0.41357367E-37
  0.14500000E+02  0.64613243E-21  0.40606959E-37
  0.14600000E+02  0.63710867E-21  0.39682948E-37
  0.14700000E+02  0.62827191E-21  0.39555426E-37
  0.14800000E+02  0.61961707E-21  0.38775518E-37
  0.14900000E+02  0.61113922E-21  0.37360453E-37
  0.15000000E+02  0.60283361E-21  0.38388655E-37
  0.15100000E+02  0.59469562E-21  0.37200812E-37
  0.15200000E+02  0.58672082E-21  0.37401507E-37
  0.15300000E+02  0.57890490E-21  0.37460830E-37
  0.15400000E+02  0.57124369E-21  0.36405148E-37
  0.15500000E+02  0.56373316E-21  0.35366250E-37
  0.15600000E+02  0.55636942E-21  0.35363404E-37
  0.15700000E+02  0.54914867E-21  0.34802838E-37
  0.15800000E+02  0.54206728E-21  0.33789670E-37
  0.15900000E+02  0.53512169E-21  0.33944637E-37
  0.16000000E+02  0.52830847E-21  0.33662689E-37
  0.16100000E+02  0.52162430E-21  0.34138807E-37
  0.16200000E+02  0.51506596E-21  0.33022828E-37
  0.16300000E+02  0.50863033E-21  0.32525172E-37
  0.16400000E+02  0.50231438E-21  0.32044821E-37
  0.16500000E+02  0.49611517E-21  0.32824405E-37
  0.16600000E+02  0.49002986E-21  0.30283127E-37
  0.16700000E+02  0.48405569E-21  0.32115752E-37
  0.16800000E+02  0.47818998E-21  0.30907569E-37
  0.16900000E+02  0.47243013E-21  0.30376887E-37
  0.17000000E+02  0.46677363E-21  0.29834779E-37
  0.17100000E+02  0.46121802E-21  0.30783926E-37
  0.17200000E+02  0.45576092E-21  0.29549466E-37
  0.17300000E+02  0.45040004E-21  0.29434581E-37
  0.17400000E+02  0.44513313E-21  0.29411330E-37
  0.17500000E+02  0.43995802E-21  0.29037926E-37
  0.17600000E+02  0.43487259E-21  0.28110551E-37
  0.17700000E+02  0.42987479E-21  0.28118772E-37
  0.17800000E+02  0.42496263E-21  0.28419033E-37
  0.17900000E+02  0.42013416E-21  0.28244498E-37
  0.18000000E+02  0.41538751E-21  0.27462651E-37
  0.18100000E+02  0.41072083E-21  0.26485755E-37
  0.18200000E+02  0.40613235E-21  0.27038951E-37
  0.18300000E+02  0.40162034E-21  0.26532983E-37
  0.18400000E+02  0.39718311E-21  0.26293560E-37
  0.18500000E+02  0.39281902E-21  0.26529905E-37
  0.18600000E+02  0.38852648E-21  0.26260776E-37
  0.18700000E+02  0.38430393E-21  0.26298922E-37
  0.18800000E+02  0.38014987E-21  0.24440913E-37
  0.18900000E+02  0.37606282E-21  0.25273855E-37
  0.19000000E+02  0.37204136E-21  0.25158307E-37
  0.19100000E+02  0.36808410E-21  0.24770239E-37
  0.19200000E+02  0.36418967E-21  0.24494093E-37
  0.19300000E+02  0.36035676E-21  0.23042459E-37
  0.19400000E+02  0.35658407E-21  0.23138207E-37
  0.19500000E+02  0.35287037E-21  0.23521947E-37
  0.19600000E+02  0.34921442E-21  0.23312189E-37
  0.19700000E+02  0.34561503E-21  0.22486511E-37
  0.19800000E+02  0.34207106E-21  0.22774102E-37
  0.19900000E+02  0.33858136E-21  0.22843301E-37
  0.20000000E+02  0.33514484E-21  0.22180560E-37
  0.20100000E+02  0.33176042E-21  0.23001454E-37
  0.20200000E+02  0.32842706E-21  0.21797811E-37
  0.20300000E+02  0.32514374E-21  0.21876973E-37
  0.20400000E+02  0.32190946E-21  0.21763749E-37
  0.20500000E+02  0.31872325E-21  0.22474365E-37
  0.20600000E+02  0.31558416E-21  0.21333715E-37
  0.20700000E+02  0.31249127E-21  0.21305802E-37
  0.20800000E+02  0.30944369E-21  0.20524272E-37
  0.20900000E+02  0.30644052E-21  0.20692357E-37
  0.21000000E+02  0.30348091E-21  0.19853680E-37
  0.21100000E+02  0.30056403E-21  0.20485261E-37
  0.21200000E+02  0.29768905E-21  0.20414900E-37
  0.21300000E+02  0.29485519E-21  0.20307827E-37
  0.21400000E+02  0.29206164E-21  0.19722022E-37
  0.21500000E+02  0.28930767E-21  0.19666847E-37
  0.21600000E+02  0.28659252E-21  0.19370768E-37
  0.21700000E+02  0.28391547E-21  0.19214362E-37
  0.21800000E+02  0.28127581E-21  0.19093373E-37
  0.21900000E+02  0.27867284E-21  0.19140239E-37
  0.22000000E+02  0.27610590E-21  0.18823056E-37
  0.22100000E+02  0.27357431E-21  0.18732819E-37
  0.22200000E+02  0.27107743E-21  0.18243367E-37
  0.22300000E+02  0.26861464E-21  0.17520289E-37
  0.22400000E+02  0.26618530E-21  0.18403165E-37
  0.22500000E+02  0.26378883E-21  0.17582407E-37
  0.22600000E+02  0.26142463E-21  0.17699783E-37
  0.22700000E+02  0.25909212E-21  0.17699725E-37
  0.22800000E+02  0.25679074E-21  0.17560646E-37
  0.22900000E+02  0.25451994E-21  0.17678110E-37
  0.23000000E+02  0.25227918E-21  0.17300216E-37
  0.23100000E+02  0.25006793E-21  0.17176199E-37
  0.23200000E+02  0.24788567E-21  0.17224703E-37
  0.23300000E+02  0.24573191E-21  0.16806816E-37
  0.23400000E+02  0.24360614E-21  0.16808182E-37
  0.23500000E+02  0.24150788E-21  0.16421454E-37
  0.23600000E+02  0.23943667E-21  0.15886533E-37
  0.23700000E+02  0.23739203E-21  0.16173851E-37
  0.23800000E+02  0.23537352E-21  0.15916094E-37
  0.23900000E+02  0.23338069E-21  0.15837487E-37
  0.24000000E+02  0.23141311E-21  0.16003262E-37
  0.24100000E+02  0.22947035E-21  0.15837974E-37
  0.24200000E+02  0.22755200E-21  0.15197753E-37
  0.24300000E+02  0.22565765E-21  0.15539548E-37
  0.24400000E+02  0.22378690E-21  0.16203676E-37
  0.24500000E+02  0.22193936E-21  0.15599191E-37
  0.24600000E+02  0.22011465E-21  0.15148950E-37
  0.24700000E+02  0.21831239E-21  0.15115272E-37
  0.24800000E+02  0.21653221E-21  0.14950470E-37
  0.24900000E+02  0.21477377E-21  0.14500631E-37
  0.25000000E+02  0.21303669E-21  0.14321680E-37
  0.25100000E+02  0.21132065E-21  0.14333088E-37
  0.25200000E+02  0.20962530E-21  0.14914041E-37
  0.25300000E+02  0.20795031E-21  0.14660002E-37
  0.25400000E+02  0.20629535E-21  0.14129965E-37
  0.25500000E+02  0.20466010E-21  0.14378828E-37
  0.25600000E+02  0.20304427E-21  0.14179292E-37
  0.25700000E+02  0.20144752E-21  0.14306651E-37
  0.25800000E+02  0.19986958E-21  0.13628285E-37
  0.25900000E+02  0.19831014E-21  0.13747861E-37
  0.26000000E+02  0.19676892E-21  0.13576729E-37
  0.26100000E+02  0.19524563E-21  0.13583095E-37
  0.26200000E+02  0.19373999E-21  0.13543447E-37
  0.26300000E+02  0.19225174E-21  0.13384779E-37
  0.26400000E+02  0.19078060E-21  0.13397811E-37
  0.26500000E+02  0.18932632E-21  0.13615692E-37
  0.26600000E+02  0.18788864E-21  0.12776862E-37
  0.26700000E+02  0.18646730E-21  0.13075374E-37
  0.26800000E+02  0.18506206E-21  0.12623569E-37
  0.26900000E+02  0.18367268E-21  0.12789216E-37
  0.27000000E+02  0.18229892E-21  0.13030317E-37
  0.27100000E+02  0.18094054E-21  0.12354431E-37
  0.27200000E+02  0.17959732E-21  0.12880192E-37
  0.27300000E+02  0.17826903E-21  0.12107079E-37
  0.27400000E+02  0.17695545E-21  0.12178477E-37
  0.27500000E+02  0.17565636E-21  0.12239408E-37
  0.27600000E+02  0.17437156E-21  0.12355280E-37
  0.27700000E+02  0.17310083E-21  0.12316234E-37
  0.27800000E+02  0.17184397E-21  0.12296664E-37
  0.27900000E+02  0.17060077E-21  0.12468426E-37
  0.28000000E+02  0.16937104E-21  0.11886116E-37
  0.28100000E+02  0.16815459E-21  0.11452556E-37
  0.28200000E+02  0.16695122E-21  0.11738347E-37
  0.28300000E+02  0.16576075E-21  0.11507176E-37
  0.28400000E+02  0.16458300E-21  0.11593759E-37
  0.28500000E+02  0.16341777E-21  0.11421069E-37
  0.28600000E+02  0.16226490E-21  0.11657460E-37
  0.28700000E+02  0.16112421E-21  0.11773467E-37
  0.28800000E+02  0.15999553E-21  0.11203468E-37
  0.28900000E+02  0.15887869E-21  0.11027804E-37
  0.29000000E+02  0.15777353E-21  0.11303206E-37
  0.29100000E+02  0.15667989E-21  0.10877460E-37
  0.29200000E+02  0.15559759E-21  0.11132881E-37
  0.29300000E+02  0.15452650E-21  0.11045408E-37
  0.29400000E+02  0.15346645E-21  0.10950394E-37
  0.29500000E+02  0.15241729E-21  0.10776784E-37
  0.29600000E+02  0.15137887E-21  0.10365590E-37
  0.29700000E+02  0.15035105E-21  0.10556772E-37
  0.29800000E+02  0.14933369E-21  0.10725850E-37
  0.29900000E+02  0.14832663E-21  0.10230031E-37
  0.30000000E+02  0.14732975E-21  0.10378318E-37
  0.30100000E+02  0.14634291E-21  0.10332830E-37
  0.30200000E+02  0.14536596E-21  0.10454654E-37
  0.30300000E+02  0.14439879E-21  0.10304465E-37
  0.30400000E+02  0.14344125E-21  0.99048975E-38
  0.30500000E+02  0.14249322E-21  0.99442147E-38
  0.30600000E+02  0.14155458E-21  0.10172702E-37
  0.30700000E+02  0.14062521E-21  0.10238296E-37
  0.30800000E+02  0.13970497E-21  0.97504930E-38
  0.30900000E+02  0.13879376E-21  0.10201192E-37
  0.31000000E+02  0.13789144E-21  0.99495125E-38
  0.31100000E+02  0.13699792E-21  0.98814344E-38
  0.31200000E+02  0.13611307E-21  0.94333646E-38
  0.31300000E+02  0.13523678E-21  0.96267696E-38
  0.31400000E+02  0.13436894E-21  0.94651426E-38
  0.31500000E+02  0.13350944E-21  0.94120279E-38
  0.31600000E+02  0.13265818E-21  0.94634929E-38
  0.31700000E+02  0.13181506E-21  0.94189477E-38
  0.31800000E+02  0.13097995E-21  0.90680683E-38
  0.31900000E+02  0.13015278E-21  0.90165078E-38
  0.32000000E+02  0.12933343E-21  0.95330739E-38
  0.32100000E+02  0.12852181E-21  0.90529596E-38
  0.32200000E+02  0.12771782E-21  0.91351769E-38
  0.32300000E+02  0.12692136E-21  0.89969883E-38
  0.32400000E+02  0.12613235E-21  0.90327159E-38
  0.32500000E+02  0.12535068E-21  0.86531685E-38
  0.32600000E+02  0.12457627E-21  0.91894071E-38
  0.32700000E+02  0.12380903E-21  0.89571854E-38
  0.32800000E+02  0.12304887E-21  0.87171778E-38
  0.32900000E+02  0.12229570E-21  0.86613100E-38
  0.33000000E+02  0.12154944E-21  0.86340494E-38
  0.33100000E+02  0.12081000E-21  0.83663671E-38
  0.33200000E+02  0.12007730E-21  0.82316971E-38
  0.33300000E+02  0.11935125E-21  0.84542695E-38
  0.33400000E+02  0.11863179E-21  0.85289222E-38
  0.33500000E+02  0.11791882E-21  0.84651209E-38
  0.33600000E+02  0.11721227E-21  0.83622278E-38
  0.33700000E+02  0.11651207E-21  0.82455587E-38
  0.33800000E+02  0.11581813E-21  0.81075725E-38
  0.33900000E+02  0.11513038E-21  0.82789184E-38
  0.34000000E+02  0.11444876E-21  0.81345712E-38
  0.34100000E+02  0.11377317E-21  0.82109463E-38
  0.34200000E+02  0.11310357E-21  0.80186733E-38
  0.34300000E+02  0.11243987E-21  0.80793655E-38
  0.34400000E+02  0.11178200E-21  0.80844462E-38
  0.34500000E+02  0.11112990E-21  0.78078899E-38
  0.34600000E+02  0.11048351E-21  0.76839449E-38
  0.34700000E+02  0.10984274E-21  0.77547843E-38
  0.34800000E+02  0.10920754E-21  0.77323735E-38
  0.34900000E+02  0.10857785E-21  0.76288456E-38
  0.35000000E+02  0.10795360E-21  0.75661592E-38
  0.35100000E+02  0.10733472E-21  0.76624215E-38
  0.35200000E+02  0.10672116E-21  0.76205546E-38
  0.35300000E+02  0.10611286E-21  0.76870705E-38
  0.35400000E+02  0.10550975E-21  0.77755885E-38
  0.35500000E+02  0.10491178E-21  0.75657123E-38
  0.35600000E+02  0.10431888E-21  0.75987337E-38
  0.35700000E+02  0.10373101E-21  0.73113608E-38
  0.35800000E+02  0.10314810E-21  0.74442200E-38
  0.35900000E+02  0.10257009E-21  0.71713415E-38
  0.36000000E+02  0.10199695E-21  0.74267188E-38
  0.36100000E+02  0.10142860E-21  0.70714378E-38
  0.36200000E+02  0.10086499E-21  0.72113494E-38
  0.36300000E+02  0.10030608E-21  0.74017370E-38
  0.36400000E+02  0.99751807E-22  0.70078846E-38
  0.36500000E+02  0.99202125E-22  0.71555119E-38
  0.36600000E+02  0.98656981E-22  0.71480290E-38
  0.36700000E+02  0.98116327E-22  0.69456223E-38
  0.36800000E+02  0.97580112E-22  0.68952993E-38
  0.36900000E+02  0.97048288E-22  0.70652944E-38
  0.37000000E+02  0.96520807E-22  0.68193680E-38
  0.37100000E+02  0.95997622E-22  0.67906044E-38
  0.37200000E+02  0.95478687E-22  0.68950861E-38
  0.37300000E+02  0.94963955E-22  0.67252235E-38
  0.37400000E+02  0.94453381E-22  0.67844485E-38
  0.37500000E+02  0.93946921E-22  0.65455768E-38
  0.37600000E+02  0.93444530E-22  0.66641653E-38
  0.37700000E+02  0.92946165E-22  0.66633583E-38
  0.37800000E+02  0.92451782E-22  0.66675726E-38
  0.37900000E+02  0.91961340E-22  0.66804582E-38
  0.38000000E+02  0.91474797E-22  0.64626911E-38
  0.38100000E+02  0.90992110E-22  0.67106786E-38
  0.38200000E+02  0.90513241E-22  0.65536056E-38
  0.38300000E+02  0.90038148E-22  0.64115791E-38
  0.38400000E+02  0.89566791E-22  0.63999643E-38
  0.38500000E+02  0.89099133E-22  0.63115974E-38
  0.38600000E+02  0.88635133E-22  0.64165093E-38
  0.38700000E+02  0.88174754E-22  0.62371766E-38
  0.38800000E+02  0.87717959E-22  0.62231712E-38
  0.38900000E+02  0.87264709E-22  0.63463605E-38
  0.39000000E+02  0.86814969E-22  0.62231597E-38
  0.39100000E+02  0.86368703E-22  0.61747243E-38
  0.39200000E+02  0.85925874E-22  0.60861510E-38
  0.39300000E+02  0.85486447E-22  0.61658260E-38
  0.39400000E+02  0.85050388E-22  0.59695138E-38
  0.39500000E+02  0.84617662E-22  0.62216774E-38
  0.39600000E+02  0.84188235E-22  0.60393561E-38
  0.39700000E+02  0.83762074E-22  0.60387314E-38
  0.39800000E+02  0.83339146E-22  0.58510604E-38
  0.39900000E+02  0.82919417E-22  0.59131307E-38
  0.40000000E+02  0.82502857E-22  0.60144390E-38
