  0.00000000E+00  0.15905970E-20  0.56649280E-35
  0.10000000E+00  0.14389890E-20  0.64081422E-35
  0.20000000E+00  0.13399999E-20  0.75557454E-35
  0.30000000E+00  0.12555966E-20  0.79174464E-35
  0.40000000E+00  0.11762927E-20  0.79557276E-35
  0.50000000E+00  0.11008615E-20  0.76393196E-35
  0.60000000E+00  0.10285086E-20  0.76126254E-35
  0.70000000E+00  0.95882003E-21  0.69985284E-35
  0.80000000E+00  0.89177594E-21  0.66518939E-35
  0.90000000E+00  0.82759408E-21  0.62913050E-35
  0.10000000E+01  0.76656733E-21  0.58076506E-35
  0.11000000E+01  0.70895627E-21  0.54775127E-35
  0.12000000E+01  0.65493712E-21  0.52087648E-35
  0.13000000E+01  0.60458764E-21  0.49593663E-35
  0.14000000E+01  0.55789425E-21  0.46905165E-35
  0.15000000E+01  0.51476867E-21  0.42836406E-35
  0.16000000E+01  0.47506707E-21  0.40046376E-35
  0.17000000E+01  0.43860790E-21  0.37799047E-35
  0.18000000E+01  0.40518702E-21  0.35883251E-35
  0.19000000E+01  0.37458959E-21  0.34180457E-35
  0.20000000E+01  0.34659896E-21  0.31255990E-35
  0.21000000E+01  0.32100303E-21  0.30385024E-35
  0.22000000E+01  0.29759843E-21  0.28722935E-35
  0.23000000E+01  0.27619327E-21  0.26885473E-35
  0.24000000E+01  0.25660853E-21  0.25415192E-35
  0.25000000E+01  0.23867873E-21  0.23937648E-35
  0.26000000E+01  0.22225192E-21  0.22949093E-35
  0.27000000E+01  0.20718934E-21  0.21545358E-35
  0.28000000E+01  0.19336472E-21  0.19726692E-35
  0.29000000E+01  0.18066354E-21  0.19725769E-35
  0.30000000E+01  0.16898215E-21  0.18605597E-35
  0.31000000E+01  0.15822692E-21  0.17897912E-35
  0.32000000E+01  0.14831330E-21  0.17029897E-35
  0.33000000E+01  0.13916505E-21  0.15965213E-35
  0.34000000E+01  0.13071342E-21  0.15195633E-35
  0.35000000E+01  0.12289641E-21  0.14500195E-35
  0.36000000E+01  0.11565814E-21  0.14409415E-35
  0.37000000E+01  0.10894816E-21  0.13393120E-35
  0.38000000E+01  0.10272096E-21  0.12982442E-35
  0.39000000E+01  0.96935423E-22  0.12661559E-35
  0.40000000E+01  0.91554400E-22  0.11831587E-35
  0.41000000E+01  0.86544277E-22  0.11433936E-35
  0.42000000E+01  0.81874621E-22  0.11144506E-35
  0.43000000E+01  0.77517854E-22  0.10510035E-35
  0.44000000E+01  0.73448955E-22  0.10114376E-35
  0.45000000E+01  0.69645204E-22  0.94776937E-36
  0.46000000E+01  0.66085945E-22  0.91897092E-36
  0.47000000E+01  0.62752380E-22  0.90675099E-36
  0.48000000E+01  0.59627383E-22  0.87066368E-36
  0.49000000E+01  0.56695332E-22  0.83761905E-36
  0.50000000E+01  0.53941965E-22  0.80982262E-36
  0.51000000E+01  0.51354242E-22  0.79276267E-36
  0.52000000E+01  0.48920232E-22  0.75850707E-36
  0.53000000E+01  0.46629003E-22  0.72291378E-36
  0.54000000E+01  0.44470531E-22  0.71128967E-36
  0.55000000E+01  0.42435609E-22  0.68814037E-36
  0.56000000E+01  0.40515778E-22  0.66812349E-36
  0.57000000E+01  0.38703254E-22  0.65334974E-36
  0.58000000E+01  0.36990867E-22  0.62535146E-36
  0.59000000E+01  0.35372006E-22  0.61471668E-36
  0.60000000E+01  0.33840572E-22  0.58606432E-36
  0.61000000E+01  0.32390928E-22  0.57793310E-36
  0.62000000E+01  0.31017863E-22  0.55083330E-36
  0.63000000E+01  0.29716552E-22  0.54446237E-36
  0.64000000E+01  0.28482527E-22  0.51341332E-36
  0.65000000E+01  0.27311644E-22  0.50093867E-36
  0.66000000E+01  0.26200055E-22  0.50373961E-36
  0.67000000E+01  0.25144189E-22  0.49210583E-36
  0.68000000E+01  0.24140723E-22  0.47204745E-36
  0.69000000E+01  0.23186565E-22  0.45234572E-36
  0.70000000E+01  0.22278838E-22  0.46113546E-36
  0.71000000E+01  0.21414859E-22  0.43549261E-36
  0.72000000E+01  0.20592124E-22  0.41942388E-36
  0.73000000E+01  0.19808298E-22  0.41897777E-36
  0.74000000E+01  0.19061199E-22  0.40589092E-36
  0.75000000E+01  0.18348787E-22  0.39727435E-36
  0.76000000E+01  0.17669154E-22  0.37854119E-36
  0.77000000E+01  0.17020514E-22  0.37921193E-36
  0.78000000E+01  0.16401193E-22  0.36222590E-36
  0.79000000E+01  0.15809623E-22  0.35494747E-36
  0.80000000E+01  0.15244332E-22  0.34512356E-36
  0.81000000E+01  0.14703940E-22  0.34187652E-36
  0.82000000E+01  0.14187150E-22  0.33222959E-36
  0.83000000E+01  0.13692744E-22  0.32617109E-36
  0.84000000E+01  0.13219575E-22  0.31009808E-36
  0.85000000E+01  0.12766566E-22  0.31233562E-36
  0.86000000E+01  0.12332702E-22  0.29679637E-36
  0.87000000E+01  0.11917027E-22  0.29518064E-36
  0.88000000E+01  0.11518641E-22  0.29357922E-36
  0.89000000E+01  0.11136695E-22  0.28101867E-36
  0.90000000E+01  0.10770388E-22  0.27979116E-36
  0.91000000E+01  0.10418964E-22  0.27363035E-36
  0.92000000E+01  0.10081709E-22  0.26683894E-36
  0.93000000E+01  0.97579487E-23  0.25429296E-36
  0.94000000E+01  0.94470463E-23  0.26343007E-36
  0.95000000E+01  0.91483991E-23  0.25389186E-36
  0.96000000E+01  0.88614368E-23  0.24496022E-36
  0.97000000E+01  0.85856199E-23  0.23981187E-36
  0.98000000E+01  0.83204377E-23  0.23778096E-36
  0.99000000E+01  0.80654062E-23  0.23013117E-36
  0.10000000E+02  0.78200669E-23  0.22809355E-36
  0.10100000E+02  0.75839851E-23  0.22529713E-36
  0.10200000E+02  0.73567484E-23  0.21949679E-36
  0.10300000E+02  0.71379657E-23  0.20693303E-36
  0.10400000E+02  0.69272658E-23  0.21584612E-36
  0.10500000E+02  0.67242960E-23  0.20778263E-36
  0.10600000E+02  0.65287217E-23  0.20406058E-36
  0.10700000E+02  0.63402245E-23  0.20106502E-36
  0.10800000E+02  0.61585021E-23  0.19594268E-36
  0.10900000E+02  0.59832668E-23  0.19048961E-36
  0.11000000E+02  0.58142452E-23  0.18572011E-36
  0.11100000E+02  0.56511769E-23  0.18183062E-36
  0.11200000E+02  0.54938140E-23  0.18160129E-36
  0.11300000E+02  0.53419208E-23  0.17882024E-36
  0.11400000E+02  0.51952725E-23  0.17602481E-36
  0.11500000E+02  0.50536550E-23  0.17651884E-36
  0.11600000E+02  0.49168641E-23  0.17073083E-36
  0.11700000E+02  0.47847054E-23  0.16726183E-36
  0.11800000E+02  0.46569933E-23  0.16529672E-36
  0.11900000E+02  0.45335507E-23  0.16459671E-36
  0.12000000E+02  0.44142088E-23  0.16130757E-36
  0.12100000E+02  0.42988063E-23  0.15584815E-36
  0.12200000E+02  0.41871893E-23  0.15631571E-36
  0.12300000E+02  0.40792107E-23  0.15001885E-36
  0.12400000E+02  0.39747300E-23  0.14708569E-36
  0.12500000E+02  0.38736129E-23  0.14837064E-36
  0.12600000E+02  0.37757312E-23  0.14333145E-36
  0.12700000E+02  0.36809621E-23  0.14356982E-36
  0.12800000E+02  0.35891883E-23  0.13865609E-36
  0.12900000E+02  0.35002975E-23  0.13806703E-36
  0.13000000E+02  0.34141822E-23  0.13392217E-36
  0.13100000E+02  0.33307397E-23  0.13395753E-36
  0.13200000E+02  0.32498714E-23  0.13092407E-36
  0.13300000E+02  0.31714832E-23  0.13391231E-36
  0.13400000E+02  0.30954845E-23  0.12737390E-36
  0.13500000E+02  0.30217891E-23  0.12667222E-36
  0.13600000E+02  0.29503138E-23  0.12083112E-36
  0.13700000E+02  0.28809792E-23  0.12306455E-36
  0.13800000E+02  0.28137091E-23  0.12180849E-36
  0.13900000E+02  0.27484304E-23  0.11856526E-36
  0.14000000E+02  0.26850730E-23  0.11910549E-36
  0.14100000E+02  0.26235695E-23  0.11822984E-36
  0.14200000E+02  0.25638554E-23  0.11506793E-36
  0.14300000E+02  0.25058688E-23  0.11312488E-36
  0.14400000E+02  0.24495500E-23  0.11165511E-36
  0.14500000E+02  0.23948421E-23  0.10916091E-36
  0.14600000E+02  0.23416900E-23  0.10956385E-36
  0.14700000E+02  0.22900410E-23  0.10649709E-36
  0.14800000E+02  0.22398445E-23  0.10546088E-36
  0.14900000E+02  0.21910516E-23  0.10495013E-36
  0.15000000E+02  0.21436157E-23  0.10481240E-36
  0.15100000E+02  0.20974917E-23  0.10165784E-36
  0.15200000E+02  0.20526362E-23  0.99662646E-37
  0.15300000E+02  0.20090076E-23  0.99892423E-37
  0.15400000E+02  0.19665658E-23  0.97621151E-37
  0.15500000E+02  0.19252722E-23  0.96930378E-37
  0.15600000E+02  0.18850898E-23  0.95534145E-37
  0.15700000E+02  0.18459827E-23  0.92996135E-37
  0.15800000E+02  0.18079166E-23  0.93485468E-37
  0.15900000E+02  0.17708582E-23  0.93277650E-37
  0.16000000E+02  0.17347757E-23  0.89266639E-37
  0.16100000E+02  0.16996384E-23  0.89734704E-37
  0.16200000E+02  0.16654165E-23  0.89492977E-37
  0.16300000E+02  0.16320815E-23  0.87683179E-37
  0.16400000E+02  0.15996058E-23  0.85432832E-37
  0.16500000E+02  0.15679630E-23  0.83639048E-37
  0.16600000E+02  0.15371274E-23  0.86557571E-37
  0.16700000E+02  0.15070743E-23  0.83589427E-37
  0.16800000E+02  0.14777798E-23  0.82000755E-37
  0.16900000E+02  0.14492211E-23  0.81890992E-37
  0.17000000E+02  0.14213759E-23  0.81373323E-37
  0.17100000E+02  0.13942228E-23  0.79116080E-37
  0.17200000E+02  0.13677412E-23  0.79585020E-37
  0.17300000E+02  0.13419111E-23  0.78401637E-37
  0.17400000E+02  0.13167132E-23  0.76719145E-37
  0.17500000E+02  0.12921289E-23  0.74682775E-37
  0.17600000E+02  0.12681403E-23  0.77585924E-37
  0.17700000E+02  0.12447301E-23  0.74071674E-37
  0.17800000E+02  0.12218813E-23  0.74102815E-37
  0.17900000E+02  0.11995779E-23  0.72395155E-37
  0.18000000E+02  0.11778041E-23  0.72583809E-37
  0.18100000E+02  0.11565448E-23  0.69547883E-37
  0.18200000E+02  0.11357853E-23  0.70936976E-37
  0.18300000E+02  0.11155115E-23  0.71114644E-37
  0.18400000E+02  0.10957097E-23  0.69963524E-37
  0.18500000E+02  0.10763666E-23  0.66772246E-37
  0.18600000E+02  0.10574695E-23  0.66848554E-37
  0.18700000E+02  0.10390058E-23  0.67410460E-37
  0.18800000E+02  0.10209637E-23  0.66997361E-37
  0.18900000E+02  0.10033314E-23  0.65000866E-37
  0.19000000E+02  0.98609774E-24  0.64220440E-37
  0.19100000E+02  0.96925185E-24  0.63838008E-37
  0.19200000E+02  0.95278315E-24  0.62980067E-37
  0.19300000E+02  0.93668145E-24  0.61545210E-37
  0.19400000E+02  0.92093685E-24  0.61373477E-37
  0.19500000E+02  0.90553976E-24  0.60743258E-37
  0.19600000E+02  0.89048091E-24  0.60424864E-37
  0.19700000E+02  0.87575131E-24  0.59835786E-37
  0.19800000E+02  0.86134223E-24  0.57469972E-37
  0.19900000E+02  0.84724523E-24  0.59326421E-37
  0.20000000E+02  0.83345212E-24  0.57463342E-37
  0.20100000E+02  0.81995496E-24  0.57666228E-37
  0.20200000E+02  0.80674606E-24  0.57734530E-37
  0.20300000E+02  0.79381793E-24  0.57191051E-37
  0.20400000E+02  0.78116335E-24  0.56586043E-37
  0.20500000E+02  0.76877530E-24  0.55347477E-37
  0.20600000E+02  0.75664695E-24  0.54794962E-37
  0.20700000E+02  0.74477169E-24  0.54446509E-37
  0.20800000E+02  0.73314312E-24  0.54821228E-37
  0.20900000E+02  0.72175501E-24  0.51412941E-37
  0.21000000E+02  0.71060131E-24  0.53924493E-37
  0.21100000E+02  0.69967616E-24  0.53777252E-37
  0.21200000E+02  0.68897386E-24  0.51505293E-37
  0.21300000E+02  0.67848888E-24  0.51499053E-37
  0.21400000E+02  0.66821586E-24  0.51249185E-37
  0.21500000E+02  0.65814957E-24  0.50391177E-37
  0.21600000E+02  0.64828496E-24  0.49526042E-37
  0.21700000E+02  0.63861710E-24  0.48223417E-37
  0.21800000E+02  0.62914121E-24  0.48484016E-37
  0.21900000E+02  0.61985265E-24  0.49193032E-37
  0.22000000E+02  0.61074690E-24  0.48520196E-37
  0.22100000E+02  0.60181957E-24  0.45787688E-37
  0.22200000E+02  0.59306641E-24  0.47372705E-37
  0.22300000E+02  0.58448326E-24  0.47144775E-37
  0.22400000E+02  0.57606609E-24  0.46238257E-37
  0.22500000E+02  0.56781099E-24  0.45482652E-37
  0.22600000E+02  0.55971414E-24  0.45986252E-37
  0.22700000E+02  0.55177185E-24  0.45248379E-37
  0.22800000E+02  0.54398049E-24  0.45494034E-37
  0.22900000E+02  0.53633658E-24  0.44203009E-37
  0.23000000E+02  0.52883669E-24  0.44839583E-37
  0.23100000E+02  0.52147751E-24  0.43953309E-37
  0.23200000E+02  0.51425581E-24  0.43309763E-37
  0.23300000E+02  0.50716844E-24  0.42660025E-37
  0.23400000E+02  0.50021235E-24  0.42169621E-37
  0.23500000E+02  0.49338456E-24  0.42234822E-37
  0.23600000E+02  0.48668217E-24  0.40950672E-37
  0.23700000E+02  0.48010235E-24  0.41958036E-37
  0.23800000E+02  0.47364237E-24  0.41234083E-37
  0.23900000E+02  0.46729955E-24  0.41736950E-37
  0.24000000E+02  0.46107128E-24  0.39147045E-37
  0.24100000E+02  0.45495501E-24  0.40344632E-37
  0.24200000E+02  0.44894829E-24  0.38992581E-37
  0.24300000E+02  0.44304871E-24  0.40244304E-37
  0.24400000E+02  0.43725391E-24  0.38998891E-37
  0.24500000E+02  0.43156161E-24  0.39852703E-37
  0.24600000E+02  0.42596959E-24  0.38402564E-37
  0.24700000E+02  0.42047567E-24  0.38254990E-37
  0.24800000E+02  0.41507774E-24  0.37501518E-37
  0.24900000E+02  0.40977374E-24  0.37573992E-37
  0.25000000E+02  0.40456165E-24  0.37617438E-37
  0.25100000E+02  0.39943952E-24  0.36346333E-37
  0.25200000E+02  0.39440544E-24  0.36344310E-37
  0.25300000E+02  0.38945753E-24  0.36359412E-37
  0.25400000E+02  0.38459400E-24  0.36260151E-37
  0.25500000E+02  0.37981306E-24  0.35773759E-37
  0.25600000E+02  0.37511299E-24  0.35194974E-37
  0.25700000E+02  0.37049210E-24  0.36445586E-37
  0.25800000E+02  0.36594874E-24  0.34475672E-37
  0.25900000E+02  0.36148132E-24  0.35727660E-37
  0.26000000E+02  0.35708827E-24  0.33652165E-37
  0.26100000E+02  0.35276806E-24  0.33385043E-37
  0.26200000E+02  0.34851919E-24  0.34014017E-37
  0.26300000E+02  0.34434022E-24  0.33182104E-37
  0.26400000E+02  0.34022973E-24  0.32894717E-37
  0.26500000E+02  0.33618632E-24  0.33153653E-37
  0.26600000E+02  0.33220866E-24  0.32369874E-37
  0.26700000E+02  0.32829541E-24  0.32447657E-37
  0.26800000E+02  0.32444528E-24  0.32346703E-37
  0.26900000E+02  0.32065702E-24  0.32504481E-37
  0.27000000E+02  0.31692940E-24  0.32177034E-37
  0.27100000E+02  0.31326122E-24  0.31557847E-37
  0.27200000E+02  0.30965129E-24  0.31291893E-37
  0.27300000E+02  0.30609849E-24  0.31124452E-37
  0.27400000E+02  0.30260169E-24  0.31670340E-37
  0.27500000E+02  0.29915979E-24  0.30378983E-37
  0.27600000E+02  0.29577173E-24  0.30585703E-37
  0.27700000E+02  0.29243646E-24  0.29935688E-37
  0.27800000E+02  0.28915297E-24  0.30295679E-37
  0.27900000E+02  0.28592025E-24  0.30173866E-37
  0.28000000E+02  0.28273734E-24  0.29961417E-37
  0.28100000E+02  0.27960328E-24  0.29799011E-37
  0.28200000E+02  0.27651714E-24  0.29546320E-37
  0.28300000E+02  0.27347801E-24  0.29069397E-37
  0.28400000E+02  0.27048501E-24  0.29027722E-37
  0.28500000E+02  0.26753726E-24  0.28548718E-37
  0.28600000E+02  0.26463391E-24  0.28590578E-37
  0.28700000E+02  0.26177413E-24  0.27793978E-37
  0.28800000E+02  0.25895711E-24  0.27972850E-37
  0.28900000E+02  0.25618205E-24  0.28024139E-37
  0.29000000E+02  0.25344818E-24  0.27649828E-37
  0.29100000E+02  0.25075474E-24  0.27418811E-37
  0.29200000E+02  0.24810098E-24  0.27427896E-37
  0.29300000E+02  0.24548617E-24  0.27377547E-37
  0.29400000E+02  0.24290961E-24  0.27321560E-37
  0.29500000E+02  0.24037059E-24  0.27110867E-37
  0.29600000E+02  0.23786843E-24  0.26836602E-37
  0.29700000E+02  0.23540248E-24  0.26113340E-37
  0.29800000E+02  0.23297206E-24  0.26298674E-37
  0.29900000E+02  0.23057656E-24  0.25827871E-37
  0.30000000E+02  0.22821533E-24  0.25845481E-37
  0.30100000E+02  0.22588777E-24  0.25951804E-37
  0.30200000E+02  0.22359328E-24  0.25391363E-37
  0.30300000E+02  0.22133127E-24  0.25337353E-37
  0.30400000E+02  0.21910118E-24  0.25695531E-37
  0.30500000E+02  0.21690243E-24  0.25437803E-37
  0.30600000E+02  0.21473447E-24  0.24589923E-37
  0.30700000E+02  0.21259678E-24  0.25419960E-37
  0.30800000E+02  0.21048881E-24  0.24873115E-37
  0.30900000E+02  0.20841006E-24  0.24621334E-37
  0.31000000E+02  0.20636001E-24  0.24445181E-37
  0.31100000E+02  0.20433817E-24  0.24216407E-37
  0.31200000E+02  0.20234406E-24  0.24754437E-37
  0.31300000E+02  0.20037720E-24  0.23069352E-37
  0.31400000E+02  0.19843712E-24  0.23342023E-37
  0.31500000E+02  0.19652337E-24  0.23554764E-37
  0.31600000E+02  0.19463550E-24  0.23358267E-37
  0.31700000E+02  0.19277307E-24  0.22953523E-37
  0.31800000E+02  0.19093565E-24  0.23081123E-37
  0.31900000E+02  0.18912282E-24  0.22855026E-37
  0.32000000E+02  0.18733416E-24  0.23559569E-37
  0.32100000E+02  0.18556929E-24  0.22622108E-37
  0.32200000E+02  0.18382778E-24  0.22416863E-37
  0.32300000E+02  0.18210927E-24  0.22485567E-37
  0.32400000E+02  0.18041336E-24  0.22394646E-37
  0.32500000E+02  0.17873969E-24  0.22146228E-37
  0.32600000E+02  0.17708789E-24  0.22132392E-37
  0.32700000E+02  0.17545759E-24  0.22001947E-37
  0.32800000E+02  0.17384846E-24  0.21940789E-37
  0.32900000E+02  0.17226013E-24  0.21527454E-37
  0.33000000E+02  0.17069228E-24  0.20989791E-37
  0.33100000E+02  0.16914457E-24  0.21510647E-37
  0.33200000E+02  0.16761668E-24  0.21561661E-37
  0.33300000E+02  0.16610829E-24  0.20760436E-37
  0.33400000E+02  0.16461908E-24  0.20904964E-37
  0.33500000E+02  0.16314875E-24  0.20480613E-37
  0.33600000E+02  0.16169700E-24  0.21103940E-37
  0.33700000E+02  0.16026352E-24  0.20617071E-37
  0.33800000E+02  0.15884804E-24  0.20254032E-37
  0.33900000E+02  0.15745027E-24  0.20557079E-37
  0.34000000E+02  0.15606992E-24  0.20100710E-37
  0.34100000E+02  0.15470672E-24  0.20743241E-37
  0.34200000E+02  0.15336041E-24  0.19730845E-37
  0.34300000E+02  0.15203073E-24  0.19719582E-37
  0.34400000E+02  0.15071740E-24  0.19091382E-37
  0.34500000E+02  0.14942018E-24  0.19865804E-37
  0.34600000E+02  0.14813882E-24  0.19953791E-37
  0.34700000E+02  0.14687308E-24  0.19465794E-37
  0.34800000E+02  0.14562271E-24  0.19746480E-37
  0.34900000E+02  0.14438747E-24  0.19244681E-37
  0.35000000E+02  0.14316715E-24  0.18732514E-37
  0.35100000E+02  0.14196150E-24  0.19269613E-37
  0.35200000E+02  0.14077031E-24  0.18638659E-37
  0.35300000E+02  0.13959336E-24  0.18423247E-37
  0.35400000E+02  0.13843043E-24  0.18629828E-37
  0.35500000E+02  0.13728131E-24  0.18791128E-37
  0.35600000E+02  0.13614579E-24  0.18086691E-37
  0.35700000E+02  0.13502367E-24  0.18353368E-37
  0.35800000E+02  0.13391476E-24  0.18361299E-37
  0.35900000E+02  0.13281884E-24  0.18032529E-37
  0.36000000E+02  0.13173574E-24  0.18138464E-37
  0.36100000E+02  0.13066525E-24  0.17460675E-37
  0.36200000E+02  0.12960720E-24  0.17485246E-37
  0.36300000E+02  0.12856140E-24  0.17387037E-37
  0.36400000E+02  0.12752767E-24  0.17526882E-37
  0.36500000E+02  0.12650584E-24  0.17680852E-37
  0.36600000E+02  0.12549572E-24  0.17406436E-37
  0.36700000E+02  0.12449716E-24  0.17562898E-37
  0.36800000E+02  0.12350998E-24  0.17268508E-37
  0.36900000E+02  0.12253402E-24  0.17254041E-37
  0.37000000E+02  0.12156911E-24  0.16837707E-37
  0.37100000E+02  0.12061510E-24  0.17014673E-37
  0.37200000E+02  0.11967184E-24  0.16575469E-37
  0.37300000E+02  0.11873916E-24  0.16813183E-37
  0.37400000E+02  0.11781691E-24  0.16962182E-37
  0.37500000E+02  0.11690496E-24  0.16599709E-37
  0.37600000E+02  0.11600315E-24  0.16173848E-37
  0.37700000E+02  0.11511133E-24  0.16551534E-37
  0.37800000E+02  0.11422938E-24  0.16236284E-37
  0.37900000E+02  0.11335714E-24  0.16195583E-37
  0.38000000E+02  0.11249449E-24  0.16574431E-37
  0.38100000E+02  0.11164129E-24  0.16546249E-37
  0.38200000E+02  0.11079740E-24  0.16016928E-37
  0.38300000E+02  0.10996270E-24  0.16022684E-37
  0.38400000E+02  0.10913707E-24  0.16007524E-37
  0.38500000E+02  0.10832037E-24  0.15569474E-37
  0.38600000E+02  0.10751248E-24  0.15352305E-37
  0.38700000E+02  0.10671328E-24  0.15595894E-37
  0.38800000E+02  0.10592265E-24  0.15468209E-37
  0.38900000E+02  0.10514048E-24  0.15474762E-37
  0.39000000E+02  0.10436665E-24  0.15625296E-37
  0.39100000E+02  0.10360104E-24  0.15462241E-37
  0.39200000E+02  0.10284355E-24  0.15258560E-37
  0.39300000E+02  0.10209406E-24  0.14907529E-37
  0.39400000E+02  0.10135247E-24  0.14859298E-37
  0.39500000E+02  0.10061867E-24  0.14390393E-37
  0.39600000E+02  0.99892556E-25  0.15113679E-37
  0.39700000E+02  0.99174026E-25  0.14932406E-37
  0.39800000E+02  0.98462977E-25  0.14756717E-37
  0.39900000E+02  0.97759312E-25  0.14834932E-37
  0.40000000E+02  0.97062932E-25  0.14590288E-37
