  0.00000000E+00  0.58441217E-20 -0.50720415E-36
  0.10000000E+00  0.48190803E-20  0.44349285E-36
  0.20000000E+00  0.40901334E-20  0.67885996E-36
  0.30000000E+00  0.36401664E-20  0.77972100E-36
  0.40000000E+00  0.33165002E-20  0.74410062E-36
  0.50000000E+00  0.30654898E-20  0.68367034E-36
  0.60000000E+00  0.28611976E-20  0.75283649E-36
  0.70000000E+00  0.26886587E-20  0.62015557E-36
  0.80000000E+00  0.25385557E-20  0.61005647E-36
  0.90000000E+00  0.24048892E-20  0.58135997E-36
  0.10000000E+01  0.22837291E-20  0.52090903E-36
  0.11000000E+01  0.21724680E-20  0.61913084E-36
  0.12000000E+01  0.20693512E-20  0.59407995E-36
  0.13000000E+01  0.19731743E-20  0.44513193E-36
  0.14000000E+01  0.18830868E-20  0.41447305E-36
  0.15000000E+01  0.17984658E-20  0.44398790E-36
  0.16000000E+01  0.17188336E-20  0.43732994E-36
  0.17000000E+01  0.16438065E-20  0.48531360E-36
  0.18000000E+01  0.15730616E-20  0.41676308E-36
  0.19000000E+01  0.15063168E-20  0.41952660E-36
  0.20000000E+01  0.14433181E-20  0.36194424E-36
  0.21000000E+01  0.13838322E-20  0.41726357E-36
  0.22000000E+01  0.13276422E-20  0.39501860E-36
  0.23000000E+01  0.12745446E-20  0.38730124E-36
  0.24000000E+01  0.12243480E-20  0.38393748E-36
  0.25000000E+01  0.11768723E-20  0.35856976E-36
  0.26000000E+01  0.11319475E-20  0.36044065E-36
  0.27000000E+01  0.10894141E-20  0.33710724E-36
  0.28000000E+01  0.10491220E-20  0.30922043E-36
  0.29000000E+01  0.10109304E-20  0.24788164E-36
  0.30000000E+01  0.97470736E-21  0.32298577E-36
  0.31000000E+01  0.94032958E-21  0.26986207E-36
  0.32000000E+01  0.90768172E-21  0.32541496E-36
  0.33000000E+01  0.87665617E-21  0.25859587E-36
  0.34000000E+01  0.84715250E-21  0.23930645E-36
  0.35000000E+01  0.81907714E-21  0.26545320E-36
  0.36000000E+01  0.79234288E-21  0.25800627E-36
  0.37000000E+01  0.76686847E-21  0.21856011E-36
  0.38000000E+01  0.74257828E-21  0.24123992E-36
  0.39000000E+01  0.71940184E-21  0.23295930E-36
  0.40000000E+01  0.69727354E-21  0.22182633E-36
  0.41000000E+01  0.67613226E-21  0.22891201E-36
  0.42000000E+01  0.65592106E-21  0.19751713E-36
  0.43000000E+01  0.63658687E-21  0.19556872E-36
  0.44000000E+01  0.61808019E-21  0.19603272E-36
  0.45000000E+01  0.60035489E-21  0.18459671E-36
  0.46000000E+01  0.58336788E-21  0.17969474E-36
  0.47000000E+01  0.56707894E-21  0.17972548E-36
  0.48000000E+01  0.55145051E-21  0.15948317E-36
  0.49000000E+01  0.53644747E-21  0.16356000E-36
  0.50000000E+01  0.52203696E-21  0.16821338E-36
  0.51000000E+01  0.50818825E-21  0.16190657E-36
  0.52000000E+01  0.49487252E-21  0.14260254E-36
  0.53000000E+01  0.48206281E-21  0.16083629E-36
  0.54000000E+01  0.46973380E-21  0.14809588E-36
  0.55000000E+01  0.45786174E-21  0.13729890E-36
  0.56000000E+01  0.44642433E-21  0.13288847E-36
  0.57000000E+01  0.43540063E-21  0.13326443E-36
  0.58000000E+01  0.42477091E-21  0.13492726E-36
  0.59000000E+01  0.41451664E-21  0.13463257E-36
  0.60000000E+01  0.40462035E-21  0.12169852E-36
  0.61000000E+01  0.39506560E-21  0.12936922E-36
  0.62000000E+01  0.38583688E-21  0.11883462E-36
  0.63000000E+01  0.37691953E-21  0.10702621E-36
  0.64000000E+01  0.36829975E-21  0.11239143E-36
  0.65000000E+01  0.35996448E-21  0.12123312E-36
  0.66000000E+01  0.35190138E-21  0.10405171E-36
  0.67000000E+01  0.34409877E-21  0.10872862E-36
  0.68000000E+01  0.33654560E-21  0.10106368E-36
  0.69000000E+01  0.32923140E-21  0.10141067E-36
  0.70000000E+01  0.32214626E-21  0.94213628E-37
  0.71000000E+01  0.31528077E-21  0.88217955E-37
  0.72000000E+01  0.30862601E-21  0.10286607E-36
  0.73000000E+01  0.30217349E-21  0.91572870E-37
  0.74000000E+01  0.29591518E-21  0.81406078E-37
  0.75000000E+01  0.28984342E-21  0.87776149E-37
  0.76000000E+01  0.28395095E-21  0.84452470E-37
  0.77000000E+01  0.27823083E-21  0.82719072E-37
  0.78000000E+01  0.27267648E-21  0.76537153E-37
  0.79000000E+01  0.26728163E-21  0.83261485E-37
  0.80000000E+01  0.26204029E-21  0.74604805E-37
  0.81000000E+01  0.25694677E-21  0.71579687E-37
  0.82000000E+01  0.25199563E-21  0.66625734E-37
  0.83000000E+01  0.24718167E-21  0.73003077E-37
  0.84000000E+01  0.24249996E-21  0.69462993E-37
  0.85000000E+01  0.23794574E-21  0.69129216E-37
  0.86000000E+01  0.23351450E-21  0.66420079E-37
  0.87000000E+01  0.22920193E-21  0.65597473E-37
  0.88000000E+01  0.22500387E-21  0.71687511E-37
  0.89000000E+01  0.22091638E-21  0.68766070E-37
  0.90000000E+01  0.21693567E-21  0.64237987E-37
  0.91000000E+01  0.21305812E-21  0.63607499E-37
  0.92000000E+01  0.20928024E-21  0.63565331E-37
  0.93000000E+01  0.20559871E-21  0.64162324E-37
  0.94000000E+01  0.20201034E-21  0.59643375E-37
  0.95000000E+01  0.19851207E-21  0.61975023E-37
  0.96000000E+01  0.19510095E-21  0.53683231E-37
  0.97000000E+01  0.19177418E-21  0.57212122E-37
  0.98000000E+01  0.18852904E-21  0.51492868E-37
  0.99000000E+01  0.18536294E-21  0.52037434E-37
  0.10000000E+02  0.18227338E-21  0.59400042E-37
  0.10100000E+02  0.17925795E-21  0.51783956E-37
  0.10200000E+02  0.17631436E-21  0.53670362E-37
  0.10300000E+02  0.17344038E-21  0.50552699E-37
  0.10400000E+02  0.17063388E-21  0.50493967E-37
  0.10500000E+02  0.16789280E-21  0.50752816E-37
  0.10600000E+02  0.16521517E-21  0.48115632E-37
  0.10700000E+02  0.16259908E-21  0.45394708E-37
  0.10800000E+02  0.16004271E-21  0.47691552E-37
  0.10900000E+02  0.15754428E-21  0.47726538E-37
  0.11000000E+02  0.15510210E-21  0.46281089E-37
  0.11100000E+02  0.15271451E-21  0.42174636E-37
  0.11200000E+02  0.15037995E-21  0.43400369E-37
  0.11300000E+02  0.14809689E-21  0.43063783E-37
  0.11400000E+02  0.14586385E-21  0.42337852E-37
  0.11500000E+02  0.14367941E-21  0.42670214E-37
  0.11600000E+02  0.14154221E-21  0.39610802E-37
  0.11700000E+02  0.13945091E-21  0.37863600E-37
  0.11800000E+02  0.13740425E-21  0.42175637E-37
  0.11900000E+02  0.13540099E-21  0.39774213E-37
  0.12000000E+02  0.13343993E-21  0.38661361E-37
  0.12100000E+02  0.13151993E-21  0.41362470E-37
  0.12200000E+02  0.12963987E-21  0.36463999E-37
  0.12300000E+02  0.12779868E-21  0.37979826E-37
  0.12400000E+02  0.12599531E-21  0.39004333E-37
  0.12500000E+02  0.12422875E-21  0.35068904E-37
  0.12600000E+02  0.12249804E-21  0.35347385E-37
  0.12700000E+02  0.12080223E-21  0.37243487E-37
  0.12800000E+02  0.11914040E-21  0.34253446E-37
  0.12900000E+02  0.11751169E-21  0.34974260E-37
  0.13000000E+02  0.11591522E-21  0.32283639E-37
  0.13100000E+02  0.11435017E-21  0.33326256E-37
  0.13200000E+02  0.11281575E-21  0.33763225E-37
  0.13300000E+02  0.11131117E-21  0.32704788E-37
  0.13400000E+02  0.10983568E-21  0.31357219E-37
  0.13500000E+02  0.10838855E-21  0.32163406E-37
  0.13600000E+02  0.10696908E-21  0.30585725E-37
  0.13700000E+02  0.10557657E-21  0.29836304E-37
  0.13800000E+02  0.10421038E-21  0.31388429E-37
  0.13900000E+02  0.10286984E-21  0.28823682E-37
  0.14000000E+02  0.10155434E-21  0.28287182E-37
  0.14100000E+02  0.10026326E-21  0.31510684E-37
  0.14200000E+02  0.98996031E-22  0.27322632E-37
  0.14300000E+02  0.97752066E-22  0.25491422E-37
  0.14400000E+02  0.96530815E-22  0.27179064E-37
  0.14500000E+02  0.95331739E-22  0.27934528E-37
  0.14600000E+02  0.94154316E-22  0.27323710E-37
  0.14700000E+02  0.92998038E-22  0.25513170E-37
  0.14800000E+02  0.91862413E-22  0.26599603E-37
  0.14900000E+02  0.90746960E-22  0.25629653E-37
  0.15000000E+02  0.89651215E-22  0.25639771E-37
  0.15100000E+02  0.88574725E-22  0.25492865E-37
  0.15200000E+02  0.87517051E-22  0.24115022E-37
  0.15300000E+02  0.86477765E-22  0.23808508E-37
  0.15400000E+02  0.85456452E-22  0.24672761E-37
  0.15500000E+02  0.84452708E-22  0.23941782E-37
  0.15600000E+02  0.83466140E-22  0.23479780E-37
  0.15700000E+02  0.82496365E-22  0.21463857E-37
  0.15800000E+02  0.81543013E-22  0.23636736E-37
  0.15900000E+02  0.80605722E-22  0.23233708E-37
  0.16000000E+02  0.79684140E-22  0.22951676E-37
  0.16100000E+02  0.78777923E-22  0.22683879E-37
  0.16200000E+02  0.77886740E-22  0.22278668E-37
  0.16300000E+02  0.77010266E-22  0.21500213E-37
  0.16400000E+02  0.76148184E-22  0.21686960E-37
  0.16500000E+02  0.75300187E-22  0.21363754E-37
  0.16600000E+02  0.74465976E-22  0.22077950E-37
  0.16700000E+02  0.73645258E-22  0.21942010E-37
  0.16800000E+02  0.72837750E-22  0.20810808E-37
  0.16900000E+02  0.72043176E-22  0.20784311E-37
  0.17000000E+02  0.71261264E-22  0.20320748E-37
  0.17100000E+02  0.70491752E-22  0.19332024E-37
  0.17200000E+02  0.69734385E-22  0.21002108E-37
  0.17300000E+02  0.68988912E-22  0.19319125E-37
  0.17400000E+02  0.68255090E-22  0.19915451E-37
  0.17500000E+02  0.67532682E-22  0.18447243E-37
  0.17600000E+02  0.66821457E-22  0.18683359E-37
  0.17700000E+02  0.66121188E-22  0.18570083E-37
  0.17800000E+02  0.65431656E-22  0.18342531E-37
  0.17900000E+02  0.64752646E-22  0.18625537E-37
  0.18000000E+02  0.64083948E-22  0.19701483E-37
  0.18100000E+02  0.63425360E-22  0.18390990E-37
  0.18200000E+02  0.62776680E-22  0.17835589E-37
  0.18300000E+02  0.62137715E-22  0.18700492E-37
  0.18400000E+02  0.61508275E-22  0.18131582E-37
  0.18500000E+02  0.60888175E-22  0.18105388E-37
  0.18600000E+02  0.60277234E-22  0.17422788E-37
  0.18700000E+02  0.59675275E-22  0.16582385E-37
  0.18800000E+02  0.59082125E-22  0.16153640E-37
  0.18900000E+02  0.58497618E-22  0.17045470E-37
  0.19000000E+02  0.57921587E-22  0.18049122E-37
  0.19100000E+02  0.57353873E-22  0.15450563E-37
  0.19200000E+02  0.56794319E-22  0.16959501E-37
  0.19300000E+02  0.56242772E-22  0.15441754E-37
  0.19400000E+02  0.55699082E-22  0.16419167E-37
  0.19500000E+02  0.55163103E-22  0.16136565E-37
  0.19600000E+02  0.54634691E-22  0.14495499E-37
  0.19700000E+02  0.54113708E-22  0.15774489E-37
  0.19800000E+02  0.53600017E-22  0.15106617E-37
  0.19900000E+02  0.53093484E-22  0.15302467E-37
  0.20000000E+02  0.52593979E-22  0.15154884E-37
  0.20100000E+02  0.52101375E-22  0.14267598E-37
  0.20200000E+02  0.51615547E-22  0.14945299E-37
  0.20300000E+02  0.51136373E-22  0.14721830E-37
  0.20400000E+02  0.50663734E-22  0.14021224E-37
  0.20500000E+02  0.50197513E-22  0.15602049E-37
  0.20600000E+02  0.49737596E-22  0.13603156E-37
  0.20700000E+02  0.49283872E-22  0.13961297E-37
  0.20800000E+02  0.48836232E-22  0.13932925E-37
  0.20900000E+02  0.48394569E-22  0.13162009E-37
  0.21000000E+02  0.47958779E-22  0.13197725E-37
  0.21100000E+02  0.47528759E-22  0.13355761E-37
  0.21200000E+02  0.47104409E-22  0.13245162E-37
  0.21300000E+02  0.46685631E-22  0.13479160E-37
  0.21400000E+02  0.46272331E-22  0.12054023E-37
  0.21500000E+02  0.45864413E-22  0.13516220E-37
  0.21600000E+02  0.45461786E-22  0.13429774E-37
  0.21700000E+02  0.45064361E-22  0.13677977E-37
  0.21800000E+02  0.44672048E-22  0.13188088E-37
  0.21900000E+02  0.44284763E-22  0.13581631E-37
  0.22000000E+02  0.43902420E-22  0.11812370E-37
  0.22100000E+02  0.43524938E-22  0.12302233E-37
  0.22200000E+02  0.43152234E-22  0.11825805E-37
  0.22300000E+02  0.42784230E-22  0.12101041E-37
  0.22400000E+02  0.42420849E-22  0.12409071E-37
  0.22500000E+02  0.42062013E-22  0.11354751E-37
  0.22600000E+02  0.41707649E-22  0.11894174E-37
  0.22700000E+02  0.41357683E-22  0.11040891E-37
  0.22800000E+02  0.41012044E-22  0.11181064E-37
  0.22900000E+02  0.40670662E-22  0.11401010E-37
  0.23000000E+02  0.40333468E-22  0.11770876E-37
  0.23100000E+02  0.40000395E-22  0.11340538E-37
  0.23200000E+02  0.39671376E-22  0.10884550E-37
  0.23300000E+02  0.39346347E-22  0.11520146E-37
  0.23400000E+02  0.39025244E-22  0.11717128E-37
  0.23500000E+02  0.38708005E-22  0.10423649E-37
  0.23600000E+02  0.38394569E-22  0.11166682E-37
  0.23700000E+02  0.38084877E-22  0.10133607E-37
  0.23800000E+02  0.37778870E-22  0.10380787E-37
  0.23900000E+02  0.37476489E-22  0.10470734E-37
  0.24000000E+02  0.37177679E-22  0.10577964E-37
  0.24100000E+02  0.36882385E-22  0.10503381E-37
  0.24200000E+02  0.36590551E-22  0.10244442E-37
  0.24300000E+02  0.36302126E-22  0.10448055E-37
  0.24400000E+02  0.36017055E-22  0.99563875E-38
  0.24500000E+02  0.35735290E-22  0.11019079E-37
  0.24600000E+02  0.35456778E-22  0.10195787E-37
  0.24700000E+02  0.35181470E-22  0.10124958E-37
  0.24800000E+02  0.34909319E-22  0.93168052E-38
  0.24900000E+02  0.34640277E-22  0.96857736E-38
  0.25000000E+02  0.34374297E-22  0.90263865E-38
  0.25100000E+02  0.34111333E-22  0.99851209E-38
  0.25200000E+02  0.33851340E-22  0.94429161E-38
  0.25300000E+02  0.33594274E-22  0.98690956E-38
  0.25400000E+02  0.33340093E-22  0.91388939E-38
  0.25500000E+02  0.33088752E-22  0.90372440E-38
  0.25600000E+02  0.32840212E-22  0.94893124E-38
  0.25700000E+02  0.32594430E-22  0.96581357E-38
  0.25800000E+02  0.32351366E-22  0.96310328E-38
  0.25900000E+02  0.32110981E-22  0.92178299E-38
  0.26000000E+02  0.31873237E-22  0.84043889E-38
  0.26100000E+02  0.31638094E-22  0.89637180E-38
  0.26200000E+02  0.31405516E-22  0.91681172E-38
  0.26300000E+02  0.31175465E-22  0.85006639E-38
  0.26400000E+02  0.30947906E-22  0.95401250E-38
  0.26500000E+02  0.30722804E-22  0.87002450E-38
  0.26600000E+02  0.30500122E-22  0.86858946E-38
  0.26700000E+02  0.30279828E-22  0.82910668E-38
  0.26800000E+02  0.30061886E-22  0.86654530E-38
  0.26900000E+02  0.29846265E-22  0.82891550E-38
  0.27000000E+02  0.29632932E-22  0.84526254E-38
  0.27100000E+02  0.29421855E-22  0.81001079E-38
  0.27200000E+02  0.29213002E-22  0.89485679E-38
  0.27300000E+02  0.29006342E-22  0.78747315E-38
  0.27400000E+02  0.28801846E-22  0.79173211E-38
  0.27500000E+02  0.28599484E-22  0.76609616E-38
  0.27600000E+02  0.28399225E-22  0.77298809E-38
  0.27700000E+02  0.28201042E-22  0.78189209E-38
  0.27800000E+02  0.28004906E-22  0.79896620E-38
  0.27900000E+02  0.27810790E-22  0.76890491E-38
  0.28000000E+02  0.27618665E-22  0.72364235E-38
  0.28100000E+02  0.27428505E-22  0.78290222E-38
  0.28200000E+02  0.27240283E-22  0.77886366E-38
  0.28300000E+02  0.27053974E-22  0.75820407E-38
  0.28400000E+02  0.26869552E-22  0.77695791E-38
  0.28500000E+02  0.26686992E-22  0.70249139E-38
  0.28600000E+02  0.26506269E-22  0.71715807E-38
  0.28700000E+02  0.26327358E-22  0.81917685E-38
  0.28800000E+02  0.26150236E-22  0.78986716E-38
  0.28900000E+02  0.25974879E-22  0.74262300E-38
  0.29000000E+02  0.25801264E-22  0.73999991E-38
  0.29100000E+02  0.25629368E-22  0.72777390E-38
  0.29200000E+02  0.25459169E-22  0.77014720E-38
  0.29300000E+02  0.25290644E-22  0.74183730E-38
  0.29400000E+02  0.25123773E-22  0.75176896E-38
  0.29500000E+02  0.24958533E-22  0.72445321E-38
  0.29600000E+02  0.24794904E-22  0.69411872E-38
  0.29700000E+02  0.24632864E-22  0.68011664E-38
  0.29800000E+02  0.24472394E-22  0.71706049E-38
  0.29900000E+02  0.24313474E-22  0.67515504E-38
  0.30000000E+02  0.24156083E-22  0.69097791E-38
  0.30100000E+02  0.24000203E-22  0.67114122E-38
  0.30200000E+02  0.23845813E-22  0.65766062E-38
  0.30300000E+02  0.23692897E-22  0.68605941E-38
  0.30400000E+02  0.23541434E-22  0.68959613E-38
  0.30500000E+02  0.23391407E-22  0.65752953E-38
  0.30600000E+02  0.23242797E-22  0.63540380E-38
  0.30700000E+02  0.23095588E-22  0.62986107E-38
  0.30800000E+02  0.22949762E-22  0.62207936E-38
  0.30900000E+02  0.22805301E-22  0.65932471E-38
  0.31000000E+02  0.22662188E-22  0.64155038E-38
  0.31100000E+02  0.22520408E-22  0.66950533E-38
  0.31200000E+02  0.22379944E-22  0.61752091E-38
  0.31300000E+02  0.22240779E-22  0.61481932E-38
  0.31400000E+02  0.22102898E-22  0.63088298E-38
  0.31500000E+02  0.21966285E-22  0.62117325E-38
  0.31600000E+02  0.21830925E-22  0.61628784E-38
  0.31700000E+02  0.21696802E-22  0.64343889E-38
  0.31800000E+02  0.21563903E-22  0.62348529E-38
  0.31900000E+02  0.21432211E-22  0.60500171E-38
  0.32000000E+02  0.21301712E-22  0.59846906E-38
  0.32100000E+02  0.21172393E-22  0.57734470E-38
  0.32200000E+02  0.21044239E-22  0.56773494E-38
  0.32300000E+02  0.20917237E-22  0.58847968E-38
  0.32400000E+02  0.20791372E-22  0.57923053E-38
  0.32500000E+02  0.20666631E-22  0.59087768E-38
  0.32600000E+02  0.20543001E-22  0.57265492E-38
  0.32700000E+02  0.20420469E-22  0.57442892E-38
  0.32800000E+02  0.20299022E-22  0.52969785E-38
  0.32900000E+02  0.20178647E-22  0.62174755E-38
  0.33000000E+02  0.20059332E-22  0.55307381E-38
  0.33100000E+02  0.19941065E-22  0.56164125E-38
  0.33200000E+02  0.19823833E-22  0.53214534E-38
  0.33300000E+02  0.19707625E-22  0.55181852E-38
  0.33400000E+02  0.19592428E-22  0.53840591E-38
  0.33500000E+02  0.19478231E-22  0.51274368E-38
  0.33600000E+02  0.19365023E-22  0.51765637E-38
  0.33700000E+02  0.19252792E-22  0.52454097E-38
  0.33800000E+02  0.19141527E-22  0.52615974E-38
  0.33900000E+02  0.19031217E-22  0.54090063E-38
  0.34000000E+02  0.18921851E-22  0.54621422E-38
  0.34100000E+02  0.18813419E-22  0.49622622E-38
  0.34200000E+02  0.18705910E-22  0.51455885E-38
  0.34300000E+02  0.18599314E-22  0.51619630E-38
  0.34400000E+02  0.18493620E-22  0.50354933E-38
  0.34500000E+02  0.18388818E-22  0.54045484E-38
  0.34600000E+02  0.18284899E-22  0.53613685E-38
  0.34700000E+02  0.18181853E-22  0.53501408E-38
  0.34800000E+02  0.18079669E-22  0.50568447E-38
  0.34900000E+02  0.17978339E-22  0.49982298E-38
  0.35000000E+02  0.17877853E-22  0.49777012E-38
  0.35100000E+02  0.17778201E-22  0.49204910E-38
  0.35200000E+02  0.17679375E-22  0.48621077E-38
  0.35300000E+02  0.17581366E-22  0.50171565E-38
  0.35400000E+02  0.17484164E-22  0.51406197E-38
  0.35500000E+02  0.17387761E-22  0.48597825E-38
  0.35600000E+02  0.17292147E-22  0.49763146E-38
  0.35700000E+02  0.17197316E-22  0.49880993E-38
  0.35800000E+02  0.17103257E-22  0.49790299E-38
  0.35900000E+02  0.17009964E-22  0.47812524E-38
  0.36000000E+02  0.16917426E-22  0.48246994E-38
  0.36100000E+02  0.16825638E-22  0.48668510E-38
  0.36200000E+02  0.16734589E-22  0.47615192E-38
  0.36300000E+02  0.16644274E-22  0.48528381E-38
  0.36400000E+02  0.16554683E-22  0.46152157E-38
  0.36500000E+02  0.16465809E-22  0.45989430E-38
  0.36600000E+02  0.16377644E-22  0.46771768E-38
  0.36700000E+02  0.16290182E-22  0.45007957E-38
  0.36800000E+02  0.16203414E-22  0.45906946E-38
  0.36900000E+02  0.16117333E-22  0.44030621E-38
  0.37000000E+02  0.16031933E-22  0.44955666E-38
  0.37100000E+02  0.15947205E-22  0.48002706E-38
  0.37200000E+02  0.15863144E-22  0.44424390E-38
  0.37300000E+02  0.15779741E-22  0.45780760E-38
  0.37400000E+02  0.15696991E-22  0.43555871E-38
  0.37500000E+02  0.15614886E-22  0.45700415E-38
  0.37600000E+02  0.15533420E-22  0.43798920E-38
  0.37700000E+02  0.15452587E-22  0.43195774E-38
  0.37800000E+02  0.15372379E-22  0.44259699E-38
  0.37900000E+02  0.15292790E-22  0.44385232E-38
  0.38000000E+02  0.15213815E-22  0.43313113E-38
  0.38100000E+02  0.15135446E-22  0.43633228E-38
  0.38200000E+02  0.15057678E-22  0.43949058E-38
  0.38300000E+02  0.14980505E-22  0.43788094E-38
  0.38400000E+02  0.14903920E-22  0.40891998E-38
  0.38500000E+02  0.14827917E-22  0.40198744E-38
  0.38600000E+02  0.14752491E-22  0.39264214E-38
  0.38700000E+02  0.14677637E-22  0.41843860E-38
  0.38800000E+02  0.14603347E-22  0.39224701E-38
  0.38900000E+02  0.14529617E-22  0.39593560E-38
  0.39000000E+02  0.14456441E-22  0.39774750E-38
  0.39100000E+02  0.14383813E-22  0.42982659E-38
  0.39200000E+02  0.14311729E-22  0.40289379E-38
  0.39300000E+02  0.14240182E-22  0.38630146E-38
  0.39400000E+02  0.14169168E-22  0.37597048E-38
  0.39500000E+02  0.14098680E-22  0.41817020E-38
  0.39600000E+02  0.14028715E-22  0.41966887E-38
  0.39700000E+02  0.13959266E-22  0.39914253E-38
  0.39800000E+02  0.13890330E-22  0.42058136E-38
  0.39900000E+02  0.13821900E-22  0.40252997E-38
  0.40000000E+02  0.13753971E-22  0.41002134E-38
