  0.00000000E+00 -0.32480052E-20  0.11275196E-34
  0.10000000E+00 -0.13444645E-20  0.71313993E-35
  0.20000000E+00 -0.67703272E-21  0.43671068E-35
  0.30000000E+00 -0.43856696E-21  0.27575135E-35
  0.40000000E+00 -0.31048511E-21  0.16418630E-35
  0.50000000E+00 -0.21952981E-21  0.13605668E-35
  0.60000000E+00 -0.14535397E-21  0.10778248E-35
  0.70000000E+00 -0.81859342E-22  0.76654853E-36
  0.80000000E+00 -0.27013065E-22  0.73178777E-36
  0.90000000E+00  0.20116365E-22  0.75760866E-36
  0.10000000E+01  0.60230346E-22  0.51524166E-36
  0.11000000E+01  0.94021832E-22  0.56558485E-36
  0.12000000E+01  0.12219896E-21  0.57699383E-36
  0.13000000E+01  0.14545931E-21  0.49140879E-36
  0.14000000E+01  0.16446197E-21  0.48751001E-36
  0.15000000E+01  0.17980918E-21  0.54071630E-36
  0.16000000E+01  0.19203800E-21  0.47976825E-36
  0.17000000E+01  0.20161916E-21  0.47183734E-36
  0.18000000E+01  0.20896037E-21  0.44815503E-36
  0.19000000E+01  0.21441191E-21  0.36735310E-36
  0.20000000E+01  0.21827306E-21  0.35326898E-36
  0.21000000E+01  0.22079867E-21  0.40515726E-36
  0.22000000E+01  0.22220527E-21  0.44226322E-36
  0.23000000E+01  0.22267656E-21  0.33979143E-36
  0.24000000E+01  0.22236835E-21  0.39284491E-36
  0.25000000E+01  0.22141270E-21  0.36883152E-36
  0.26000000E+01  0.21992153E-21  0.34735695E-36
  0.27000000E+01  0.21798973E-21  0.34747180E-36
  0.28000000E+01  0.21569772E-21  0.31760012E-36
  0.29000000E+01  0.21311367E-21  0.31148489E-36
  0.30000000E+01  0.21029533E-21  0.34020612E-36
  0.31000000E+01  0.20729167E-21  0.29665215E-36
  0.32000000E+01  0.20414412E-21  0.25640183E-36
  0.33000000E+01  0.20088776E-21  0.26352111E-36
  0.34000000E+01  0.19755222E-21  0.23664885E-36
  0.35000000E+01  0.19416255E-21  0.26503981E-36
  0.36000000E+01  0.19073982E-21  0.23736724E-36
  0.37000000E+01  0.18730179E-21  0.24315609E-36
  0.38000000E+01  0.18386332E-21  0.24293012E-36
  0.39000000E+01  0.18043685E-21  0.20342253E-36
  0.40000000E+01  0.17703272E-21  0.21903235E-36
  0.41000000E+01  0.17365951E-21  0.18115341E-36
  0.42000000E+01  0.17032426E-21  0.21871574E-36
  0.43000000E+01  0.16703273E-21  0.19740686E-36
  0.44000000E+01  0.16378957E-21  0.19189769E-36
  0.45000000E+01  0.16059849E-21  0.16980519E-36
  0.46000000E+01  0.15746237E-21  0.19002814E-36
  0.47000000E+01  0.15438345E-21  0.17501442E-36
  0.48000000E+01  0.15136336E-21  0.18447639E-36
  0.49000000E+01  0.14840324E-21  0.15359275E-36
  0.50000000E+01  0.14550381E-21  0.15926004E-36
  0.51000000E+01  0.14266544E-21  0.15039018E-36
  0.52000000E+01  0.13988822E-21  0.15479996E-36
  0.53000000E+01  0.13717196E-21  0.15317515E-36
  0.54000000E+01  0.13451627E-21  0.15069614E-36
  0.55000000E+01  0.13192061E-21  0.15207339E-36
  0.56000000E+01  0.12938426E-21  0.13539438E-36
  0.57000000E+01  0.12690641E-21  0.12115830E-36
  0.58000000E+01  0.12448614E-21  0.12688496E-36
  0.59000000E+01  0.12212246E-21  0.12269884E-36
  0.60000000E+01  0.11981432E-21  0.12646380E-36
  0.61000000E+01  0.11756062E-21  0.13373296E-36
  0.62000000E+01  0.11536022E-21  0.12738780E-36
  0.63000000E+01  0.11321198E-21  0.12087903E-36
  0.64000000E+01  0.11111472E-21  0.12253910E-36
  0.65000000E+01  0.10906726E-21  0.11004252E-36
  0.66000000E+01  0.10706842E-21  0.11247257E-36
  0.67000000E+01  0.10511701E-21  0.11715776E-36
  0.68000000E+01  0.10321188E-21  0.10161723E-36
  0.69000000E+01  0.10135185E-21  0.98080689E-37
  0.70000000E+01  0.99535790E-22  0.93395435E-37
  0.71000000E+01  0.97762557E-22  0.96015255E-37
  0.72000000E+01  0.96031046E-22  0.92802865E-37
  0.73000000E+01  0.94340165E-22  0.95973125E-37
  0.74000000E+01  0.92688845E-22  0.89741077E-37
  0.75000000E+01  0.91076038E-22  0.90474705E-37
  0.76000000E+01  0.89500720E-22  0.87013557E-37
  0.77000000E+01  0.87961892E-22  0.93865810E-37
  0.78000000E+01  0.86458576E-22  0.77704726E-37
  0.79000000E+01  0.84989822E-22  0.89057044E-37
  0.80000000E+01  0.83554699E-22  0.87478350E-37
  0.81000000E+01  0.82152306E-22  0.80847965E-37
  0.82000000E+01  0.80781762E-22  0.79176302E-37
  0.83000000E+01  0.79442210E-22  0.76833874E-37
  0.84000000E+01  0.78132818E-22  0.81517113E-37
  0.85000000E+01  0.76852776E-22  0.81946135E-37
  0.86000000E+01  0.75601298E-22  0.78119344E-37
  0.87000000E+01  0.74377617E-22  0.67309559E-37
  0.88000000E+01  0.73180993E-22  0.75556943E-37
  0.89000000E+01  0.72010702E-22  0.75802358E-37
  0.90000000E+01  0.70866043E-22  0.65165095E-37
  0.91000000E+01  0.69746338E-22  0.67969250E-37
  0.92000000E+01  0.68650924E-22  0.63423466E-37
  0.93000000E+01  0.67579160E-22  0.69871651E-37
  0.94000000E+01  0.66530423E-22  0.61511461E-37
  0.95000000E+01  0.65504109E-22  0.65787708E-37
  0.96000000E+01  0.64499632E-22  0.57333730E-37
  0.97000000E+01  0.63516421E-22  0.58214356E-37
  0.98000000E+01  0.62553925E-22  0.63800346E-37
  0.99000000E+01  0.61611606E-22  0.57237815E-37
  0.10000000E+02  0.60688944E-22  0.54291575E-37
  0.10100000E+02  0.59785433E-22  0.56241887E-37
  0.10200000E+02  0.58900583E-22  0.58822673E-37
  0.10300000E+02  0.58033918E-22  0.49805489E-37
  0.10400000E+02  0.57184975E-22  0.58936972E-37
  0.10500000E+02  0.56353306E-22  0.53179107E-37
  0.10600000E+02  0.55538474E-22  0.55802730E-37
  0.10700000E+02  0.54740057E-22  0.53273213E-37
  0.10800000E+02  0.53957645E-22  0.51080244E-37
  0.10900000E+02  0.53190837E-22  0.52160952E-37
  0.11000000E+02  0.52439248E-22  0.48065924E-37
  0.11100000E+02  0.51702500E-22  0.44844069E-37
  0.11200000E+02  0.50980229E-22  0.45168072E-37
  0.11300000E+02  0.50272080E-22  0.47893904E-37
  0.11400000E+02  0.49577707E-22  0.51078777E-37
  0.11500000E+02  0.48896777E-22  0.46108111E-37
  0.11600000E+02  0.48228963E-22  0.45754189E-37
  0.11700000E+02  0.47573951E-22  0.43686737E-37
  0.11800000E+02  0.46931431E-22  0.44517720E-37
  0.11900000E+02  0.46301107E-22  0.42506935E-37
  0.12000000E+02  0.45682687E-22  0.41888298E-37
  0.12100000E+02  0.45075889E-22  0.43161519E-37
  0.12200000E+02  0.44480441E-22  0.41466329E-37
  0.12300000E+02  0.43896074E-22  0.41014642E-37
  0.12400000E+02  0.43322529E-22  0.37541205E-37
  0.12500000E+02  0.42759555E-22  0.34257935E-37
  0.12600000E+02  0.42206907E-22  0.40734229E-37
  0.12700000E+02  0.41664345E-22  0.37328132E-37
  0.12800000E+02  0.41131639E-22  0.38233275E-37
  0.12900000E+02  0.40608562E-22  0.40556315E-37
  0.13000000E+02  0.40094895E-22  0.34602292E-37
  0.13100000E+02  0.39590424E-22  0.39125297E-37
  0.13200000E+02  0.39094942E-22  0.37762397E-37
  0.13300000E+02  0.38608246E-22  0.36420200E-37
  0.13400000E+02  0.38130139E-22  0.33451836E-37
  0.13500000E+02  0.37660430E-22  0.38451906E-37
  0.13600000E+02  0.37198932E-22  0.34243418E-37
  0.13700000E+02  0.36745464E-22  0.31743134E-37
  0.13800000E+02  0.36299848E-22  0.33480048E-37
  0.13900000E+02  0.35861912E-22  0.32450685E-37
  0.14000000E+02  0.35431490E-22  0.32869710E-37
  0.14100000E+02  0.35008416E-22  0.31762648E-37
  0.14200000E+02  0.34592532E-22  0.32928951E-37
  0.14300000E+02  0.34183684E-22  0.30835811E-37
  0.14400000E+02  0.33781719E-22  0.31567855E-37
  0.14500000E+02  0.33386492E-22  0.30444001E-37
  0.14600000E+02  0.32997857E-22  0.29862270E-37
  0.14700000E+02  0.32615676E-22  0.31313198E-37
  0.14800000E+02  0.32239812E-22  0.28503107E-37
  0.14900000E+02  0.31870133E-22  0.28039417E-37
  0.15000000E+02  0.31506509E-22  0.28874380E-37
  0.15100000E+02  0.31148813E-22  0.28828991E-37
  0.15200000E+02  0.30796923E-22  0.28878666E-37
  0.15300000E+02  0.30450719E-22  0.26477801E-37
  0.15400000E+02  0.30110083E-22  0.25289073E-37
  0.15500000E+02  0.29774901E-22  0.29209712E-37
  0.15600000E+02  0.29445063E-22  0.25545673E-37
  0.15700000E+02  0.29120458E-22  0.28160770E-37
  0.15800000E+02  0.28800982E-22  0.25432472E-37
  0.15900000E+02  0.28486530E-22  0.24700179E-37
  0.16000000E+02  0.28177003E-22  0.26074664E-37
  0.16100000E+02  0.27872300E-22  0.24502327E-37
  0.16200000E+02  0.27572327E-22  0.24234604E-37
  0.16300000E+02  0.27276990E-22  0.25307663E-37
  0.16400000E+02  0.26986195E-22  0.25724028E-37
  0.16500000E+02  0.26699856E-22  0.23447571E-37
  0.16600000E+02  0.26417883E-22  0.23534568E-37
  0.16700000E+02  0.26140192E-22  0.23764796E-37
  0.16800000E+02  0.25866699E-22  0.23924359E-37
  0.16900000E+02  0.25597324E-22  0.23083664E-37
  0.17000000E+02  0.25331986E-22  0.22647147E-37
  0.17100000E+02  0.25070609E-22  0.21604785E-37
  0.17200000E+02  0.24813116E-22  0.20635070E-37
  0.17300000E+02  0.24559433E-22  0.22394433E-37
  0.17400000E+02  0.24309488E-22  0.22248646E-37
  0.17500000E+02  0.24063210E-22  0.21757712E-37
  0.17600000E+02  0.23820531E-22  0.21330111E-37
  0.17700000E+02  0.23581382E-22  0.20933601E-37
  0.17800000E+02  0.23345698E-22  0.20890738E-37
  0.17900000E+02  0.23113415E-22  0.19434657E-37
  0.18000000E+02  0.22884468E-22  0.20869729E-37
  0.18100000E+02  0.22658797E-22  0.20683094E-37
  0.18200000E+02  0.22436342E-22  0.18823074E-37
  0.18300000E+02  0.22217042E-22  0.20173012E-37
  0.18400000E+02  0.22000842E-22  0.19627907E-37
  0.18500000E+02  0.21787684E-22  0.18414806E-37
  0.18600000E+02  0.21577513E-22  0.20265631E-37
  0.18700000E+02  0.21370275E-22  0.19329803E-37
  0.18800000E+02  0.21165919E-22  0.16598817E-37
  0.18900000E+02  0.20964391E-22  0.17208655E-37
  0.19000000E+02  0.20765642E-22  0.18705389E-37
  0.19100000E+02  0.20569622E-22  0.16945655E-37
  0.19200000E+02  0.20376283E-22  0.16920710E-37
  0.19300000E+02  0.20185577E-22  0.18453940E-37
  0.19400000E+02  0.19997459E-22  0.17792915E-37
  0.19500000E+02  0.19811883E-22  0.17309690E-37
  0.19600000E+02  0.19628805E-22  0.16590598E-37
  0.19700000E+02  0.19448181E-22  0.18402748E-37
  0.19800000E+02  0.19269969E-22  0.17246661E-37
  0.19900000E+02  0.19094127E-22  0.16420600E-37
  0.20000000E+02  0.18920615E-22  0.16109760E-37
  0.20100000E+02  0.18749392E-22  0.17486599E-37
  0.20200000E+02  0.18580420E-22  0.18197259E-37
  0.20300000E+02  0.18413661E-22  0.16662889E-37
  0.20400000E+02  0.18249076E-22  0.16130362E-37
  0.20500000E+02  0.18086630E-22  0.15697865E-37
  0.20600000E+02  0.17926286E-22  0.15861444E-37
  0.20700000E+02  0.17768009E-22  0.15708159E-37
  0.20800000E+02  0.17611764E-22  0.16268970E-37
  0.20900000E+02  0.17457519E-22  0.14853468E-37
  0.21000000E+02  0.17305239E-22  0.16253938E-37
  0.21100000E+02  0.17154893E-22  0.15690570E-37
  0.21200000E+02  0.17006448E-22  0.15476238E-37
  0.21300000E+02  0.16859873E-22  0.15134438E-37
  0.21400000E+02  0.16715139E-22  0.14979965E-37
  0.21500000E+02  0.16572214E-22  0.15245494E-37
  0.21600000E+02  0.16431070E-22  0.14707624E-37
  0.21700000E+02  0.16291678E-22  0.15291896E-37
  0.21800000E+02  0.16154009E-22  0.12849404E-37
  0.21900000E+02  0.16018037E-22  0.13536626E-37
  0.22000000E+02  0.15883733E-22  0.13820951E-37
  0.22100000E+02  0.15751072E-22  0.12984880E-37
  0.22200000E+02  0.15620026E-22  0.13822985E-37
  0.22300000E+02  0.15490572E-22  0.14351907E-37
  0.22400000E+02  0.15362683E-22  0.12648979E-37
  0.22500000E+02  0.15236336E-22  0.13125697E-37
  0.22600000E+02  0.15111505E-22  0.13363410E-37
  0.22700000E+02  0.14988168E-22  0.11671658E-37
  0.22800000E+02  0.14866300E-22  0.14026920E-37
  0.22900000E+02  0.14745881E-22  0.12943068E-37
  0.23000000E+02  0.14626886E-22  0.12206918E-37
  0.23100000E+02  0.14509294E-22  0.13821336E-37
  0.23200000E+02  0.14393084E-22  0.12623927E-37
  0.23300000E+02  0.14278234E-22  0.13157344E-37
  0.23400000E+02  0.14164724E-22  0.12647727E-37
  0.23500000E+02  0.14052534E-22  0.12220433E-37
  0.23600000E+02  0.13941643E-22  0.12197218E-37
  0.23700000E+02  0.13832032E-22  0.12746217E-37
  0.23800000E+02  0.13723681E-22  0.11695932E-37
  0.23900000E+02  0.13616573E-22  0.10617637E-37
  0.24000000E+02  0.13510688E-22  0.11867177E-37
  0.24100000E+02  0.13406007E-22  0.12103837E-37
  0.24200000E+02  0.13302515E-22  0.11484655E-37
  0.24300000E+02  0.13200192E-22  0.11204582E-37
  0.24400000E+02  0.13099021E-22  0.11524560E-37
  0.24500000E+02  0.12998986E-22  0.11326112E-37
  0.24600000E+02  0.12900070E-22  0.11892520E-37
  0.24700000E+02  0.12802257E-22  0.10416056E-37
  0.24800000E+02  0.12705531E-22  0.11223406E-37
  0.24900000E+02  0.12609875E-22  0.12256486E-37
  0.25000000E+02  0.12515275E-22  0.11151411E-37
  0.25100000E+02  0.12421715E-22  0.11115619E-37
  0.25200000E+02  0.12329181E-22  0.11360941E-37
  0.25300000E+02  0.12237657E-22  0.10055390E-37
  0.25400000E+02  0.12147130E-22  0.10338179E-37
  0.25500000E+02  0.12057585E-22  0.10337034E-37
  0.25600000E+02  0.11969008E-22  0.98107145E-38
  0.25700000E+02  0.11881386E-22  0.10573670E-37
  0.25800000E+02  0.11794706E-22  0.10701963E-37
  0.25900000E+02  0.11708953E-22  0.10305345E-37
  0.26000000E+02  0.11624115E-22  0.96638753E-38
  0.26100000E+02  0.11540179E-22  0.10043852E-37
  0.26200000E+02  0.11457134E-22  0.10376965E-37
  0.26300000E+02  0.11374966E-22  0.10289568E-37
  0.26400000E+02  0.11293663E-22  0.98511546E-38
  0.26500000E+02  0.11213213E-22  0.95324493E-38
  0.26600000E+02  0.11133606E-22  0.94752088E-38
  0.26700000E+02  0.11054828E-22  0.98225222E-38
  0.26800000E+02  0.10976870E-22  0.92158705E-38
  0.26900000E+02  0.10899719E-22  0.98831788E-38
  0.27000000E+02  0.10823366E-22  0.92150615E-38
  0.27100000E+02  0.10747798E-22  0.93340718E-38
  0.27200000E+02  0.10673006E-22  0.95691855E-38
  0.27300000E+02  0.10598979E-22  0.86566570E-38
  0.27400000E+02  0.10525707E-22  0.87210963E-38
  0.27500000E+02  0.10453180E-22  0.93396568E-38
  0.27600000E+02  0.10381388E-22  0.92290959E-38
  0.27700000E+02  0.10310321E-22  0.81742853E-38
  0.27800000E+02  0.10239969E-22  0.89403732E-38
  0.27900000E+02  0.10170324E-22  0.90106803E-38
  0.28000000E+02  0.10101376E-22  0.90365702E-38
  0.28100000E+02  0.10033116E-22  0.86797388E-38
  0.28200000E+02  0.99655339E-23  0.81129107E-38
  0.28300000E+02  0.98986222E-23  0.85580985E-38
  0.28400000E+02  0.98323718E-23  0.86786986E-38
  0.28500000E+02  0.97667742E-23  0.81059435E-38
  0.28600000E+02  0.97018209E-23  0.82759491E-38
  0.28700000E+02  0.96375036E-23  0.83171472E-38
  0.28800000E+02  0.95738143E-23  0.80552547E-38
  0.28900000E+02  0.95107447E-23  0.87868565E-38
  0.29000000E+02  0.94482872E-23  0.79806416E-38
  0.29100000E+02  0.93864338E-23  0.77663392E-38
  0.29200000E+02  0.93251769E-23  0.86929038E-38
  0.29300000E+02  0.92645090E-23  0.80038174E-38
  0.29400000E+02  0.92044227E-23  0.80451760E-38
  0.29500000E+02  0.91449106E-23  0.72397836E-38
  0.29600000E+02  0.90859657E-23  0.81464215E-38
  0.29700000E+02  0.90275807E-23  0.80927132E-38
  0.29800000E+02  0.89697487E-23  0.69315534E-38
  0.29900000E+02  0.89124629E-23  0.75685735E-38
  0.30000000E+02  0.88557165E-23  0.77880398E-38
  0.30100000E+02  0.87995028E-23  0.77526613E-38
  0.30200000E+02  0.87438153E-23  0.81928462E-38
  0.30300000E+02  0.86886475E-23  0.77218419E-38
  0.30400000E+02  0.86339931E-23  0.75877451E-38
  0.30500000E+02  0.85798458E-23  0.76332619E-38
  0.30600000E+02  0.85261994E-23  0.70795762E-38
  0.30700000E+02  0.84730478E-23  0.72460494E-38
  0.30800000E+02  0.84203851E-23  0.70913512E-38
  0.30900000E+02  0.83682054E-23  0.72477724E-38
  0.31000000E+02  0.83165028E-23  0.70702415E-38
  0.31100000E+02  0.82652717E-23  0.68192331E-38
  0.31200000E+02  0.82145063E-23  0.64506692E-38
  0.31300000E+02  0.81642012E-23  0.73741772E-38
  0.31400000E+02  0.81143508E-23  0.66254711E-38
  0.31500000E+02  0.80649497E-23  0.67319392E-38
  0.31600000E+02  0.80159927E-23  0.72369694E-38
  0.31700000E+02  0.79674746E-23  0.66034311E-38
  0.31800000E+02  0.79193900E-23  0.65970907E-38
  0.31900000E+02  0.78717340E-23  0.68630364E-38
  0.32000000E+02  0.78245015E-23  0.65030413E-38
  0.32100000E+02  0.77776877E-23  0.65495513E-38
  0.32200000E+02  0.77312875E-23  0.65244696E-38
  0.32300000E+02  0.76852963E-23  0.67705850E-38
  0.32400000E+02  0.76397092E-23  0.62607367E-38
  0.32500000E+02  0.75945217E-23  0.67024603E-38
  0.32600000E+02  0.75497291E-23  0.67610304E-38
  0.32700000E+02  0.75053269E-23  0.65237275E-38
  0.32800000E+02  0.74613105E-23  0.63759850E-38
  0.32900000E+02  0.74176757E-23  0.67600614E-38
  0.33000000E+02  0.73744181E-23  0.59778832E-38
  0.33100000E+02  0.73315334E-23  0.64905963E-38
  0.33200000E+02  0.72890173E-23  0.63726553E-38
  0.33300000E+02  0.72468656E-23  0.63169764E-38
  0.33400000E+02  0.72050744E-23  0.63500094E-38
  0.33500000E+02  0.71636395E-23  0.63786801E-38
  0.33600000E+02  0.71225570E-23  0.61171826E-38
  0.33700000E+02  0.70818228E-23  0.57742932E-38
  0.33800000E+02  0.70414332E-23  0.59308723E-38
  0.33900000E+02  0.70013842E-23  0.61237854E-38
  0.34000000E+02  0.69616722E-23  0.58038559E-38
  0.34100000E+02  0.69222933E-23  0.59339008E-38
  0.34200000E+02  0.68832440E-23  0.57404086E-38
  0.34300000E+02  0.68445205E-23  0.57095583E-38
  0.34400000E+02  0.68061193E-23  0.57774655E-38
  0.34500000E+02  0.67680369E-23  0.55979177E-38
  0.34600000E+02  0.67302698E-23  0.56224540E-38
  0.34700000E+02  0.66928145E-23  0.57174828E-38
  0.34800000E+02  0.66556677E-23  0.58163085E-38
  0.34900000E+02  0.66188260E-23  0.59930359E-38
  0.35000000E+02  0.65822862E-23  0.53039823E-38
  0.35100000E+02  0.65460449E-23  0.54932051E-38
  0.35200000E+02  0.65100990E-23  0.57985028E-38
  0.35300000E+02  0.64744453E-23  0.54001743E-38
  0.35400000E+02  0.64390807E-23  0.57415869E-38
  0.35500000E+02  0.64040021E-23  0.53160795E-38
  0.35600000E+02  0.63692064E-23  0.58359511E-38
  0.35700000E+02  0.63346906E-23  0.54283142E-38
  0.35800000E+02  0.63004518E-23  0.54668227E-38
  0.35900000E+02  0.62664871E-23  0.51874694E-38
  0.36000000E+02  0.62327935E-23  0.52291529E-38
  0.36100000E+02  0.61993682E-23  0.55202444E-38
  0.36200000E+02  0.61662085E-23  0.50462621E-38
  0.36300000E+02  0.61333114E-23  0.55132127E-38
  0.36400000E+02  0.61006743E-23  0.55626410E-38
  0.36500000E+02  0.60682945E-23  0.55372227E-38
  0.36600000E+02  0.60361693E-23  0.47678546E-38
  0.36700000E+02  0.60042961E-23  0.49698512E-38
  0.36800000E+02  0.59726722E-23  0.49493677E-38
  0.36900000E+02  0.59412951E-23  0.47629119E-38
  0.37000000E+02  0.59101623E-23  0.52982124E-38
  0.37100000E+02  0.58792712E-23  0.49109227E-38
  0.37200000E+02  0.58486194E-23  0.50647996E-38
  0.37300000E+02  0.58182045E-23  0.50492512E-38
  0.37400000E+02  0.57880239E-23  0.48412920E-38
  0.37500000E+02  0.57580754E-23  0.51315631E-38
  0.37600000E+02  0.57283566E-23  0.49123772E-38
  0.37700000E+02  0.56988652E-23  0.47236267E-38
  0.37800000E+02  0.56695988E-23  0.48459898E-38
  0.37900000E+02  0.56405553E-23  0.50884014E-38
  0.38000000E+02  0.56117323E-23  0.50972431E-38
  0.38100000E+02  0.55831278E-23  0.42246218E-38
  0.38200000E+02  0.55547394E-23  0.48588393E-38
  0.38300000E+02  0.55265650E-23  0.46468444E-38
  0.38400000E+02  0.54986026E-23  0.46500304E-38
  0.38500000E+02  0.54708499E-23  0.48100225E-38
  0.38600000E+02  0.54433050E-23  0.44614804E-38
  0.38700000E+02  0.54159658E-23  0.46055376E-38
  0.38800000E+02  0.53888302E-23  0.48739702E-38
  0.38900000E+02  0.53618963E-23  0.44497902E-38
  0.39000000E+02  0.53351621E-23  0.49636061E-38
  0.39100000E+02  0.53086256E-23  0.44523029E-38
  0.39200000E+02  0.52822849E-23  0.44333942E-38
  0.39300000E+02  0.52561381E-23  0.42884099E-38
  0.39400000E+02  0.52301833E-23  0.42814154E-38
  0.39500000E+02  0.52044186E-23  0.45551369E-38
  0.39600000E+02  0.51788423E-23  0.42566809E-38
  0.39700000E+02  0.51534525E-23  0.41285294E-38
  0.39800000E+02  0.51282474E-23  0.41553973E-38
  0.39900000E+02  0.51032252E-23  0.43660295E-38
  0.40000000E+02  0.50783842E-23  0.42900260E-38
