  0.00000000E+00 -0.31540657E-20 -0.11146953E-35
  0.10000000E+00 -0.31499735E-20 -0.11138394E-35
  0.20000000E+00 -0.31377886E-20 -0.11090222E-35
  0.30000000E+00 -0.31177796E-20 -0.11034453E-35
  0.40000000E+00 -0.30903729E-20 -0.10968014E-35
  0.50000000E+00 -0.30561233E-20 -0.10830088E-35
  0.60000000E+00 -0.30156807E-20 -0.10711254E-35
  0.70000000E+00 -0.29697545E-20 -0.10580558E-35
  0.80000000E+00 -0.29190811E-20 -0.10445675E-35
  0.90000000E+00 -0.28643963E-20 -0.10280339E-35
  0.10000000E+01 -0.28064130E-20 -0.10126495E-35
  0.11000000E+01 -0.27458054E-20 -0.99367273E-36
  0.12000000E+01 -0.26831981E-20 -0.97792737E-36
  0.13000000E+01 -0.26191592E-20 -0.95918698E-36
  0.14000000E+01 -0.25541982E-20 -0.94040691E-36
  0.15000000E+01 -0.24887653E-20 -0.92230611E-36
  0.16000000E+01 -0.24232533E-20 -0.90583240E-36
  0.17000000E+01 -0.23580004E-20 -0.88669126E-36
  0.18000000E+01 -0.22932946E-20 -0.86864273E-36
  0.19000000E+01 -0.22293774E-20 -0.84936449E-36
  0.20000000E+01 -0.21664491E-20 -0.83117448E-36
  0.21000000E+01 -0.21046725E-20 -0.81264156E-36
  0.22000000E+01 -0.20441780E-20 -0.79555512E-36
  0.23000000E+01 -0.19850670E-20 -0.77631641E-36
  0.24000000E+01 -0.19274163E-20 -0.75804635E-36
  0.25000000E+01 -0.18712813E-20 -0.74220054E-36
  0.26000000E+01 -0.18166989E-20 -0.72460648E-36
  0.27000000E+01 -0.17636907E-20 -0.70610471E-36
  0.28000000E+01 -0.17122652E-20 -0.69075973E-36
  0.29000000E+01 -0.16624201E-20 -0.67378894E-36
  0.30000000E+01 -0.16141437E-20 -0.65702722E-36
  0.31000000E+01 -0.15674174E-20 -0.64101904E-36
  0.32000000E+01 -0.15222163E-20 -0.62562835E-36
  0.33000000E+01 -0.14785109E-20 -0.60993765E-36
  0.34000000E+01 -0.14362679E-20 -0.59450222E-36
  0.35000000E+01 -0.13954511E-20 -0.57999684E-36
  0.36000000E+01 -0.13560223E-20 -0.56486544E-36
  0.37000000E+01 -0.13179417E-20 -0.55077928E-36
  0.38000000E+01 -0.12811685E-20 -0.53771771E-36
  0.39000000E+01 -0.12456616E-20 -0.52368824E-36
  0.40000000E+01 -0.12113795E-20 -0.50993495E-36
  0.41000000E+01 -0.11782810E-20 -0.49783014E-36
  0.42000000E+01 -0.11463251E-20 -0.48470054E-36
  0.43000000E+01 -0.11154715E-20 -0.47271825E-36
  0.44000000E+01 -0.10856807E-20 -0.46086320E-36
  0.45000000E+01 -0.10569139E-20 -0.44894260E-36
  0.46000000E+01 -0.10291333E-20 -0.43793044E-36
  0.47000000E+01 -0.10023022E-20 -0.42773925E-36
  0.48000000E+01 -0.97638497E-21 -0.41605651E-36
  0.49000000E+01 -0.95134695E-21 -0.40651159E-36
  0.50000000E+01 -0.92715473E-21 -0.39590379E-36
  0.51000000E+01 -0.90377600E-21 -0.38624871E-36
  0.52000000E+01 -0.88117959E-21 -0.37696585E-36
  0.53000000E+01 -0.85933548E-21 -0.36839762E-36
  0.54000000E+01 -0.83821474E-21 -0.35850741E-36
  0.55000000E+01 -0.81778955E-21 -0.35060208E-36
  0.56000000E+01 -0.79803315E-21 -0.34186011E-36
  0.57000000E+01 -0.77891984E-21 -0.33429952E-36
  0.58000000E+01 -0.76042494E-21 -0.32627343E-36
  0.59000000E+01 -0.74252475E-21 -0.31902007E-36
  0.60000000E+01 -0.72519652E-21 -0.31127550E-36
  0.61000000E+01 -0.70841845E-21 -0.30375453E-36
  0.62000000E+01 -0.69216961E-21 -0.29737177E-36
  0.63000000E+01 -0.67642993E-21 -0.29020198E-36
  0.64000000E+01 -0.66118019E-21 -0.28388356E-36
  0.65000000E+01 -0.64640194E-21 -0.27740794E-36
  0.66000000E+01 -0.63207752E-21 -0.27164344E-36
  0.67000000E+01 -0.61818997E-21 -0.26469423E-36
  0.68000000E+01 -0.60472307E-21 -0.25950085E-36
  0.69000000E+01 -0.59166125E-21 -0.25344315E-36
  0.70000000E+01 -0.57898960E-21 -0.24846381E-36
  0.71000000E+01 -0.56669383E-21 -0.24240974E-36
  0.72000000E+01 -0.55476023E-21 -0.23734852E-36
  0.73000000E+01 -0.54317566E-21 -0.23223462E-36
  0.74000000E+01 -0.53192754E-21 -0.22761295E-36
  0.75000000E+01 -0.52100378E-21 -0.22290954E-36
  0.76000000E+01 -0.51039282E-21 -0.21797152E-36
  0.77000000E+01 -0.50008355E-21 -0.21366026E-36
  0.78000000E+01 -0.49006532E-21 -0.20901904E-36
  0.79000000E+01 -0.48032791E-21 -0.20499781E-36
  0.80000000E+01 -0.47086154E-21 -0.20060922E-36
  0.81000000E+01 -0.46165678E-21 -0.19698709E-36
  0.82000000E+01 -0.45270462E-21 -0.19300643E-36
  0.83000000E+01 -0.44399640E-21 -0.18917309E-36
  0.84000000E+01 -0.43552379E-21 -0.18508900E-36
  0.85000000E+01 -0.42727882E-21 -0.18188434E-36
  0.86000000E+01 -0.41925381E-21 -0.17818579E-36
  0.87000000E+01 -0.41144141E-21 -0.17512167E-36
  0.88000000E+01 -0.40383452E-21 -0.17149551E-36
  0.89000000E+01 -0.39642635E-21 -0.16817041E-36
  0.90000000E+01 -0.38921037E-21 -0.16521300E-36
  0.91000000E+01 -0.38218030E-21 -0.16203012E-36
  0.92000000E+01 -0.37533009E-21 -0.15921059E-36
  0.93000000E+01 -0.36865393E-21 -0.15593882E-36
  0.94000000E+01 -0.36214624E-21 -0.15333467E-36
  0.95000000E+01 -0.35580164E-21 -0.15076009E-36
  0.96000000E+01 -0.34961497E-21 -0.14800724E-36
  0.97000000E+01 -0.34358123E-21 -0.14530319E-36
  0.98000000E+01 -0.33769565E-21 -0.14250696E-36
  0.99000000E+01 -0.33195361E-21 -0.14024742E-36
  0.10000000E+02 -0.32635067E-21 -0.13786424E-36
  0.10100000E+02 -0.32088254E-21 -0.13538594E-36
  0.10200000E+02 -0.31554511E-21 -0.13311758E-36
  0.10300000E+02 -0.31033440E-21 -0.13089655E-36
  0.10400000E+02 -0.30524659E-21 -0.12838273E-36
  0.10500000E+02 -0.30027798E-21 -0.12656357E-36
  0.10600000E+02 -0.29542503E-21 -0.12444760E-36
  0.10700000E+02 -0.29068428E-21 -0.12231550E-36
  0.10800000E+02 -0.28605245E-21 -0.12018909E-36
  0.10900000E+02 -0.28152633E-21 -0.11837351E-36
  0.11000000E+02 -0.27710285E-21 -0.11633122E-36
  0.11100000E+02 -0.27277903E-21 -0.11452479E-36
  0.11200000E+02 -0.26855200E-21 -0.11282109E-36
  0.11300000E+02 -0.26441899E-21 -0.11109548E-36
  0.11400000E+02 -0.26037733E-21 -0.10923647E-36
  0.11500000E+02 -0.25642443E-21 -0.10769566E-36
  0.11600000E+02 -0.25255780E-21 -0.10571844E-36
  0.11700000E+02 -0.24877502E-21 -0.10424434E-36
  0.11800000E+02 -0.24507376E-21 -0.10255169E-36
  0.11900000E+02 -0.24145178E-21 -0.10108132E-36
  0.12000000E+02 -0.23790688E-21 -0.99422297E-37
  0.12100000E+02 -0.23443698E-21 -0.97992652E-37
  0.12200000E+02 -0.23104002E-21 -0.96536632E-37
  0.12300000E+02 -0.22771404E-21 -0.95293562E-37
  0.12400000E+02 -0.22445714E-21 -0.93689323E-37
  0.12500000E+02 -0.22126747E-21 -0.92415979E-37
  0.12600000E+02 -0.21814324E-21 -0.91059669E-37
  0.12700000E+02 -0.21508273E-21 -0.89726521E-37
  0.12800000E+02 -0.21208427E-21 -0.88414420E-37
  0.12900000E+02 -0.20914623E-21 -0.87099972E-37
  0.13000000E+02 -0.20626706E-21 -0.86049265E-37
  0.13100000E+02 -0.20344522E-21 -0.84741921E-37
  0.13200000E+02 -0.20067924E-21 -0.83732511E-37
  0.13300000E+02 -0.19796771E-21 -0.82369540E-37
  0.13400000E+02 -0.19530924E-21 -0.81352418E-37
  0.13500000E+02 -0.19270249E-21 -0.80111202E-37
  0.13600000E+02 -0.19014616E-21 -0.79146721E-37
  0.13700000E+02 -0.18763900E-21 -0.77836322E-37
  0.13800000E+02 -0.18517977E-21 -0.76886264E-37
  0.13900000E+02 -0.18276730E-21 -0.75882440E-37
  0.14000000E+02 -0.18040044E-21 -0.74950640E-37
  0.14100000E+02 -0.17807808E-21 -0.74001756E-37
  0.14200000E+02 -0.17579913E-21 -0.73089172E-37
  0.14300000E+02 -0.17356254E-21 -0.71995704E-37
  0.14400000E+02 -0.17136730E-21 -0.71075820E-37
  0.14500000E+02 -0.16921241E-21 -0.70158280E-37
  0.14600000E+02 -0.16709692E-21 -0.69308345E-37
  0.14700000E+02 -0.16501989E-21 -0.68194859E-37
  0.14800000E+02 -0.16298041E-21 -0.67554279E-37
  0.14900000E+02 -0.16097762E-21 -0.66674160E-37
  0.15000000E+02 -0.15901065E-21 -0.65820413E-37
  0.15100000E+02 -0.15707867E-21 -0.64961739E-37
  0.15200000E+02 -0.15518088E-21 -0.64133090E-37
  0.15300000E+02 -0.15331649E-21 -0.63414432E-37
  0.15400000E+02 -0.15148473E-21 -0.62515930E-37
  0.15500000E+02 -0.14968488E-21 -0.61873139E-37
  0.15600000E+02 -0.14791620E-21 -0.61315317E-37
  0.15700000E+02 -0.14617800E-21 -0.60318301E-37
  0.15800000E+02 -0.14446959E-21 -0.59804959E-37
  0.15900000E+02 -0.14279031E-21 -0.58958013E-37
  0.16000000E+02 -0.14113952E-21 -0.58222613E-37
  0.16100000E+02 -0.13951658E-21 -0.57629154E-37
  0.16200000E+02 -0.13792089E-21 -0.56870079E-37
  0.16300000E+02 -0.13635186E-21 -0.56226464E-37
  0.16400000E+02 -0.13480890E-21 -0.55658115E-37
  0.16500000E+02 -0.13329145E-21 -0.54968990E-37
  0.16600000E+02 -0.13179896E-21 -0.54285284E-37
  0.16700000E+02 -0.13033090E-21 -0.53701763E-37
  0.16800000E+02 -0.12888674E-21 -0.53143380E-37
  0.16900000E+02 -0.12746599E-21 -0.52473216E-37
  0.17000000E+02 -0.12606815E-21 -0.51973675E-37
  0.17100000E+02 -0.12469273E-21 -0.51363536E-37
  0.17200000E+02 -0.12333927E-21 -0.50865851E-37
  0.17300000E+02 -0.12200731E-21 -0.50242148E-37
  0.17400000E+02 -0.12069641E-21 -0.49730033E-37
  0.17500000E+02 -0.11940613E-21 -0.49154256E-37
  0.17600000E+02 -0.11813605E-21 -0.48584131E-37
  0.17700000E+02 -0.11688575E-21 -0.48054361E-37
  0.17800000E+02 -0.11565485E-21 -0.47534536E-37
  0.17900000E+02 -0.11444294E-21 -0.47043470E-37
  0.18000000E+02 -0.11324964E-21 -0.46527974E-37
  0.18100000E+02 -0.11207458E-21 -0.46059369E-37
  0.18200000E+02 -0.11091739E-21 -0.45587618E-37
  0.18300000E+02 -0.10977773E-21 -0.45118692E-37
  0.18400000E+02 -0.10865524E-21 -0.44628218E-37
  0.18500000E+02 -0.10754959E-21 -0.44144199E-37
  0.18600000E+02 -0.10646044E-21 -0.43707213E-37
  0.18700000E+02 -0.10538748E-21 -0.43234506E-37
  0.18800000E+02 -0.10433040E-21 -0.42828720E-37
  0.18900000E+02 -0.10328887E-21 -0.42343982E-37
  0.19000000E+02 -0.10226261E-21 -0.42011764E-37
  0.19100000E+02 -0.10125133E-21 -0.41520333E-37
  0.19200000E+02 -0.10025473E-21 -0.41139027E-37
  0.19300000E+02 -0.99272545E-22 -0.40676037E-37
  0.19400000E+02 -0.98304493E-22 -0.40366640E-37
  0.19500000E+02 -0.97350313E-22 -0.39927203E-37
  0.19600000E+02 -0.96409743E-22 -0.39540269E-37
  0.19700000E+02 -0.95482531E-22 -0.39161484E-37
  0.19800000E+02 -0.94568427E-22 -0.38727038E-37
  0.19900000E+02 -0.93667190E-22 -0.38460646E-37
  0.20000000E+02 -0.92778583E-22 -0.37930199E-37
  0.20100000E+02 -0.91902375E-22 -0.37648624E-37
  0.20200000E+02 -0.91038338E-22 -0.37235991E-37
  0.20300000E+02 -0.90186251E-22 -0.36904583E-37
  0.20400000E+02 -0.89345899E-22 -0.36575886E-37
  0.20500000E+02 -0.88517070E-22 -0.36209974E-37
  0.20600000E+02 -0.87699557E-22 -0.35963173E-37
  0.20700000E+02 -0.86893157E-22 -0.35596757E-37
  0.20800000E+02 -0.86097674E-22 -0.35170031E-37
  0.20900000E+02 -0.85312912E-22 -0.34908242E-37
  0.21000000E+02 -0.84538684E-22 -0.34584385E-37
  0.21100000E+02 -0.83774803E-22 -0.34241721E-37
  0.21200000E+02 -0.83021090E-22 -0.33932004E-37
  0.21300000E+02 -0.82277365E-22 -0.33625780E-37
  0.21400000E+02 -0.81543457E-22 -0.33266048E-37
  0.21500000E+02 -0.80819194E-22 -0.33028683E-37
  0.21600000E+02 -0.80104412E-22 -0.32743941E-37
  0.21700000E+02 -0.79398947E-22 -0.32424793E-37
  0.21800000E+02 -0.78702640E-22 -0.32143276E-37
  0.21900000E+02 -0.78015335E-22 -0.31934940E-37
  0.22000000E+02 -0.77336880E-22 -0.31594717E-37
  0.22100000E+02 -0.76667124E-22 -0.31263238E-37
  0.22200000E+02 -0.76005923E-22 -0.31042488E-37
  0.22300000E+02 -0.75353132E-22 -0.30742173E-37
  0.22400000E+02 -0.74708612E-22 -0.30484017E-37
  0.22500000E+02 -0.74072224E-22 -0.30225861E-37
  0.22600000E+02 -0.73443834E-22 -0.30023527E-37
  0.22700000E+02 -0.72823311E-22 -0.29688044E-37
  0.22800000E+02 -0.72210524E-22 -0.29445296E-37
  0.22900000E+02 -0.71605348E-22 -0.29211846E-37
  0.23000000E+02 -0.71007658E-22 -0.28974384E-37
  0.23100000E+02 -0.70417332E-22 -0.28677486E-37
  0.23200000E+02 -0.69834252E-22 -0.28486810E-37
  0.23300000E+02 -0.69258301E-22 -0.28258968E-37
  0.23400000E+02 -0.68689365E-22 -0.28050145E-37
  0.23500000E+02 -0.68127330E-22 -0.27821476E-37
  0.23600000E+02 -0.67572087E-22 -0.27538094E-37
  0.23700000E+02 -0.67023529E-22 -0.27320837E-37
  0.23800000E+02 -0.66481550E-22 -0.27102136E-37
  0.23900000E+02 -0.65946045E-22 -0.26928296E-37
  0.24000000E+02 -0.65416914E-22 -0.26662711E-37
  0.24100000E+02 -0.64894056E-22 -0.26441368E-37
  0.24200000E+02 -0.64377375E-22 -0.26258059E-37
  0.24300000E+02 -0.63866773E-22 -0.26001690E-37
  0.24400000E+02 -0.63362157E-22 -0.25811751E-37
  0.24500000E+02 -0.62863436E-22 -0.25651088E-37
  0.24600000E+02 -0.62370517E-22 -0.25420534E-37
  0.24700000E+02 -0.61883313E-22 -0.25211084E-37
  0.24800000E+02 -0.61401736E-22 -0.25021088E-37
  0.24900000E+02 -0.60925701E-22 -0.24864191E-37
  0.25000000E+02 -0.60455124E-22 -0.24595416E-37
  0.25100000E+02 -0.59989923E-22 -0.24430442E-37
  0.25200000E+02 -0.59530017E-22 -0.24267873E-37
  0.25300000E+02 -0.59075326E-22 -0.24051059E-37
  0.25400000E+02 -0.58625774E-22 -0.23828111E-37
  0.25500000E+02 -0.58181283E-22 -0.23643683E-37
  0.25600000E+02 -0.57741778E-22 -0.23526009E-37
  0.25700000E+02 -0.57307186E-22 -0.23277837E-37
  0.25800000E+02 -0.56877435E-22 -0.23116108E-37
  0.25900000E+02 -0.56452454E-22 -0.22961564E-37
  0.26000000E+02 -0.56032173E-22 -0.22778721E-37
  0.26100000E+02 -0.55616523E-22 -0.22617006E-37
  0.26200000E+02 -0.55205437E-22 -0.22487189E-37
  0.26300000E+02 -0.54798851E-22 -0.22295490E-37
  0.26400000E+02 -0.54396697E-22 -0.22131229E-37
  0.26500000E+02 -0.53998914E-22 -0.21946555E-37
  0.26600000E+02 -0.53605438E-22 -0.21785410E-37
  0.26700000E+02 -0.53216209E-22 -0.21638667E-37
  0.26800000E+02 -0.52831164E-22 -0.21487802E-37
  0.26900000E+02 -0.52450247E-22 -0.21293039E-37
  0.27000000E+02 -0.52073397E-22 -0.21190908E-37
  0.27100000E+02 -0.51700559E-22 -0.21022881E-37
  0.27200000E+02 -0.51331675E-22 -0.20860830E-37
  0.27300000E+02 -0.50966691E-22 -0.20708563E-37
  0.27400000E+02 -0.50605552E-22 -0.20513415E-37
  0.27500000E+02 -0.50248204E-22 -0.20435856E-37
  0.27600000E+02 -0.49894596E-22 -0.20261779E-37
  0.27700000E+02 -0.49544676E-22 -0.20129968E-37
  0.27800000E+02 -0.49198393E-22 -0.20013746E-37
  0.27900000E+02 -0.48855697E-22 -0.19835803E-37
  0.28000000E+02 -0.48516540E-22 -0.19714527E-37
  0.28100000E+02 -0.48180872E-22 -0.19589154E-37
  0.28200000E+02 -0.47848648E-22 -0.19425612E-37
  0.28300000E+02 -0.47519819E-22 -0.19289018E-37
  0.28400000E+02 -0.47194341E-22 -0.19175517E-37
  0.28500000E+02 -0.46872169E-22 -0.19009048E-37
  0.28600000E+02 -0.46553258E-22 -0.18932621E-37
  0.28700000E+02 -0.46237565E-22 -0.18770346E-37
  0.28800000E+02 -0.45925046E-22 -0.18652526E-37
  0.28900000E+02 -0.45615661E-22 -0.18493407E-37
  0.29000000E+02 -0.45309366E-22 -0.18414618E-37
  0.29100000E+02 -0.45006123E-22 -0.18262034E-37
  0.29200000E+02 -0.44705890E-22 -0.18139862E-37
  0.29300000E+02 -0.44408628E-22 -0.18047605E-37
  0.29400000E+02 -0.44114298E-22 -0.17929033E-37
  0.29500000E+02 -0.43822863E-22 -0.17824652E-37
  0.29600000E+02 -0.43534284E-22 -0.17651894E-37
  0.29700000E+02 -0.43248525E-22 -0.17565538E-37
  0.29800000E+02 -0.42965550E-22 -0.17446920E-37
  0.29900000E+02 -0.42685322E-22 -0.17327684E-37
  0.30000000E+02 -0.42407807E-22 -0.17214489E-37
  0.30100000E+02 -0.42132969E-22 -0.17088028E-37
  0.30200000E+02 -0.41860775E-22 -0.16952224E-37
  0.30300000E+02 -0.41591191E-22 -0.16853375E-37
  0.30400000E+02 -0.41324184E-22 -0.16737548E-37
  0.30500000E+02 -0.41059722E-22 -0.16636930E-37
  0.30600000E+02 -0.40797772E-22 -0.16510251E-37
  0.30700000E+02 -0.40538304E-22 -0.16473256E-37
  0.30800000E+02 -0.40281285E-22 -0.16335833E-37
  0.30900000E+02 -0.40026686E-22 -0.16254326E-37
  0.31000000E+02 -0.39774477E-22 -0.16136961E-37
  0.31100000E+02 -0.39524627E-22 -0.16051523E-37
  0.31200000E+02 -0.39277108E-22 -0.15956127E-37
  0.31300000E+02 -0.39031891E-22 -0.15838150E-37
  0.31400000E+02 -0.38788947E-22 -0.15718888E-37
  0.31500000E+02 -0.38548250E-22 -0.15648643E-37
  0.31600000E+02 -0.38309771E-22 -0.15530903E-37
  0.31700000E+02 -0.38073483E-22 -0.15439288E-37
  0.31800000E+02 -0.37839360E-22 -0.15348344E-37
  0.31900000E+02 -0.37607376E-22 -0.15265187E-37
  0.32000000E+02 -0.37377505E-22 -0.15163464E-37
  0.32100000E+02 -0.37149721E-22 -0.15072392E-37
  0.32200000E+02 -0.36924000E-22 -0.14986914E-37
  0.32300000E+02 -0.36700316E-22 -0.14895536E-37
  0.32400000E+02 -0.36478646E-22 -0.14808625E-37
  0.32500000E+02 -0.36258965E-22 -0.14712545E-37
  0.32600000E+02 -0.36041251E-22 -0.14619805E-37
  0.32700000E+02 -0.35825479E-22 -0.14512122E-37
  0.32800000E+02 -0.35611626E-22 -0.14418547E-37
  0.32900000E+02 -0.35399671E-22 -0.14343659E-37
  0.33000000E+02 -0.35189591E-22 -0.14257450E-37
  0.33100000E+02 -0.34981364E-22 -0.14196974E-37
  0.33200000E+02 -0.34774968E-22 -0.14110279E-37
  0.33300000E+02 -0.34570383E-22 -0.14008929E-37
  0.33400000E+02 -0.34367586E-22 -0.13936740E-37
  0.33500000E+02 -0.34166558E-22 -0.13846699E-37
  0.33600000E+02 -0.33967279E-22 -0.13786273E-37
  0.33700000E+02 -0.33769727E-22 -0.13703421E-37
  0.33800000E+02 -0.33573884E-22 -0.13605196E-37
  0.33900000E+02 -0.33379729E-22 -0.13497720E-37
  0.34000000E+02 -0.33187243E-22 -0.13429858E-37
  0.34100000E+02 -0.32996409E-22 -0.13369218E-37
  0.34200000E+02 -0.32807205E-22 -0.13285829E-37
  0.34300000E+02 -0.32619616E-22 -0.13210437E-37
  0.34400000E+02 -0.32433621E-22 -0.13109931E-37
  0.34500000E+02 -0.32249204E-22 -0.13077801E-37
  0.34600000E+02 -0.32066346E-22 -0.12982924E-37
  0.34700000E+02 -0.31885030E-22 -0.12897674E-37
  0.34800000E+02 -0.31705239E-22 -0.12844443E-37
  0.34900000E+02 -0.31526956E-22 -0.12765556E-37
  0.35000000E+02 -0.31350164E-22 -0.12697013E-37
  0.35100000E+02 -0.31174847E-22 -0.12634192E-37
  0.35200000E+02 -0.31000988E-22 -0.12577375E-37
  0.35300000E+02 -0.30828572E-22 -0.12497245E-37
  0.35400000E+02 -0.30657582E-22 -0.12411307E-37
  0.35500000E+02 -0.30488003E-22 -0.12340038E-37
  0.35600000E+02 -0.30319820E-22 -0.12274614E-37
  0.35700000E+02 -0.30153017E-22 -0.12222886E-37
  0.35800000E+02 -0.29987580E-22 -0.12149109E-37
  0.35900000E+02 -0.29823493E-22 -0.12086932E-37
  0.36000000E+02 -0.29660742E-22 -0.12023964E-37
  0.36100000E+02 -0.29499313E-22 -0.11948098E-37
  0.36200000E+02 -0.29339191E-22 -0.11892933E-37
  0.36300000E+02 -0.29180363E-22 -0.11809264E-37
  0.36400000E+02 -0.29022814E-22 -0.11743959E-37
  0.36500000E+02 -0.28866531E-22 -0.11699159E-37
  0.36600000E+02 -0.28711501E-22 -0.11598215E-37
  0.36700000E+02 -0.28557709E-22 -0.11553116E-37
  0.36800000E+02 -0.28405144E-22 -0.11485560E-37
  0.36900000E+02 -0.28253793E-22 -0.11417365E-37
  0.37000000E+02 -0.28103641E-22 -0.11366145E-37
  0.37100000E+02 -0.27954677E-22 -0.11308052E-37
  0.37200000E+02 -0.27806889E-22 -0.11249162E-37
  0.37300000E+02 -0.27660264E-22 -0.11192144E-37
  0.37400000E+02 -0.27514790E-22 -0.11136587E-37
  0.37500000E+02 -0.27370455E-22 -0.11077897E-37
  0.37600000E+02 -0.27227247E-22 -0.11009200E-37
  0.37700000E+02 -0.27085155E-22 -0.10964950E-37
  0.37800000E+02 -0.26944166E-22 -0.10899739E-37
  0.37900000E+02 -0.26804271E-22 -0.10836825E-37
  0.38000000E+02 -0.26665457E-22 -0.10787271E-37
  0.38100000E+02 -0.26527713E-22 -0.10733973E-37
  0.38200000E+02 -0.26391029E-22 -0.10691648E-37
  0.38300000E+02 -0.26255394E-22 -0.10614288E-37
  0.38400000E+02 -0.26120797E-22 -0.10555933E-37
  0.38500000E+02 -0.25987227E-22 -0.10504250E-37
  0.38600000E+02 -0.25854674E-22 -0.10444764E-37
  0.38700000E+02 -0.25723129E-22 -0.10409594E-37
  0.38800000E+02 -0.25592580E-22 -0.10359101E-37
  0.38900000E+02 -0.25463018E-22 -0.10309147E-37
  0.39000000E+02 -0.25334433E-22 -0.10267747E-37
  0.39100000E+02 -0.25206815E-22 -0.10196950E-37
  0.39200000E+02 -0.25080154E-22 -0.10149797E-37
  0.39300000E+02 -0.24954442E-22 -0.10081953E-37
  0.39400000E+02 -0.24829668E-22 -0.10043952E-37
  0.39500000E+02 -0.24705824E-22 -0.99840080E-38
  0.39600000E+02 -0.24582899E-22 -0.99366480E-38
  0.39700000E+02 -0.24460886E-22 -0.98924107E-38
  0.39800000E+02 -0.24339775E-22 -0.98350719E-38
  0.39900000E+02 -0.24219558E-22 -0.98086525E-38
  0.40000000E+02 -0.24100225E-22 -0.97297082E-38
