  0.00000000E+00 -0.87684712E-23  0.25647311E-36
  0.10000000E+00 -0.87472361E-23  0.25538106E-36
  0.20000000E+00 -0.86841982E-23  0.25204159E-36
  0.30000000E+00 -0.85812930E-23  0.24048486E-36
  0.40000000E+00 -0.84415403E-23  0.23111912E-36
  0.50000000E+00 -0.82687809E-23  0.21956162E-36
  0.60000000E+00 -0.80673831E-23  0.20862601E-36
  0.70000000E+00 -0.78419610E-23  0.19451261E-36
  0.80000000E+00 -0.75971342E-23  0.18147944E-36
  0.90000000E+00 -0.73373420E-23  0.16613392E-36
  0.10000000E+01 -0.70667139E-23  0.15585162E-36
  0.11000000E+01 -0.67889890E-23  0.14469695E-36
  0.12000000E+01 -0.65074764E-23  0.13413455E-36
  0.13000000E+01 -0.62250447E-23  0.12221017E-36
  0.14000000E+01 -0.59441339E-23  0.11654026E-36
  0.15000000E+01 -0.56667804E-23  0.10589706E-36
  0.16000000E+01 -0.53946503E-23  0.99148904E-37
  0.17000000E+01 -0.51290775E-23  0.90899105E-37
  0.18000000E+01 -0.48711021E-23  0.84532462E-37
  0.19000000E+01 -0.46215086E-23  0.79863463E-37
  0.20000000E+01 -0.43808620E-23  0.72038854E-37
  0.21000000E+01 -0.41495408E-23  0.66927907E-37
  0.22000000E+01 -0.39277669E-23  0.64493649E-37
  0.23000000E+01 -0.37156326E-23  0.58699825E-37
  0.24000000E+01 -0.35131237E-23  0.53648469E-37
  0.25000000E+01 -0.33201402E-23  0.50344996E-37
  0.26000000E+01 -0.31365135E-23  0.46590125E-37
  0.27000000E+01 -0.29620216E-23  0.43787112E-37
  0.28000000E+01 -0.27964016E-23  0.40554101E-37
  0.29000000E+01 -0.26393607E-23  0.38461413E-37
  0.30000000E+01 -0.24905845E-23  0.35530990E-37
  0.31000000E+01 -0.23497448E-23  0.31901604E-37
  0.32000000E+01 -0.22165055E-23  0.30072611E-37
  0.33000000E+01 -0.20905273E-23  0.27610531E-37
  0.34000000E+01 -0.19714719E-23  0.24950198E-37
  0.35000000E+01 -0.18590049E-23  0.24166914E-37
  0.36000000E+01 -0.17527984E-23  0.22778335E-37
  0.37000000E+01 -0.16525327E-23  0.20903483E-37
  0.38000000E+01 -0.15578981E-23  0.19996672E-37
  0.39000000E+01 -0.14685954E-23  0.18006152E-37
  0.40000000E+01 -0.13843369E-23  0.17124941E-37
  0.41000000E+01 -0.13048470E-23  0.15128881E-37
  0.42000000E+01 -0.12298619E-23  0.13663987E-37
  0.43000000E+01 -0.11591302E-23  0.13582553E-37
  0.44000000E+01 -0.10924125E-23  0.12514995E-37
  0.45000000E+01 -0.10294814E-23  0.12322335E-37
  0.46000000E+01 -0.97012111E-24  0.11074423E-37
  0.47000000E+01 -0.91412720E-24  0.95974297E-38
  0.48000000E+01 -0.86130617E-24  0.89749389E-38
  0.49000000E+01 -0.81147509E-24  0.87245471E-38
  0.50000000E+01 -0.76446116E-24  0.77993160E-38
  0.51000000E+01 -0.72010128E-24  0.69771110E-38
  0.52000000E+01 -0.67824159E-24  0.68224207E-38
  0.53000000E+01 -0.63873704E-24  0.58571524E-38
  0.54000000E+01 -0.60145095E-24  0.51003718E-38
  0.55000000E+01 -0.56625459E-24  0.49481968E-38
  0.56000000E+01 -0.53302672E-24  0.47157716E-38
  0.57000000E+01 -0.50165325E-24  0.42203124E-38
  0.58000000E+01 -0.47202679E-24  0.40053496E-38
  0.59000000E+01 -0.44404630E-24  0.34051784E-38
  0.60000000E+01 -0.41761673E-24  0.32671070E-38
  0.61000000E+01 -0.39264869E-24  0.27435274E-38
  0.62000000E+01 -0.36905806E-24  0.28809357E-38
  0.63000000E+01 -0.34676577E-24  0.23579508E-38
  0.64000000E+01 -0.32569742E-24  0.20673743E-38
  0.65000000E+01 -0.30578307E-24  0.19327625E-38
  0.66000000E+01 -0.28695693E-24  0.15544116E-38
  0.67000000E+01 -0.26915711E-24  0.14260644E-38
  0.68000000E+01 -0.25232542E-24  0.88416573E-39
  0.69000000E+01 -0.23640710E-24  0.15464597E-38
  0.70000000E+01 -0.22135067E-24  0.93223002E-39
  0.71000000E+01 -0.20710766E-24  0.72721893E-39
  0.72000000E+01 -0.19363249E-24  0.63691870E-39
  0.73000000E+01 -0.18088225E-24  0.30403022E-39
  0.74000000E+01 -0.16881656E-24  0.46591562E-39
  0.75000000E+01 -0.15739743E-24  0.51445191E-39
  0.76000000E+01 -0.14658906E-24  0.16232786E-39
  0.77000000E+01 -0.13635776E-24  0.23946800E-39
  0.78000000E+01 -0.12667182E-24  0.91763911E-40
  0.79000000E+01 -0.11750134E-24 -0.25375298E-39
  0.80000000E+01 -0.10881816E-24 -0.73407516E-40
  0.81000000E+01 -0.10059577E-24 -0.37763772E-39
  0.82000000E+01 -0.92809160E-25 -0.50095164E-39
  0.83000000E+01 -0.85434767E-25 -0.36042392E-39
  0.84000000E+01 -0.78450376E-25 -0.44958326E-39
  0.85000000E+01 -0.71835037E-25 -0.58113914E-39
  0.86000000E+01 -0.65568994E-25 -0.53189904E-39
  0.87000000E+01 -0.59633609E-25 -0.87995804E-39
  0.88000000E+01 -0.54011296E-25 -0.80159309E-39
  0.89000000E+01 -0.48685461E-25 -0.74149069E-39
  0.90000000E+01 -0.43640438E-25 -0.88489903E-39
  0.91000000E+01 -0.38861439E-25 -0.86106276E-39
  0.92000000E+01 -0.34334499E-25 -0.80317870E-39
  0.93000000E+01 -0.30046428E-25 -0.11315234E-38
  0.94000000E+01 -0.25984765E-25 -0.96490749E-39
  0.95000000E+01 -0.22137736E-25 -0.89969188E-39
  0.96000000E+01 -0.18494215E-25 -0.11024911E-38
  0.97000000E+01 -0.15043684E-25 -0.91036108E-39
  0.98000000E+01 -0.11776196E-25 -0.93940453E-39
  0.99000000E+01 -0.86823473E-26 -0.78424608E-39
  0.10000000E+02 -0.57532427E-26 -0.10117061E-38
  0.10100000E+02 -0.29804662E-26 -0.89284645E-39
  0.10200000E+02 -0.35605399E-27 -0.93487719E-39
  0.10300000E+02  0.21275311E-26 -0.10262560E-38
  0.10400000E+02  0.44774241E-26 -0.11745675E-38
  0.10500000E+02  0.67003809E-26 -0.11804141E-38
  0.10600000E+02  0.88027996E-26 -0.10190949E-38
  0.10700000E+02  0.10790740E-25 -0.99332327E-39
  0.10800000E+02  0.12669945E-25 -0.11814098E-38
  0.10900000E+02  0.14445854E-25 -0.11402339E-38
  0.11000000E+02  0.16123624E-25 -0.12385183E-38
  0.11100000E+02  0.17708143E-25 -0.11614256E-38
  0.11200000E+02  0.19204047E-25 -0.93716231E-39
  0.11300000E+02  0.20615731E-25 -0.12162877E-38
  0.11400000E+02  0.21947363E-25 -0.11918955E-38
  0.11500000E+02  0.23202899E-25 -0.10881321E-38
  0.11600000E+02  0.24386092E-25 -0.12332015E-38
  0.11700000E+02  0.25500503E-25 -0.11001013E-38
  0.11800000E+02  0.26549513E-25 -0.12619062E-38
  0.11900000E+02  0.27536332E-25 -0.11240068E-38
  0.12000000E+02  0.28464007E-25 -0.11014066E-38
  0.12100000E+02  0.29335433E-25 -0.10614235E-38
  0.12200000E+02  0.30153359E-25 -0.11734861E-38
  0.12300000E+02  0.30920396E-25 -0.10609191E-38
  0.12400000E+02  0.31639027E-25 -0.11911846E-38
  0.12500000E+02  0.32311610E-25 -0.11959350E-38
  0.12600000E+02  0.32940387E-25 -0.10646563E-38
  0.12700000E+02  0.33527490E-25 -0.10483484E-38
  0.12800000E+02  0.34074944E-25 -0.11791287E-38
  0.12900000E+02  0.34584677E-25 -0.10612007E-38
  0.13000000E+02  0.35058521E-25 -0.10354038E-38
  0.13100000E+02  0.35498221E-25 -0.11410494E-38
  0.13200000E+02  0.35905434E-25 -0.10928233E-38
  0.13300000E+02  0.36281739E-25 -0.10842171E-38
  0.13400000E+02  0.36628637E-25 -0.11178830E-38
  0.13500000E+02  0.36947560E-25 -0.10114356E-38
  0.13600000E+02  0.37239866E-25 -0.10630331E-38
  0.13700000E+02  0.37506853E-25 -0.10685544E-38
  0.13800000E+02  0.37749752E-25 -0.10155266E-38
  0.13900000E+02  0.37969741E-25 -0.10544288E-38
  0.14000000E+02  0.38167936E-25 -0.10167184E-38
  0.14100000E+02  0.38345404E-25 -0.12143991E-38
  0.14200000E+02  0.38503161E-25 -0.10727952E-38
  0.14300000E+02  0.38642173E-25 -0.10878327E-38
  0.14400000E+02  0.38763362E-25 -0.90955571E-39
  0.14500000E+02  0.38867607E-25 -0.97955170E-39
  0.14600000E+02  0.38955745E-25 -0.10252643E-38
  0.14700000E+02  0.39028574E-25 -0.99541408E-39
  0.14800000E+02  0.39086855E-25 -0.10777843E-38
  0.14900000E+02  0.39131312E-25 -0.92767508E-39
  0.15000000E+02  0.39162638E-25 -0.10510911E-38
  0.15100000E+02  0.39181492E-25 -0.10344814E-38
  0.15200000E+02  0.39188501E-25 -0.95256047E-39
  0.15300000E+02  0.39184267E-25 -0.96470318E-39
  0.15400000E+02  0.39169361E-25 -0.10379166E-38
  0.15500000E+02  0.39144329E-25 -0.88968899E-39
  0.15600000E+02  0.39109691E-25 -0.91632793E-39
  0.15700000E+02  0.39065943E-25 -0.86324406E-39
  0.15800000E+02  0.39013559E-25 -0.89203368E-39
  0.15900000E+02  0.38952992E-25 -0.94727665E-39
  0.16000000E+02  0.38884672E-25 -0.88014937E-39
  0.16100000E+02  0.38809011E-25 -0.85900070E-39
  0.16200000E+02  0.38726401E-25 -0.85371648E-39
  0.16300000E+02  0.38637218E-25 -0.88760542E-39
  0.16400000E+02  0.38541819E-25 -0.81384917E-39
  0.16500000E+02  0.38440545E-25 -0.91170569E-39
  0.16600000E+02  0.38333722E-25 -0.84479067E-39
  0.16700000E+02  0.38221662E-25 -0.95278518E-39
  0.16800000E+02  0.38104660E-25 -0.90060713E-39
  0.16900000E+02  0.37983001E-25 -0.80195908E-39
  0.17000000E+02  0.37856954E-25 -0.87903296E-39
  0.17100000E+02  0.37726777E-25 -0.85853130E-39
  0.17200000E+02  0.37592718E-25 -0.81630962E-39
  0.17300000E+02  0.37455012E-25 -0.86821578E-39
  0.17400000E+02  0.37313881E-25 -0.86971540E-39
  0.17500000E+02  0.37169542E-25 -0.84357105E-39
  0.17600000E+02  0.37022199E-25 -0.83368098E-39
  0.17700000E+02  0.36872046E-25 -0.79224426E-39
  0.17800000E+02  0.36719271E-25 -0.79637784E-39
  0.17900000E+02  0.36564050E-25 -0.79008862E-39
  0.18000000E+02  0.36406554E-25 -0.76015043E-39
  0.18100000E+02  0.36246945E-25 -0.74877816E-39
  0.18200000E+02  0.36085377E-25 -0.72191597E-39
  0.18300000E+02  0.35921998E-25 -0.78045309E-39
  0.18400000E+02  0.35756949E-25 -0.78410902E-39
  0.18500000E+02  0.35590363E-25 -0.78108211E-39
  0.18600000E+02  0.35422369E-25 -0.77752815E-39
  0.18700000E+02  0.35253089E-25 -0.76206903E-39
  0.18800000E+02  0.35082640E-25 -0.70408269E-39
  0.18900000E+02  0.34911132E-25 -0.78710425E-39
  0.19000000E+02  0.34738673E-25 -0.74162120E-39
  0.19100000E+02  0.34565362E-25 -0.68684917E-39
  0.19200000E+02  0.34391297E-25 -0.69767674E-39
  0.19300000E+02  0.34216569E-25 -0.68255297E-39
  0.19400000E+02  0.34041265E-25 -0.66421620E-39
  0.19500000E+02  0.33865470E-25 -0.71795116E-39
  0.19600000E+02  0.33689262E-25 -0.71003411E-39
  0.19700000E+02  0.33512718E-25 -0.72249990E-39
  0.19800000E+02  0.33335909E-25 -0.65092710E-39
  0.19900000E+02  0.33158904E-25 -0.62089007E-39
  0.20000000E+02  0.32981769E-25 -0.60587503E-39
  0.20100000E+02  0.32804565E-25 -0.65696197E-39
  0.20200000E+02  0.32627353E-25 -0.66315783E-39
  0.20300000E+02  0.32450187E-25 -0.60867681E-39
  0.20400000E+02  0.32273122E-25 -0.62005081E-39
  0.20500000E+02  0.32096209E-25 -0.60582488E-39
  0.20600000E+02  0.31919495E-25 -0.69811310E-39
  0.20700000E+02  0.31743027E-25 -0.63648989E-39
  0.20800000E+02  0.31566849E-25 -0.59250062E-39
  0.20900000E+02  0.31391002E-25 -0.60292147E-39
  0.21000000E+02  0.31215524E-25 -0.60132349E-39
  0.21100000E+02  0.31040454E-25 -0.61707711E-39
  0.21200000E+02  0.30865827E-25 -0.64810709E-39
  0.21300000E+02  0.30691675E-25 -0.64446052E-39
  0.21400000E+02  0.30518031E-25 -0.59915282E-39
  0.21500000E+02  0.30344925E-25 -0.67182011E-39
  0.21600000E+02  0.30172385E-25 -0.60488461E-39
  0.21700000E+02  0.30000437E-25 -0.60907574E-39
  0.21800000E+02  0.29829108E-25 -0.63185356E-39
  0.21900000E+02  0.29658420E-25 -0.58796974E-39
  0.22000000E+02  0.29488396E-25 -0.63638180E-39
  0.22100000E+02  0.29319058E-25 -0.55966878E-39
  0.22200000E+02  0.29150425E-25 -0.54423773E-39
  0.22300000E+02  0.28982516E-25 -0.56229195E-39
  0.22400000E+02  0.28815349E-25 -0.54949801E-39
  0.22500000E+02  0.28648940E-25 -0.53068242E-39
  0.22600000E+02  0.28483304E-25 -0.51191889E-39
  0.22700000E+02  0.28318457E-25 -0.57527645E-39
  0.22800000E+02  0.28154411E-25 -0.50902184E-39
  0.22900000E+02  0.27991178E-25 -0.53906592E-39
  0.23000000E+02  0.27828772E-25 -0.54253905E-39
  0.23100000E+02  0.27667202E-25 -0.55705845E-39
  0.23200000E+02  0.27506478E-25 -0.53615666E-39
  0.23300000E+02  0.27346611E-25 -0.54388394E-39
  0.23400000E+02  0.27187607E-25 -0.54901397E-39
  0.23500000E+02  0.27029476E-25 -0.47526612E-39
  0.23600000E+02  0.26872224E-25 -0.48860247E-39
  0.23700000E+02  0.26715858E-25 -0.49452797E-39
  0.23800000E+02  0.26560384E-25 -0.52003567E-39
  0.23900000E+02  0.26405806E-25 -0.54693487E-39
  0.24000000E+02  0.26252131E-25 -0.49906568E-39
  0.24100000E+02  0.26099362E-25 -0.49771636E-39
  0.24200000E+02  0.25947503E-25 -0.52497045E-39
  0.24300000E+02  0.25796556E-25 -0.53801231E-39
  0.24400000E+02  0.25646526E-25 -0.52529245E-39
  0.24500000E+02  0.25497414E-25 -0.52322958E-39
  0.24600000E+02  0.25349222E-25 -0.46775499E-39
  0.24700000E+02  0.25201952E-25 -0.47468619E-39
  0.24800000E+02  0.25055605E-25 -0.43763871E-39
  0.24900000E+02  0.24910181E-25 -0.48891069E-39
  0.25000000E+02  0.24765681E-25 -0.47404784E-39
  0.25100000E+02  0.24622106E-25 -0.46000842E-39
  0.25200000E+02  0.24479454E-25 -0.43811072E-39
  0.25300000E+02  0.24337725E-25 -0.50813210E-39
  0.25400000E+02  0.24196920E-25 -0.45388900E-39
  0.25500000E+02  0.24057035E-25 -0.44609237E-39
  0.25600000E+02  0.23918071E-25 -0.46090435E-39
  0.25700000E+02  0.23780025E-25 -0.43699976E-39
  0.25800000E+02  0.23642896E-25 -0.40960027E-39
  0.25900000E+02  0.23506682E-25 -0.47312054E-39
  0.26000000E+02  0.23371380E-25 -0.44630650E-39
  0.26100000E+02  0.23236988E-25 -0.41408611E-39
  0.26200000E+02  0.23103503E-25 -0.43470782E-39
  0.26300000E+02  0.22970923E-25 -0.41552137E-39
  0.26400000E+02  0.22839244E-25 -0.44995727E-39
  0.26500000E+02  0.22708463E-25 -0.42009992E-39
  0.26600000E+02  0.22578578E-25 -0.40678935E-39
  0.26700000E+02  0.22449584E-25 -0.41624899E-39
  0.26800000E+02  0.22321477E-25 -0.40114602E-39
  0.26900000E+02  0.22194255E-25 -0.41690039E-39
  0.27000000E+02  0.22067914E-25 -0.41185801E-39
  0.27100000E+02  0.21942448E-25 -0.39211396E-39
  0.27200000E+02  0.21817855E-25 -0.40456409E-39
  0.27300000E+02  0.21694130E-25 -0.40919795E-39
  0.27400000E+02  0.21571269E-25 -0.36919003E-39
  0.27500000E+02  0.21449267E-25 -0.39737097E-39
  0.27600000E+02  0.21328121E-25 -0.42422178E-39
  0.27700000E+02  0.21207825E-25 -0.39649586E-39
  0.27800000E+02  0.21088375E-25 -0.42405012E-39
  0.27900000E+02  0.20969766E-25 -0.37409726E-39
  0.28000000E+02  0.20851994E-25 -0.40743441E-39
  0.28100000E+02  0.20735053E-25 -0.37232139E-39
  0.28200000E+02  0.20618940E-25 -0.36470425E-39
  0.28300000E+02  0.20503649E-25 -0.34820984E-39
  0.28400000E+02  0.20389174E-25 -0.38761253E-39
  0.28500000E+02  0.20275513E-25 -0.38751613E-39
  0.28600000E+02  0.20162658E-25 -0.35969067E-39
  0.28700000E+02  0.20050605E-25 -0.37433861E-39
  0.28800000E+02  0.19939350E-25 -0.35134470E-39
  0.28900000E+02  0.19828886E-25 -0.34559385E-39
  0.29000000E+02  0.19719209E-25 -0.36645908E-39
  0.29100000E+02  0.19610315E-25 -0.38198370E-39
  0.29200000E+02  0.19502196E-25 -0.37707704E-39
  0.29300000E+02  0.19394849E-25 -0.35156728E-39
  0.29400000E+02  0.19288268E-25 -0.35287371E-39
  0.29500000E+02  0.19182449E-25 -0.35469070E-39
  0.29600000E+02  0.19077384E-25 -0.36655139E-39
  0.29700000E+02  0.18973071E-25 -0.34756745E-39
  0.29800000E+02  0.18869503E-25 -0.36745632E-39
  0.29900000E+02  0.18766675E-25 -0.34121311E-39
  0.30000000E+02  0.18664582E-25 -0.33282748E-39
  0.30100000E+02  0.18563218E-25 -0.33055341E-39
  0.30200000E+02  0.18462579E-25 -0.36051788E-39
  0.30300000E+02  0.18362659E-25 -0.32104865E-39
  0.30400000E+02  0.18263453E-25 -0.33863025E-39
  0.30500000E+02  0.18164956E-25 -0.29487895E-39
  0.30600000E+02  0.18067163E-25 -0.34085324E-39
  0.30700000E+02  0.17970068E-25 -0.33925134E-39
  0.30800000E+02  0.17873666E-25 -0.32789991E-39
  0.30900000E+02  0.17777952E-25 -0.35727376E-39
  0.31000000E+02  0.17682922E-25 -0.33827403E-39
  0.31100000E+02  0.17588569E-25 -0.32621603E-39
  0.31200000E+02  0.17494889E-25 -0.30451821E-39
  0.31300000E+02  0.17401876E-25 -0.28657347E-39
  0.31400000E+02  0.17309527E-25 -0.29670281E-39
  0.31500000E+02  0.17217834E-25 -0.28797300E-39
  0.31600000E+02  0.17126794E-25 -0.30802650E-39
  0.31700000E+02  0.17036402E-25 -0.30703678E-39
  0.31800000E+02  0.16946652E-25 -0.31909782E-39
  0.31900000E+02  0.16857540E-25 -0.32575001E-39
  0.32000000E+02  0.16769060E-25 -0.29785262E-39
  0.32100000E+02  0.16681208E-25 -0.32145126E-39
  0.32200000E+02  0.16593979E-25 -0.28606570E-39
  0.32300000E+02  0.16507368E-25 -0.30505997E-39
  0.32400000E+02  0.16421370E-25 -0.32056535E-39
  0.32500000E+02  0.16335980E-25 -0.30507523E-39
  0.32600000E+02  0.16251193E-25 -0.29619473E-39
  0.32700000E+02  0.16167006E-25 -0.29148349E-39
  0.32800000E+02  0.16083412E-25 -0.30243612E-39
  0.32900000E+02  0.16000408E-25 -0.30407304E-39
  0.33000000E+02  0.15917988E-25 -0.31651097E-39
  0.33100000E+02  0.15836148E-25 -0.28998189E-39
  0.33200000E+02  0.15754884E-25 -0.29266291E-39
  0.33300000E+02  0.15674190E-25 -0.28008645E-39
  0.33400000E+02  0.15594063E-25 -0.26516226E-39
  0.33500000E+02  0.15514497E-25 -0.26644922E-39
  0.33600000E+02  0.15435488E-25 -0.26510645E-39
  0.33700000E+02  0.15357032E-25 -0.27511183E-39
  0.33800000E+02  0.15279125E-25 -0.27324622E-39
  0.33900000E+02  0.15201761E-25 -0.29898216E-39
  0.34000000E+02  0.15124937E-25 -0.27708999E-39
  0.34100000E+02  0.15048648E-25 -0.27499716E-39
  0.34200000E+02  0.14972890E-25 -0.28501891E-39
  0.34300000E+02  0.14897658E-25 -0.25352351E-39
  0.34400000E+02  0.14822949E-25 -0.29969253E-39
  0.34500000E+02  0.14748758E-25 -0.26713644E-39
  0.34600000E+02  0.14675081E-25 -0.25717625E-39
  0.34700000E+02  0.14601913E-25 -0.27605193E-39
  0.34800000E+02  0.14529251E-25 -0.26585524E-39
  0.34900000E+02  0.14457091E-25 -0.28435647E-39
  0.35000000E+02  0.14385428E-25 -0.27215502E-39
  0.35100000E+02  0.14314258E-25 -0.25519970E-39
  0.35200000E+02  0.14243578E-25 -0.25745359E-39
  0.35300000E+02  0.14173383E-25 -0.27054528E-39
  0.35400000E+02  0.14103670E-25 -0.23914432E-39
  0.35500000E+02  0.14034434E-25 -0.24316885E-39
  0.35600000E+02  0.13965673E-25 -0.24893045E-39
  0.35700000E+02  0.13897381E-25 -0.26802568E-39
  0.35800000E+02  0.13829555E-25 -0.26985535E-39
  0.35900000E+02  0.13762191E-25 -0.24360224E-39
  0.36000000E+02  0.13695286E-25 -0.24528092E-39
  0.36100000E+02  0.13628835E-25 -0.24943143E-39
  0.36200000E+02  0.13562836E-25 -0.23057019E-39
  0.36300000E+02  0.13497284E-25 -0.23775013E-39
  0.36400000E+02  0.13432176E-25 -0.21650052E-39
  0.36500000E+02  0.13367508E-25 -0.22098135E-39
  0.36600000E+02  0.13303276E-25 -0.22600168E-39
  0.36700000E+02  0.13239478E-25 -0.25509466E-39
  0.36800000E+02  0.13176109E-25 -0.22437797E-39
  0.36900000E+02  0.13113167E-25 -0.24228024E-39
  0.37000000E+02  0.13050646E-25 -0.25685398E-39
  0.37100000E+02  0.12988545E-25 -0.22063491E-39
  0.37200000E+02  0.12926860E-25 -0.20010608E-39
  0.37300000E+02  0.12865587E-25 -0.22755097E-39
  0.37400000E+02  0.12804723E-25 -0.22366343E-39
  0.37500000E+02  0.12744265E-25 -0.22239126E-39
  0.37600000E+02  0.12684210E-25 -0.23527644E-39
  0.37700000E+02  0.12624553E-25 -0.22703486E-39
  0.37800000E+02  0.12565293E-25 -0.20315439E-39
  0.37900000E+02  0.12506425E-25 -0.22056996E-39
  0.38000000E+02  0.12447947E-25 -0.22084398E-39
  0.38100000E+02  0.12389855E-25 -0.22281830E-39
  0.38200000E+02  0.12332146E-25 -0.21706455E-39
  0.38300000E+02  0.12274818E-25 -0.21955648E-39
  0.38400000E+02  0.12217867E-25 -0.21417068E-39
  0.38500000E+02  0.12161290E-25 -0.22571115E-39
  0.38600000E+02  0.12105084E-25 -0.22328689E-39
  0.38700000E+02  0.12049246E-25 -0.21559037E-39
  0.38800000E+02  0.11993774E-25 -0.19774769E-39
  0.38900000E+02  0.11938663E-25 -0.20452774E-39
  0.39000000E+02  0.11883912E-25 -0.21256039E-39
  0.39100000E+02  0.11829517E-25 -0.21164883E-39
  0.39200000E+02  0.11775476E-25 -0.20957761E-39
  0.39300000E+02  0.11721785E-25 -0.19774119E-39
  0.39400000E+02  0.11668443E-25 -0.20659444E-39
  0.39500000E+02  0.11615445E-25 -0.20586820E-39
  0.39600000E+02  0.11562790E-25 -0.19636309E-39
  0.39700000E+02  0.11510475E-25 -0.20700955E-39
  0.39800000E+02  0.11458496E-25 -0.20523681E-39
  0.39900000E+02  0.11406852E-25 -0.20446254E-39
  0.40000000E+02  0.11355539E-25 -0.21123692E-39
