  0.00000000E+00  0.10961181E-18  0.92611569E-36
  0.10000000E+00  0.10951832E-18  0.92535648E-36
  0.20000000E+00  0.10923953E-18  0.92306273E-36
  0.30000000E+00  0.10878031E-18  0.91919181E-36
  0.40000000E+00  0.10814844E-18  0.91368988E-36
  0.50000000E+00  0.10735407E-18  0.90651135E-36
  0.60000000E+00  0.10640915E-18  0.89763657E-36
  0.70000000E+00  0.10532684E-18  0.88708360E-36
  0.80000000E+00  0.10412096E-18  0.87491245E-36
  0.90000000E+00  0.10280556E-18  0.86122261E-36
  0.10000000E+01  0.10139448E-18  0.84614601E-36
  0.11000000E+01  0.99901124E-19  0.82983775E-36
  0.12000000E+01  0.98338234E-19  0.81246653E-36
  0.13000000E+01  0.96717750E-19  0.79420602E-36
  0.14000000E+01  0.95050738E-19  0.77522790E-36
  0.15000000E+01  0.93347351E-19  0.75569663E-36
  0.16000000E+01  0.91616823E-19  0.73576592E-36
  0.17000000E+01  0.89867489E-19  0.71557659E-36
  0.18000000E+01  0.88106820E-19  0.69525553E-36
  0.19000000E+01  0.86341469E-19  0.67491547E-36
  0.20000000E+01  0.84577326E-19  0.65465526E-36
  0.21000000E+01  0.82819568E-19  0.63456061E-36
  0.22000000E+01  0.81072722E-19  0.61470494E-36
  0.23000000E+01  0.79340718E-19  0.59515038E-36
  0.24000000E+01  0.77626946E-19  0.57594885E-36
  0.25000000E+01  0.75934305E-19  0.55714306E-36
  0.26000000E+01  0.74265253E-19  0.53876749E-36
  0.27000000E+01  0.72621852E-19  0.52084935E-36
  0.28000000E+01  0.71005813E-19  0.50340940E-36
  0.29000000E+01  0.69418529E-19  0.48646278E-36
  0.30000000E+01  0.67861114E-19  0.47001973E-36
  0.31000000E+01  0.66334435E-19  0.45408621E-36
  0.32000000E+01  0.64839140E-19  0.43866452E-36
  0.33000000E+01  0.63375685E-19  0.42375380E-36
  0.34000000E+01  0.61944355E-19  0.40935054E-36
  0.35000000E+01  0.60545291E-19  0.39544895E-36
  0.36000000E+01  0.59178502E-19  0.38204139E-36
  0.37000000E+01  0.57843888E-19  0.36911862E-36
  0.38000000E+01  0.56541252E-19  0.35667020E-36
  0.39000000E+01  0.55270315E-19  0.34468462E-36
  0.40000000E+01  0.54030725E-19  0.33314963E-36
  0.41000000E+01  0.52822073E-19  0.32205237E-36
  0.42000000E+01  0.51643898E-19  0.31137956E-36
  0.43000000E+01  0.50495700E-19  0.30111764E-36
  0.44000000E+01  0.49376940E-19  0.29125290E-36
  0.45000000E+01  0.48287056E-19  0.28177158E-36
  0.46000000E+01  0.47225461E-19  0.27265997E-36
  0.47000000E+01  0.46191552E-19  0.26390447E-36
  0.48000000E+01  0.45184714E-19  0.25549167E-36
  0.49000000E+01  0.44204324E-19  0.24740838E-36
  0.50000000E+01  0.43249751E-19  0.23964170E-36
  0.51000000E+01  0.42320367E-19  0.23217903E-36
  0.52000000E+01  0.41415539E-19  0.22500811E-36
  0.53000000E+01  0.40534641E-19  0.21811703E-36
  0.54000000E+01  0.39677048E-19  0.21149426E-36
  0.55000000E+01  0.38842146E-19  0.20512864E-36
  0.56000000E+01  0.38029323E-19  0.19900939E-36
  0.57000000E+01  0.37237980E-19  0.19312614E-36
  0.58000000E+01  0.36467525E-19  0.18746888E-36
  0.59000000E+01  0.35717380E-19  0.18202801E-36
  0.60000000E+01  0.34986974E-19  0.17679429E-36
  0.61000000E+01  0.34275750E-19  0.17175885E-36
  0.62000000E+01  0.33583163E-19  0.16691320E-36
  0.63000000E+01  0.32908680E-19  0.16224919E-36
  0.64000000E+01  0.32251782E-19  0.15775904E-36
  0.65000000E+01  0.31611961E-19  0.15343528E-36
  0.66000000E+01  0.30988723E-19  0.14927077E-36
  0.67000000E+01  0.30381586E-19  0.14525869E-36
  0.68000000E+01  0.29790081E-19  0.14139253E-36
  0.69000000E+01  0.29213752E-19  0.13766605E-36
  0.70000000E+01  0.28652157E-19  0.13407330E-36
  0.71000000E+01  0.28104864E-19  0.13060861E-36
  0.72000000E+01  0.27571454E-19  0.12726655E-36
  0.73000000E+01  0.27051522E-19  0.12404195E-36
  0.74000000E+01  0.26544673E-19  0.12092985E-36
  0.75000000E+01  0.26050524E-19  0.11792557E-36
  0.76000000E+01  0.25568704E-19  0.11502458E-36
  0.77000000E+01  0.25098853E-19  0.11222260E-36
  0.78000000E+01  0.24640621E-19  0.10951554E-36
  0.79000000E+01  0.24193670E-19  0.10689949E-36
  0.80000000E+01  0.23757671E-19  0.10437072E-36
  0.81000000E+01  0.23332306E-19  0.10192567E-36
  0.82000000E+01  0.22917268E-19  0.99560946E-37
  0.83000000E+01  0.22512257E-19  0.97273307E-37
  0.84000000E+01  0.22116985E-19  0.95059662E-37
  0.85000000E+01  0.21731170E-19  0.92917058E-37
  0.86000000E+01  0.21354541E-19  0.90842677E-37
  0.87000000E+01  0.20986835E-19  0.88833827E-37
  0.88000000E+01  0.20627798E-19  0.86887940E-37
  0.89000000E+01  0.20277183E-19  0.85002562E-37
  0.90000000E+01  0.19934749E-19  0.83175346E-37
  0.91000000E+01  0.19600267E-19  0.81404055E-37
  0.92000000E+01  0.19273512E-19  0.79686548E-37
  0.93000000E+01  0.18954267E-19  0.78020780E-37
  0.94000000E+01  0.18642321E-19  0.76404794E-37
  0.95000000E+01  0.18337471E-19  0.74836723E-37
  0.96000000E+01  0.18039518E-19  0.73314777E-37
  0.97000000E+01  0.17748274E-19  0.71837247E-37
  0.98000000E+01  0.17463551E-19  0.70402498E-37
  0.99000000E+01  0.17185171E-19  0.69008963E-37
  0.10000000E+02  0.16912960E-19  0.67655145E-37
  0.10100000E+02  0.16646749E-19  0.66339608E-37
  0.10200000E+02  0.16386376E-19  0.65060981E-37
  0.10300000E+02  0.16131682E-19  0.63817947E-37
  0.10400000E+02  0.15882515E-19  0.62609246E-37
  0.10500000E+02  0.15638726E-19  0.61433671E-37
  0.10600000E+02  0.15400171E-19  0.60290065E-37
  0.10700000E+02  0.15166711E-19  0.59177319E-37
  0.10800000E+02  0.14938210E-19  0.58094368E-37
  0.10900000E+02  0.14714538E-19  0.57040194E-37
  0.11000000E+02  0.14495567E-19  0.56013816E-37
  0.11100000E+02  0.14281176E-19  0.55014297E-37
  0.11200000E+02  0.14071243E-19  0.54040735E-37
  0.11300000E+02  0.13865654E-19  0.53092264E-37
  0.11400000E+02  0.13664296E-19  0.52168055E-37
  0.11500000E+02  0.13467060E-19  0.51267310E-37
  0.11600000E+02  0.13273841E-19  0.50389261E-37
  0.11700000E+02  0.13084536E-19  0.49533173E-37
  0.11800000E+02  0.12899046E-19  0.48698338E-37
  0.11900000E+02  0.12717274E-19  0.47884076E-37
  0.12000000E+02  0.12539127E-19  0.47089731E-37
  0.12100000E+02  0.12364514E-19  0.46314676E-37
  0.12200000E+02  0.12193347E-19  0.45558304E-37
  0.12300000E+02  0.12025539E-19  0.44820033E-37
  0.12400000E+02  0.11861009E-19  0.44099303E-37
  0.12500000E+02  0.11699675E-19  0.43395573E-37
  0.12600000E+02  0.11541459E-19  0.42708326E-37
  0.12700000E+02  0.11386285E-19  0.42037059E-37
  0.12800000E+02  0.11234079E-19  0.41381290E-37
  0.12900000E+02  0.11084770E-19  0.40740557E-37
  0.13000000E+02  0.10938287E-19  0.40114410E-37
  0.13100000E+02  0.10794562E-19  0.39502418E-37
  0.13200000E+02  0.10653531E-19  0.38904165E-37
  0.13300000E+02  0.10515129E-19  0.38319251E-37
  0.13400000E+02  0.10379294E-19  0.37747288E-37
  0.13500000E+02  0.10245966E-19  0.37187902E-37
  0.13600000E+02  0.10115085E-19  0.36640733E-37
  0.13700000E+02  0.99865951E-20  0.36105435E-37
  0.13800000E+02  0.98604404E-20  0.35581670E-37
  0.13900000E+02  0.97365669E-20  0.35069115E-37
  0.14000000E+02  0.96149222E-20  0.34567457E-37
  0.14100000E+02  0.94954552E-20  0.34076393E-37
  0.14200000E+02  0.93781163E-20  0.33595631E-37
  0.14300000E+02  0.92628571E-20  0.33124889E-37
  0.14400000E+02  0.91496307E-20  0.32663893E-37
  0.14500000E+02  0.90383913E-20  0.32212381E-37
  0.14600000E+02  0.89290944E-20  0.31770096E-37
  0.14700000E+02  0.88216967E-20  0.31336793E-37
  0.14800000E+02  0.87161561E-20  0.30912232E-37
  0.14900000E+02  0.86124314E-20  0.30496182E-37
  0.15000000E+02  0.85104829E-20  0.30088420E-37
  0.15100000E+02  0.84102715E-20  0.29688730E-37
  0.15200000E+02  0.83117593E-20  0.29296901E-37
  0.15300000E+02  0.82149095E-20  0.28912733E-37
  0.15400000E+02  0.81196862E-20  0.28536027E-37
  0.15500000E+02  0.80260544E-20  0.28166595E-37
  0.15600000E+02  0.79339799E-20  0.27804251E-37
  0.15700000E+02  0.78434295E-20  0.27448817E-37
  0.15800000E+02  0.77543709E-20  0.27100120E-37
  0.15900000E+02  0.76667726E-20  0.26757993E-37
  0.16000000E+02  0.75806037E-20  0.26422273E-37
  0.16100000E+02  0.74958344E-20  0.26092802E-37
  0.16200000E+02  0.74124354E-20  0.25769427E-37
  0.16300000E+02  0.73303783E-20  0.25452000E-37
  0.16400000E+02  0.72496352E-20  0.25140378E-37
  0.16500000E+02  0.71701792E-20  0.24834420E-37
  0.16600000E+02  0.70919838E-20  0.24533991E-37
  0.16700000E+02  0.70150233E-20  0.24238961E-37
  0.16800000E+02  0.69392726E-20  0.23949200E-37
  0.16900000E+02  0.68647072E-20  0.23664585E-37
  0.17000000E+02  0.67913032E-20  0.23384997E-37
  0.17100000E+02  0.67190372E-20  0.23110317E-37
  0.17200000E+02  0.66478866E-20  0.22840433E-37
  0.17300000E+02  0.65778291E-20  0.22575234E-37
  0.17400000E+02  0.65088431E-20  0.22314613E-37
  0.17500000E+02  0.64409074E-20  0.22058466E-37
  0.17600000E+02  0.63740014E-20  0.21806691E-37
  0.17700000E+02  0.63081049E-20  0.21559191E-37
  0.17800000E+02  0.62431982E-20  0.21315869E-37
  0.17900000E+02  0.61792622E-20  0.21076633E-37
  0.18000000E+02  0.61162781E-20  0.20841392E-37
  0.18100000E+02  0.60542276E-20  0.20610058E-37
  0.18200000E+02  0.59930928E-20  0.20382546E-37
  0.18300000E+02  0.59328561E-20  0.20158771E-37
  0.18400000E+02  0.58735006E-20  0.19938654E-37
  0.18500000E+02  0.58150095E-20  0.19722115E-37
  0.18600000E+02  0.57573666E-20  0.19509077E-37
  0.18700000E+02  0.57005559E-20  0.19299466E-37
  0.18800000E+02  0.56445619E-20  0.19093209E-37
  0.18900000E+02  0.55893693E-20  0.18890235E-37
  0.19000000E+02  0.55349634E-20  0.18690475E-37
  0.19100000E+02  0.54813295E-20  0.18493861E-37
  0.19200000E+02  0.54284535E-20  0.18300329E-37
  0.19300000E+02  0.53763215E-20  0.18109814E-37
  0.19400000E+02  0.53249199E-20  0.17922255E-37
  0.19500000E+02  0.52742354E-20  0.17737590E-37
  0.19600000E+02  0.52242551E-20  0.17555761E-37
  0.19700000E+02  0.51749663E-20  0.17376710E-37
  0.19800000E+02  0.51263564E-20  0.17200381E-37
  0.19900000E+02  0.50784135E-20  0.17026719E-37
  0.20000000E+02  0.50311256E-20  0.16855671E-37
  0.20100000E+02  0.49844811E-20  0.16687184E-37
  0.20200000E+02  0.49384685E-20  0.16521209E-37
  0.20300000E+02  0.48930769E-20  0.16357696E-37
  0.20400000E+02  0.48482953E-20  0.16196595E-37
  0.20500000E+02  0.48041130E-20  0.16037861E-37
  0.20600000E+02  0.47605197E-20  0.15881447E-37
  0.20700000E+02  0.47175050E-20  0.15727309E-37
  0.20800000E+02  0.46750590E-20  0.15575402E-37
  0.20900000E+02  0.46331720E-20  0.15425683E-37
  0.21000000E+02  0.45918344E-20  0.15278112E-37
  0.21100000E+02  0.45510367E-20  0.15132647E-37
  0.21200000E+02  0.45107698E-20  0.14989248E-37
  0.21300000E+02  0.44710247E-20  0.14847876E-37
  0.21400000E+02  0.44317926E-20  0.14708495E-37
  0.21500000E+02  0.43930648E-20  0.14571066E-37
  0.21600000E+02  0.43548330E-20  0.14435553E-37
  0.21700000E+02  0.43170889E-20  0.14301921E-37
  0.21800000E+02  0.42798243E-20  0.14170135E-37
  0.21900000E+02  0.42430313E-20  0.14040162E-37
  0.22000000E+02  0.42067021E-20  0.13911968E-37
  0.22100000E+02  0.41708292E-20  0.13785522E-37
  0.22200000E+02  0.41354049E-20  0.13660791E-37
  0.22300000E+02  0.41004221E-20  0.13537745E-37
  0.22400000E+02  0.40658735E-20  0.13416354E-37
  0.22500000E+02  0.40317522E-20  0.13296588E-37
  0.22600000E+02  0.39980511E-20  0.13178418E-37
  0.22700000E+02  0.39647636E-20  0.13061817E-37
  0.22800000E+02  0.39318830E-20  0.12946756E-37
  0.22900000E+02  0.38994029E-20  0.12833208E-37
  0.23000000E+02  0.38673168E-20  0.12721148E-37
  0.23100000E+02  0.38356186E-20  0.12610549E-37
  0.23200000E+02  0.38043020E-20  0.12501386E-37
  0.23300000E+02  0.37733612E-20  0.12393634E-37
  0.23400000E+02  0.37427902E-20  0.12287270E-37
  0.23500000E+02  0.37125832E-20  0.12182269E-37
  0.23600000E+02  0.36827346E-20  0.12078609E-37
  0.23700000E+02  0.36532388E-20  0.11976266E-37
  0.23800000E+02  0.36240904E-20  0.11875218E-37
  0.23900000E+02  0.35952839E-20  0.11775444E-37
  0.24000000E+02  0.35668143E-20  0.11676923E-37
  0.24100000E+02  0.35386763E-20  0.11579633E-37
  0.24200000E+02  0.35108648E-20  0.11483554E-37
  0.24300000E+02  0.34833750E-20  0.11388666E-37
  0.24400000E+02  0.34562019E-20  0.11294950E-37
  0.24500000E+02  0.34293408E-20  0.11202386E-37
  0.24600000E+02  0.34027870E-20  0.11110955E-37
  0.24700000E+02  0.33765358E-20  0.11020640E-37
  0.24800000E+02  0.33505828E-20  0.10931422E-37
  0.24900000E+02  0.33249236E-20  0.10843283E-37
  0.25000000E+02  0.32995537E-20  0.10756206E-37
  0.25100000E+02  0.32744690E-20  0.10670174E-37
  0.25200000E+02  0.32496652E-20  0.10585170E-37
  0.25300000E+02  0.32251381E-20  0.10501179E-37
  0.25400000E+02  0.32008839E-20  0.10418184E-37
  0.25500000E+02  0.31768984E-20  0.10336169E-37
  0.25600000E+02  0.31531777E-20  0.10255119E-37
  0.25700000E+02  0.31297181E-20  0.10175019E-37
  0.25800000E+02  0.31065158E-20  0.10095854E-37
  0.25900000E+02  0.30835671E-20  0.10017610E-37
  0.26000000E+02  0.30608683E-20  0.99402728E-38
  0.26100000E+02  0.30384159E-20  0.98638279E-38
  0.26200000E+02  0.30162064E-20  0.97882618E-38
  0.26300000E+02  0.29942363E-20  0.97135612E-38
  0.26400000E+02  0.29725023E-20  0.96397128E-38
  0.26500000E+02  0.29510009E-20  0.95667038E-38
  0.26600000E+02  0.29297290E-20  0.94945216E-38
  0.26700000E+02  0.29086834E-20  0.94231536E-38
  0.26800000E+02  0.28878609E-20  0.93525877E-38
  0.26900000E+02  0.28672583E-20  0.92828119E-38
  0.27000000E+02  0.28468726E-20  0.92138144E-38
  0.27100000E+02  0.28267009E-20  0.91455838E-38
  0.27200000E+02  0.28067402E-20  0.90781087E-38
  0.27300000E+02  0.27869876E-20  0.90113780E-38
  0.27400000E+02  0.27674402E-20  0.89453808E-38
  0.27500000E+02  0.27480953E-20  0.88801064E-38
  0.27600000E+02  0.27289501E-20  0.88155442E-38
  0.27700000E+02  0.27100018E-20  0.87516840E-38
  0.27800000E+02  0.26912479E-20  0.86885156E-38
  0.27900000E+02  0.26726857E-20  0.86260290E-38
  0.28000000E+02  0.26543126E-20  0.85642146E-38
  0.28100000E+02  0.26361261E-20  0.85030625E-38
  0.28200000E+02  0.26181238E-20  0.84425636E-38
  0.28300000E+02  0.26003031E-20  0.83827084E-38
  0.28400000E+02  0.25826617E-20  0.83234879E-38
  0.28500000E+02  0.25651971E-20  0.82648931E-38
  0.28600000E+02  0.25479071E-20  0.82069152E-38
  0.28700000E+02  0.25307894E-20  0.81495457E-38
  0.28800000E+02  0.25138417E-20  0.80927760E-38
  0.28900000E+02  0.24970618E-20  0.80365979E-38
  0.29000000E+02  0.24804475E-20  0.79810030E-38
  0.29100000E+02  0.24639967E-20  0.79259834E-38
  0.29200000E+02  0.24477072E-20  0.78715312E-38
  0.29300000E+02  0.24315769E-20  0.78176385E-38
  0.29400000E+02  0.24156039E-20  0.77642978E-38
  0.29500000E+02  0.23997861E-20  0.77115015E-38
  0.29600000E+02  0.23841215E-20  0.76592423E-38
  0.29700000E+02  0.23686082E-20  0.76075128E-38
  0.29800000E+02  0.23532443E-20  0.75563060E-38
  0.29900000E+02  0.23380277E-20  0.75056148E-38
  0.30000000E+02  0.23229568E-20  0.74554324E-38
  0.30100000E+02  0.23080297E-20  0.74057519E-38
  0.30200000E+02  0.22932445E-20  0.73565666E-38
  0.30300000E+02  0.22785994E-20  0.73078701E-38
  0.30400000E+02  0.22640929E-20  0.72596558E-38
  0.30500000E+02  0.22497230E-20  0.72119175E-38
  0.30600000E+02  0.22354881E-20  0.71646488E-38
  0.30700000E+02  0.22213866E-20  0.71178436E-38
  0.30800000E+02  0.22074168E-20  0.70714959E-38
  0.30900000E+02  0.21935771E-20  0.70255997E-38
  0.31000000E+02  0.21798658E-20  0.69801492E-38
  0.31100000E+02  0.21662815E-20  0.69351387E-38
  0.31200000E+02  0.21528226E-20  0.68905624E-38
  0.31300000E+02  0.21394875E-20  0.68464148E-38
  0.31400000E+02  0.21262747E-20  0.68026905E-38
  0.31500000E+02  0.21131829E-20  0.67593840E-38
  0.31600000E+02  0.21002104E-20  0.67164900E-38
  0.31700000E+02  0.20873559E-20  0.66740032E-38
  0.31800000E+02  0.20746180E-20  0.66319187E-38
  0.31900000E+02  0.20619952E-20  0.65902312E-38
  0.32000000E+02  0.20494863E-20  0.65489359E-38
  0.32100000E+02  0.20370898E-20  0.65080278E-38
  0.32200000E+02  0.20248044E-20  0.64675020E-38
  0.32300000E+02  0.20126288E-20  0.64273539E-38
  0.32400000E+02  0.20005618E-20  0.63875787E-38
  0.32500000E+02  0.19886020E-20  0.63481719E-38
  0.32600000E+02  0.19767482E-20  0.63091289E-38
  0.32700000E+02  0.19649991E-20  0.62704452E-38
  0.32800000E+02  0.19533535E-20  0.62321165E-38
  0.32900000E+02  0.19418103E-20  0.61941383E-38
  0.33000000E+02  0.19303682E-20  0.61565066E-38
  0.33100000E+02  0.19190261E-20  0.61192170E-38
  0.33200000E+02  0.19077827E-20  0.60822654E-38
  0.33300000E+02  0.18966371E-20  0.60456477E-38
  0.33400000E+02  0.18855881E-20  0.60093600E-38
  0.33500000E+02  0.18746345E-20  0.59733982E-38
  0.33600000E+02  0.18637753E-20  0.59377585E-38
  0.33700000E+02  0.18530094E-20  0.59024371E-38
  0.33800000E+02  0.18423357E-20  0.58674301E-38
  0.33900000E+02  0.18317532E-20  0.58327338E-38
  0.34000000E+02  0.18212610E-20  0.57983447E-38
  0.34100000E+02  0.18108578E-20  0.57642590E-38
  0.34200000E+02  0.18005429E-20  0.57304732E-38
  0.34300000E+02  0.17903151E-20  0.56969837E-38
  0.34400000E+02  0.17801735E-20  0.56637872E-38
  0.34500000E+02  0.17701172E-20  0.56308803E-38
  0.34600000E+02  0.17601452E-20  0.55982595E-38
  0.34700000E+02  0.17502565E-20  0.55659215E-38
  0.34800000E+02  0.17404503E-20  0.55338631E-38
  0.34900000E+02  0.17307257E-20  0.55020812E-38
  0.35000000E+02  0.17210817E-20  0.54705724E-38
  0.35100000E+02  0.17115174E-20  0.54393337E-38
  0.35200000E+02  0.17020321E-20  0.54083620E-38
  0.35300000E+02  0.16926248E-20  0.53776543E-38
  0.35400000E+02  0.16832947E-20  0.53472075E-38
  0.35500000E+02  0.16740409E-20  0.53170188E-38
  0.35600000E+02  0.16648627E-20  0.52870852E-38
  0.35700000E+02  0.16557591E-20  0.52574039E-38
  0.35800000E+02  0.16467295E-20  0.52279720E-38
  0.35900000E+02  0.16377731E-20  0.51987867E-38
  0.36000000E+02  0.16288889E-20  0.51698453E-38
  0.36100000E+02  0.16200763E-20  0.51411450E-38
  0.36200000E+02  0.16113346E-20  0.51126833E-38
  0.36300000E+02  0.16026629E-20  0.50844575E-38
  0.36400000E+02  0.15940605E-20  0.50564649E-38
  0.36500000E+02  0.15855266E-20  0.50287030E-38
  0.36600000E+02  0.15770607E-20  0.50011692E-38
  0.36700000E+02  0.15686619E-20  0.49738612E-38
  0.36800000E+02  0.15603295E-20  0.49467764E-38
  0.36900000E+02  0.15520629E-20  0.49199123E-38
  0.37000000E+02  0.15438614E-20  0.48932667E-38
  0.37100000E+02  0.15357242E-20  0.48668371E-38
  0.37200000E+02  0.15276508E-20  0.48406211E-38
  0.37300000E+02  0.15196404E-20  0.48146166E-38
  0.37400000E+02  0.15116925E-20  0.47888213E-38
  0.37500000E+02  0.15038063E-20  0.47632328E-38
  0.37600000E+02  0.14959812E-20  0.47378490E-38
  0.37700000E+02  0.14882167E-20  0.47126677E-38
  0.37800000E+02  0.14805120E-20  0.46876868E-38
  0.37900000E+02  0.14728667E-20  0.46629041E-38
  0.38000000E+02  0.14652800E-20  0.46383176E-38
  0.38100000E+02  0.14577514E-20  0.46139252E-38
  0.38200000E+02  0.14502803E-20  0.45897248E-38
  0.38300000E+02  0.14428661E-20  0.45657144E-38
  0.38400000E+02  0.14355082E-20  0.45418921E-38
  0.38500000E+02  0.14282062E-20  0.45182559E-38
  0.38600000E+02  0.14209593E-20  0.44948038E-38
  0.38700000E+02  0.14137671E-20  0.44715340E-38
  0.38800000E+02  0.14066290E-20  0.44484445E-38
  0.38900000E+02  0.13995446E-20  0.44255336E-38
  0.39000000E+02  0.13925131E-20  0.44027993E-38
  0.39100000E+02  0.13855342E-20  0.43802398E-38
  0.39200000E+02  0.13786073E-20  0.43578535E-38
  0.39300000E+02  0.13717319E-20  0.43356384E-38
  0.39400000E+02  0.13649075E-20  0.43135928E-38
  0.39500000E+02  0.13581336E-20  0.42917151E-38
  0.39600000E+02  0.13514097E-20  0.42700036E-38
  0.39700000E+02  0.13447353E-20  0.42484564E-38
  0.39800000E+02  0.13381099E-20  0.42270721E-38
  0.39900000E+02  0.13315330E-20  0.42058490E-38
  0.40000000E+02  0.13250043E-20  0.41847853E-38
