  0.00000000E+00 -0.42207614E-24 -0.19473303E-38
  0.10000000E+00 -0.42397570E-24 -0.19263316E-38
  0.20000000E+00 -0.42964692E-24 -0.18457277E-38
  0.30000000E+00 -0.43899812E-24 -0.17781974E-38
  0.40000000E+00 -0.45185277E-24 -0.15862394E-38
  0.50000000E+00 -0.46793391E-24 -0.14593592E-38
  0.60000000E+00 -0.48686621E-24 -0.12607838E-38
  0.70000000E+00 -0.50819759E-24 -0.10866615E-38
  0.80000000E+00 -0.53143283E-24 -0.86777277E-39
  0.90000000E+00 -0.55606911E-24 -0.65990633E-39
  0.10000000E+01 -0.58162559E-24 -0.44859828E-39
  0.11000000E+01 -0.60766374E-24 -0.29466390E-39
  0.12000000E+01 -0.63379842E-24 -0.10325664E-39
  0.13000000E+01 -0.65970161E-24  0.53271957E-40
  0.14000000E+01 -0.68510115E-24  0.16416873E-39
  0.15000000E+01 -0.70977648E-24  0.25478541E-39
  0.16000000E+01 -0.73355301E-24  0.37140984E-39
  0.17000000E+01 -0.75629615E-24  0.45847881E-39
  0.18000000E+01 -0.77790534E-24  0.51731799E-39
  0.19000000E+01 -0.79830876E-24  0.56104540E-39
  0.20000000E+01 -0.81745851E-24  0.60284117E-39
  0.21000000E+01 -0.83532649E-24  0.65535396E-39
  0.22000000E+01 -0.85190084E-24  0.67219034E-39
  0.23000000E+01 -0.86718294E-24  0.71524544E-39
  0.24000000E+01 -0.88118487E-24  0.74237890E-39
  0.25000000E+01 -0.89392733E-24  0.74138550E-39
  0.26000000E+01 -0.90543781E-24  0.74803951E-39
  0.27000000E+01 -0.91574916E-24  0.74391118E-39
  0.28000000E+01 -0.92489833E-24  0.73406921E-39
  0.29000000E+01 -0.93292536E-24  0.74120725E-39
  0.30000000E+01 -0.93987254E-24  0.73920243E-39
  0.31000000E+01 -0.94578366E-24  0.72182420E-39
  0.32000000E+01 -0.95070350E-24  0.71003199E-39
  0.33000000E+01 -0.95467725E-24  0.70966724E-39
  0.34000000E+01 -0.95775021E-24  0.69794786E-39
  0.35000000E+01 -0.95996738E-24  0.68235963E-39
  0.36000000E+01 -0.96137326E-24  0.67422847E-39
  0.37000000E+01 -0.96201157E-24  0.65856648E-39
  0.38000000E+01 -0.96192512E-24  0.63392177E-39
  0.39000000E+01 -0.96115565E-24  0.63504130E-39
  0.40000000E+01 -0.95974373E-24  0.60964353E-39
  0.41000000E+01 -0.95772867E-24  0.59884200E-39
  0.42000000E+01 -0.95514845E-24  0.58733328E-39
  0.43000000E+01 -0.95203969E-24  0.56681600E-39
  0.44000000E+01 -0.94843764E-24  0.55989419E-39
  0.45000000E+01 -0.94437610E-24  0.56580029E-39
  0.46000000E+01 -0.93988750E-24  0.54358921E-39
  0.47000000E+01 -0.93500285E-24  0.52541704E-39
  0.48000000E+01 -0.92975176E-24  0.51587921E-39
  0.49000000E+01 -0.92416247E-24  0.48990893E-39
  0.50000000E+01 -0.91826190E-24  0.50552246E-39
  0.51000000E+01 -0.91207561E-24  0.48417763E-39
  0.52000000E+01 -0.90562790E-24  0.47916921E-39
  0.53000000E+01 -0.89894184E-24  0.44807041E-39
  0.54000000E+01 -0.89203925E-24  0.44457551E-39
  0.55000000E+01 -0.88494081E-24  0.42627290E-39
  0.56000000E+01 -0.87766605E-24  0.43170595E-39
  0.57000000E+01 -0.87023344E-24  0.40571768E-39
  0.58000000E+01 -0.86266037E-24  0.40005555E-39
  0.59000000E+01 -0.85496324E-24  0.40374961E-39
  0.60000000E+01 -0.84715750E-24  0.38069536E-39
  0.61000000E+01 -0.83925766E-24  0.36581432E-39
  0.62000000E+01 -0.83127736E-24  0.37849566E-39
  0.63000000E+01 -0.82322939E-24  0.35540526E-39
  0.64000000E+01 -0.81512574E-24  0.34766894E-39
  0.65000000E+01 -0.80697764E-24  0.34194006E-39
  0.66000000E+01 -0.79879559E-24  0.33330965E-39
  0.67000000E+01 -0.79058940E-24  0.33287804E-39
  0.68000000E+01 -0.78236822E-24  0.32648462E-39
  0.69000000E+01 -0.77414059E-24  0.32165491E-39
  0.70000000E+01 -0.76591443E-24  0.30683822E-39
  0.71000000E+01 -0.75769714E-24  0.30339534E-39
  0.72000000E+01 -0.74949556E-24  0.29388730E-39
  0.73000000E+01 -0.74131604E-24  0.28568330E-39
  0.74000000E+01 -0.73316446E-24  0.28188906E-39
  0.75000000E+01 -0.72504624E-24  0.28169847E-39
  0.76000000E+01 -0.71696640E-24  0.26688718E-39
  0.77000000E+01 -0.70892954E-24  0.26116044E-39
  0.78000000E+01 -0.70093989E-24  0.26135914E-39
  0.79000000E+01 -0.69300135E-24  0.25398847E-39
  0.80000000E+01 -0.68511745E-24  0.25468320E-39
  0.81000000E+01 -0.67729144E-24  0.25363746E-39
  0.82000000E+01 -0.66952625E-24  0.24218160E-39
  0.83000000E+01 -0.66182456E-24  0.23817399E-39
  0.84000000E+01 -0.65418876E-24  0.23355495E-39
  0.85000000E+01 -0.64662104E-24  0.22817057E-39
  0.86000000E+01 -0.63912331E-24  0.23186559E-39
  0.87000000E+01 -0.63169731E-24  0.22473082E-39
  0.88000000E+01 -0.62434456E-24  0.21342313E-39
  0.89000000E+01 -0.61706640E-24  0.20917206E-39
  0.90000000E+01 -0.60986398E-24  0.20686842E-39
  0.91000000E+01 -0.60273831E-24  0.20669506E-39
  0.92000000E+01 -0.59569024E-24  0.19804360E-39
  0.93000000E+01 -0.58872047E-24  0.19797604E-39
  0.94000000E+01 -0.58182957E-24  0.19180369E-39
  0.95000000E+01 -0.57501799E-24  0.19368290E-39
  0.96000000E+01 -0.56828607E-24  0.18931580E-39
  0.97000000E+01 -0.56163403E-24  0.18519607E-39
  0.98000000E+01 -0.55506201E-24  0.17940585E-39
  0.99000000E+01 -0.54857004E-24  0.17961161E-39
  0.10000000E+02 -0.54215809E-24  0.17528845E-39
  0.10100000E+02 -0.53582601E-24  0.17327838E-39
  0.10200000E+02 -0.52957362E-24  0.16630622E-39
  0.10300000E+02 -0.52340065E-24  0.16314043E-39
  0.10400000E+02 -0.51730678E-24  0.16308464E-39
  0.10500000E+02 -0.51129163E-24  0.15645103E-39
  0.10600000E+02 -0.50535475E-24  0.15965966E-39
  0.10700000E+02 -0.49949568E-24  0.15683022E-39
  0.10800000E+02 -0.49371388E-24  0.15292686E-39
  0.10900000E+02 -0.48800880E-24  0.15242917E-39
  0.11000000E+02 -0.48237982E-24  0.14703484E-39
  0.11100000E+02 -0.47682632E-24  0.14864047E-39
  0.11200000E+02 -0.47134764E-24  0.14561800E-39
  0.11300000E+02 -0.46594309E-24  0.14463657E-39
  0.11400000E+02 -0.46061195E-24  0.14428511E-39
  0.11500000E+02 -0.45535350E-24  0.13833132E-39
  0.11600000E+02 -0.45016697E-24  0.13468699E-39
  0.11700000E+02 -0.44505161E-24  0.13262594E-39
  0.11800000E+02 -0.44000662E-24  0.13366589E-39
  0.11900000E+02 -0.43503122E-24  0.12839872E-39
  0.12000000E+02 -0.43012459E-24  0.12749220E-39
  0.12100000E+02 -0.42528593E-24  0.12733491E-39
  0.12200000E+02 -0.42051440E-24  0.11953876E-39
  0.12300000E+02 -0.41580919E-24  0.12127191E-39
  0.12400000E+02 -0.41116945E-24  0.11994293E-39
  0.12500000E+02 -0.40659436E-24  0.11919342E-39
  0.12600000E+02 -0.40208306E-24  0.11792675E-39
  0.12700000E+02 -0.39763474E-24  0.11330970E-39
  0.12800000E+02 -0.39324853E-24  0.11053357E-39
  0.12900000E+02 -0.38892361E-24  0.11243087E-39
  0.13000000E+02 -0.38465915E-24  0.10902661E-39
  0.13100000E+02 -0.38045429E-24  0.10985744E-39
  0.13200000E+02 -0.37630823E-24  0.10752964E-39
  0.13300000E+02 -0.37222011E-24  0.11064905E-39
  0.13400000E+02 -0.36818914E-24  0.10415268E-39
  0.13500000E+02 -0.36421448E-24  0.10367961E-39
  0.13600000E+02 -0.36029532E-24  0.10152550E-39
  0.13700000E+02 -0.35643087E-24  0.99982920E-40
  0.13800000E+02 -0.35262032E-24  0.10158811E-39
  0.13900000E+02 -0.34886287E-24  0.97318199E-40
  0.14000000E+02 -0.34515774E-24  0.96768079E-40
  0.14100000E+02 -0.34150416E-24  0.95772965E-40
  0.14200000E+02 -0.33790136E-24  0.93181575E-40
  0.14300000E+02 -0.33434856E-24  0.93756677E-40
  0.14400000E+02 -0.33084503E-24  0.91043590E-40
  0.14500000E+02 -0.32739000E-24  0.92369095E-40
  0.14600000E+02 -0.32398275E-24  0.89137643E-40
  0.14700000E+02 -0.32062256E-24  0.89666019E-40
  0.14800000E+02 -0.31730869E-24  0.87855318E-40
  0.14900000E+02 -0.31404043E-24  0.85999950E-40
  0.15000000E+02 -0.31081710E-24  0.84676613E-40
  0.15100000E+02 -0.30763799E-24  0.83114319E-40
  0.15200000E+02 -0.30450242E-24  0.87451332E-40
  0.15300000E+02 -0.30140972E-24  0.83477199E-40
  0.15400000E+02 -0.29835923E-24  0.83190338E-40
  0.15500000E+02 -0.29535028E-24  0.82277794E-40
  0.15600000E+02 -0.29238224E-24  0.79919284E-40
  0.15700000E+02 -0.28945446E-24  0.78211049E-40
  0.15800000E+02 -0.28656633E-24  0.79775570E-40
  0.15900000E+02 -0.28371721E-24  0.78547632E-40
  0.16000000E+02 -0.28090650E-24  0.75389351E-40
  0.16100000E+02 -0.27813361E-24  0.75480550E-40
  0.16200000E+02 -0.27539793E-24  0.72060791E-40
  0.16300000E+02 -0.27269890E-24  0.74847012E-40
  0.16400000E+02 -0.27003592E-24  0.73085401E-40
  0.16500000E+02 -0.26740845E-24  0.69867814E-40
  0.16600000E+02 -0.26481593E-24  0.70398834E-40
  0.16700000E+02 -0.26225780E-24  0.69296689E-40
  0.16800000E+02 -0.25973353E-24  0.68211206E-40
  0.16900000E+02 -0.25724260E-24  0.67427727E-40
  0.17000000E+02 -0.25478447E-24  0.66401743E-40
  0.17100000E+02 -0.25235865E-24  0.67380943E-40
  0.17200000E+02 -0.24996461E-24  0.65247450E-40
  0.17300000E+02 -0.24760187E-24  0.66332077E-40
  0.17400000E+02 -0.24526994E-24  0.64637430E-40
  0.17500000E+02 -0.24296834E-24  0.63823685E-40
  0.17600000E+02 -0.24069659E-24  0.64234188E-40
  0.17700000E+02 -0.23845423E-24  0.64732540E-40
  0.17800000E+02 -0.23624081E-24  0.61128057E-40
  0.17900000E+02 -0.23405587E-24  0.62066066E-40
  0.18000000E+02 -0.23189898E-24  0.62067027E-40
  0.18100000E+02 -0.22976969E-24  0.60346320E-40
  0.18200000E+02 -0.22766758E-24  0.59366584E-40
  0.18300000E+02 -0.22559224E-24  0.61087520E-40
  0.18400000E+02 -0.22354324E-24  0.59195462E-40
  0.18500000E+02 -0.22152018E-24  0.55671854E-40
  0.18600000E+02 -0.21952266E-24  0.59966172E-40
  0.18700000E+02 -0.21755030E-24  0.56006109E-40
  0.18800000E+02 -0.21560269E-24  0.55929507E-40
  0.18900000E+02 -0.21367947E-24  0.56377161E-40
  0.19000000E+02 -0.21178026E-24  0.55688422E-40
  0.19100000E+02 -0.20990469E-24  0.54546393E-40
  0.19200000E+02 -0.20805240E-24  0.55848625E-40
  0.19300000E+02 -0.20622304E-24  0.54211177E-40
  0.19400000E+02 -0.20441626E-24  0.53837896E-40
  0.19500000E+02 -0.20263172E-24  0.54054373E-40
  0.19600000E+02 -0.20086908E-24  0.53027804E-40
  0.19700000E+02 -0.19912800E-24  0.51128111E-40
  0.19800000E+02 -0.19740817E-24  0.51297085E-40
  0.19900000E+02 -0.19570926E-24  0.50458262E-40
  0.20000000E+02 -0.19403096E-24  0.49270225E-40
  0.20100000E+02 -0.19237296E-24  0.49332624E-40
  0.20200000E+02 -0.19073495E-24  0.49588603E-40
  0.20300000E+02 -0.18911664E-24  0.50223038E-40
  0.20400000E+02 -0.18751774E-24  0.48469954E-40
  0.20500000E+02 -0.18593794E-24  0.49186763E-40
  0.20600000E+02 -0.18437698E-24  0.46856242E-40
  0.20700000E+02 -0.18283456E-24  0.47119091E-40
  0.20800000E+02 -0.18131042E-24  0.46489370E-40
  0.20900000E+02 -0.17980429E-24  0.46070390E-40
  0.21000000E+02 -0.17831590E-24  0.46181908E-40
  0.21100000E+02 -0.17684499E-24  0.44819913E-40
  0.21200000E+02 -0.17539130E-24  0.45059381E-40
  0.21300000E+02 -0.17395458E-24  0.44572435E-40
  0.21400000E+02 -0.17253459E-24  0.43793015E-40
  0.21500000E+02 -0.17113108E-24  0.44240455E-40
  0.21600000E+02 -0.16974381E-24  0.42733593E-40
  0.21700000E+02 -0.16837254E-24  0.43598396E-40
  0.21800000E+02 -0.16701705E-24  0.41143884E-40
  0.21900000E+02 -0.16567710E-24  0.41552824E-40
  0.22000000E+02 -0.16435248E-24  0.40673623E-40
  0.22100000E+02 -0.16304295E-24  0.42402371E-40
  0.22200000E+02 -0.16174832E-24  0.41123702E-40
  0.22300000E+02 -0.16046835E-24  0.40358894E-40
  0.22400000E+02 -0.15920285E-24  0.39594095E-40
  0.22500000E+02 -0.15795160E-24  0.39859554E-40
  0.22600000E+02 -0.15671441E-24  0.40306511E-40
  0.22700000E+02 -0.15549107E-24  0.40771726E-40
  0.22800000E+02 -0.15428139E-24  0.39230779E-40
  0.22900000E+02 -0.15308518E-24  0.38915654E-40
  0.23000000E+02 -0.15190225E-24  0.38233861E-40
  0.23100000E+02 -0.15073241E-24  0.38011226E-40
  0.23200000E+02 -0.14957547E-24  0.38789589E-40
  0.23300000E+02 -0.14843127E-24  0.38037736E-40
  0.23400000E+02 -0.14729961E-24  0.38444408E-40
  0.23500000E+02 -0.14618033E-24  0.36857603E-40
  0.23600000E+02 -0.14507325E-24  0.36215215E-40
  0.23700000E+02 -0.14397821E-24  0.35448773E-40
  0.23800000E+02 -0.14289504E-24  0.37067191E-40
  0.23900000E+02 -0.14182358E-24  0.36262150E-40
  0.24000000E+02 -0.14076366E-24  0.35804816E-40
  0.24100000E+02 -0.13971513E-24  0.35450428E-40
  0.24200000E+02 -0.13867783E-24  0.34405116E-40
  0.24300000E+02 -0.13765161E-24  0.34626106E-40
  0.24400000E+02 -0.13663631E-24  0.33994574E-40
  0.24500000E+02 -0.13563180E-24  0.34455486E-40
  0.24600000E+02 -0.13463792E-24  0.33611558E-40
  0.24700000E+02 -0.13365454E-24  0.33940473E-40
  0.24800000E+02 -0.13268150E-24  0.33694374E-40
  0.24900000E+02 -0.13171868E-24  0.33079088E-40
  0.25000000E+02 -0.13076593E-24  0.32090244E-40
  0.25100000E+02 -0.12982311E-24  0.32515680E-40
  0.25200000E+02 -0.12889011E-24  0.32479778E-40
  0.25300000E+02 -0.12796678E-24  0.31265005E-40
  0.25400000E+02 -0.12705301E-24  0.31438564E-40
  0.25500000E+02 -0.12614865E-24  0.31753511E-40
  0.25600000E+02 -0.12525360E-24  0.31101780E-40
  0.25700000E+02 -0.12436772E-24  0.30541016E-40
  0.25800000E+02 -0.12349089E-24  0.31281969E-40
  0.25900000E+02 -0.12262301E-24  0.30637678E-40
  0.26000000E+02 -0.12176394E-24  0.31157782E-40
  0.26100000E+02 -0.12091358E-24  0.30406046E-40
  0.26200000E+02 -0.12007182E-24  0.29209505E-40
  0.26300000E+02 -0.11923853E-24  0.30303753E-40
  0.26400000E+02 -0.11841362E-24  0.29150583E-40
  0.26500000E+02 -0.11759697E-24  0.29391725E-40
  0.26600000E+02 -0.11678848E-24  0.29069603E-40
  0.26700000E+02 -0.11598804E-24  0.29922083E-40
  0.26800000E+02 -0.11519556E-24  0.28911878E-40
  0.26900000E+02 -0.11441092E-24  0.28942559E-40
  0.27000000E+02 -0.11363403E-24  0.27682789E-40
  0.27100000E+02 -0.11286479E-24  0.27141548E-40
  0.27200000E+02 -0.11210311E-24  0.27521780E-40
  0.27300000E+02 -0.11134889E-24  0.26969061E-40
  0.27400000E+02 -0.11060203E-24  0.27013249E-40
  0.27500000E+02 -0.10986244E-24  0.27590773E-40
  0.27600000E+02 -0.10913003E-24  0.27238164E-40
  0.27700000E+02 -0.10840472E-24  0.26806915E-40
  0.27800000E+02 -0.10768641E-24  0.26584855E-40
  0.27900000E+02 -0.10697501E-24  0.26640993E-40
  0.28000000E+02 -0.10627044E-24  0.26728514E-40
  0.28100000E+02 -0.10557262E-24  0.25768471E-40
  0.28200000E+02 -0.10488147E-24  0.26111915E-40
  0.28300000E+02 -0.10419689E-24  0.25714053E-40
  0.28400000E+02 -0.10351881E-24  0.26091361E-40
  0.28500000E+02 -0.10284715E-24  0.25684405E-40
  0.28600000E+02 -0.10218184E-24  0.25510731E-40
  0.28700000E+02 -0.10152279E-24  0.24720498E-40
  0.28800000E+02 -0.10086992E-24  0.24712196E-40
  0.28900000E+02 -0.10022317E-24  0.24901258E-40
  0.29000000E+02 -0.99582462E-25  0.24851522E-40
  0.29100000E+02 -0.98947718E-25  0.24305133E-40
  0.29200000E+02 -0.98318868E-25  0.23971148E-40
  0.29300000E+02 -0.97695843E-25  0.24292857E-40
  0.29400000E+02 -0.97078571E-25  0.23569110E-40
  0.29500000E+02 -0.96466985E-25  0.23442004E-40
  0.29600000E+02 -0.95861017E-25  0.23446944E-40
  0.29700000E+02 -0.95260600E-25  0.22579759E-40
  0.29800000E+02 -0.94665668E-25  0.23369424E-40
  0.29900000E+02 -0.94076157E-25  0.22832353E-40
  0.30000000E+02 -0.93492002E-25  0.23840540E-40
  0.30100000E+02 -0.92913141E-25  0.22917259E-40
  0.30200000E+02 -0.92339511E-25  0.22998654E-40
  0.30300000E+02 -0.91771051E-25  0.22491526E-40
  0.30400000E+02 -0.91207701E-25  0.22390511E-40
  0.30500000E+02 -0.90649401E-25  0.23021471E-40
  0.30600000E+02 -0.90096093E-25  0.22733835E-40
  0.30700000E+02 -0.89547719E-25  0.22306431E-40
  0.30800000E+02 -0.89004222E-25  0.21491566E-40
  0.30900000E+02 -0.88465545E-25  0.21959850E-40
  0.31000000E+02 -0.87931634E-25  0.22067669E-40
  0.31100000E+02 -0.87402432E-25  0.21412903E-40
  0.31200000E+02 -0.86877888E-25  0.21469504E-40
  0.31300000E+02 -0.86357946E-25  0.21413118E-40
  0.31400000E+02 -0.85842556E-25  0.21571166E-40
  0.31500000E+02 -0.85331665E-25  0.20489081E-40
  0.31600000E+02 -0.84825222E-25  0.21159443E-40
  0.31700000E+02 -0.84323177E-25  0.20108259E-40
  0.31800000E+02 -0.83825480E-25  0.20607326E-40
  0.31900000E+02 -0.83332083E-25  0.20109659E-40
  0.32000000E+02 -0.82842937E-25  0.19984925E-40
  0.32100000E+02 -0.82357994E-25  0.20293667E-40
  0.32200000E+02 -0.81877209E-25  0.20249019E-40
  0.32300000E+02 -0.81400533E-25  0.20216018E-40
  0.32400000E+02 -0.80927923E-25  0.19562212E-40
  0.32500000E+02 -0.80459332E-25  0.19939167E-40
  0.32600000E+02 -0.79994716E-25  0.19850824E-40
  0.32700000E+02 -0.79534031E-25  0.19701495E-40
  0.32800000E+02 -0.79077234E-25  0.19509854E-40
  0.32900000E+02 -0.78624283E-25  0.19314600E-40
  0.33000000E+02 -0.78175135E-25  0.18910411E-40
  0.33100000E+02 -0.77729749E-25  0.18814742E-40
  0.33200000E+02 -0.77288083E-25  0.19206628E-40
  0.33300000E+02 -0.76850097E-25  0.18871208E-40
  0.33400000E+02 -0.76415752E-25  0.18941957E-40
  0.33500000E+02 -0.75985008E-25  0.18677277E-40
  0.33600000E+02 -0.75557825E-25  0.18362256E-40
  0.33700000E+02 -0.75134166E-25  0.18365220E-40
  0.33800000E+02 -0.74713993E-25  0.17948549E-40
  0.33900000E+02 -0.74297269E-25  0.17719846E-40
  0.34000000E+02 -0.73883956E-25  0.18116023E-40
  0.34100000E+02 -0.73474018E-25  0.17629503E-40
  0.34200000E+02 -0.73067419E-25  0.18026982E-40
  0.34300000E+02 -0.72664124E-25  0.17529868E-40
  0.34400000E+02 -0.72264098E-25  0.16963420E-40
  0.34500000E+02 -0.71867306E-25  0.17230377E-40
  0.34600000E+02 -0.71473714E-25  0.17117950E-40
  0.34700000E+02 -0.71083288E-25  0.17795758E-40
  0.34800000E+02 -0.70695996E-25  0.17193870E-40
  0.34900000E+02 -0.70311804E-25  0.17118036E-40
  0.35000000E+02 -0.69930680E-25  0.17124113E-40
  0.35100000E+02 -0.69552593E-25  0.17139597E-40
  0.35200000E+02 -0.69177509E-25  0.16909457E-40
  0.35300000E+02 -0.68805400E-25  0.16413761E-40
  0.35400000E+02 -0.68436232E-25  0.16873944E-40
  0.35500000E+02 -0.68069977E-25  0.16465707E-40
  0.35600000E+02 -0.67706604E-25  0.16230565E-40
  0.35700000E+02 -0.67346084E-25  0.16630958E-40
  0.35800000E+02 -0.66988387E-25  0.16368881E-40
  0.35900000E+02 -0.66633484E-25  0.16120268E-40
  0.36000000E+02 -0.66281347E-25  0.16458513E-40
  0.36100000E+02 -0.65931948E-25  0.15718480E-40
  0.36200000E+02 -0.65585259E-25  0.15789628E-40
  0.36300000E+02 -0.65241253E-25  0.16197672E-40
  0.36400000E+02 -0.64899902E-25  0.15393266E-40
  0.36500000E+02 -0.64561179E-25  0.15906986E-40
  0.36600000E+02 -0.64225059E-25  0.15432071E-40
  0.36700000E+02 -0.63891514E-25  0.15313309E-40
  0.36800000E+02 -0.63560520E-25  0.15882128E-40
  0.36900000E+02 -0.63232051E-25  0.15262164E-40
  0.37000000E+02 -0.62906081E-25  0.14944488E-40
  0.37100000E+02 -0.62582585E-25  0.15378056E-40
  0.37200000E+02 -0.62261540E-25  0.15144769E-40
  0.37300000E+02 -0.61942920E-25  0.15287904E-40
  0.37400000E+02 -0.61626702E-25  0.15057202E-40
  0.37500000E+02 -0.61312862E-25  0.14991244E-40
  0.37600000E+02 -0.61001377E-25  0.14684044E-40
  0.37700000E+02 -0.60692224E-25  0.14649138E-40
  0.37800000E+02 -0.60385379E-25  0.14764378E-40
  0.37900000E+02 -0.60080821E-25  0.14540719E-40
  0.38000000E+02 -0.59778526E-25  0.14415686E-40
  0.38100000E+02 -0.59478473E-25  0.14486862E-40
  0.38200000E+02 -0.59180640E-25  0.14243134E-40
  0.38300000E+02 -0.58885006E-25  0.14258190E-40
  0.38400000E+02 -0.58591549E-25  0.13996795E-40
  0.38500000E+02 -0.58300249E-25  0.14064656E-40
  0.38600000E+02 -0.58011084E-25  0.14021293E-40
  0.38700000E+02 -0.57724034E-25  0.14256158E-40
  0.38800000E+02 -0.57439079E-25  0.13978461E-40
  0.38900000E+02 -0.57156198E-25  0.13708725E-40
  0.39000000E+02 -0.56875373E-25  0.13845808E-40
  0.39100000E+02 -0.56596583E-25  0.13669529E-40
  0.39200000E+02 -0.56319809E-25  0.13928052E-40
  0.39300000E+02 -0.56045032E-25  0.13561933E-40
  0.39400000E+02 -0.55772233E-25  0.13363333E-40
  0.39500000E+02 -0.55501394E-25  0.13139554E-40
  0.39600000E+02 -0.55232495E-25  0.13554835E-40
  0.39700000E+02 -0.54965519E-25  0.13064771E-40
  0.39800000E+02 -0.54700448E-25  0.13422057E-40
  0.39900000E+02 -0.54437264E-25  0.13147188E-40
  0.40000000E+02 -0.54175949E-25  0.13023480E-40
