  0.00000000E+00  0.57528644E-25  0.15701774E-36
  0.10000000E+00  0.80722204E-25  0.15416023E-36
  0.20000000E+00  0.14945564E-24  0.15401105E-36
  0.30000000E+00  0.26125940E-24  0.15870086E-36
  0.40000000E+00  0.41224682E-24  0.15691418E-36
  0.50000000E+00  0.59742001E-24  0.15315293E-36
  0.60000000E+00  0.81102942E-24  0.15597545E-36
  0.70000000E+00  0.10469372E-23  0.15474287E-36
  0.80000000E+00  0.12989434E-23  0.15257927E-36
  0.90000000E+00  0.15610510E-23  0.14833301E-36
  0.10000000E+01  0.18276623E-23  0.14704819E-36
  0.11000000E+01  0.20937111E-23  0.14286015E-36
  0.12000000E+01  0.23547413E-23  0.14016213E-36
  0.13000000E+01  0.26069420E-23  0.13314595E-36
  0.14000000E+01  0.28471518E-23  0.12969582E-36
  0.15000000E+01  0.30728387E-23  0.12244620E-36
  0.16000000E+01  0.32820637E-23  0.11687615E-36
  0.17000000E+01  0.34734323E-23  0.10860880E-36
  0.18000000E+01  0.36460397E-23  0.10464971E-36
  0.19000000E+01  0.37994118E-23  0.98715545E-37
  0.20000000E+01  0.39334453E-23  0.91496231E-37
  0.21000000E+01  0.40483496E-23  0.84727428E-37
  0.22000000E+01  0.41445905E-23  0.81580270E-37
  0.23000000E+01  0.42228396E-23  0.73818141E-37
  0.24000000E+01  0.42839269E-23  0.67970045E-37
  0.25000000E+01  0.43287998E-23  0.62522818E-37
  0.26000000E+01  0.43584870E-23  0.59905208E-37
  0.27000000E+01  0.43740671E-23  0.51274316E-37
  0.28000000E+01  0.43766432E-23  0.48663952E-37
  0.29000000E+01  0.43673208E-23  0.42832652E-37
  0.30000000E+01  0.43471909E-23  0.39776225E-37
  0.31000000E+01  0.43173160E-23  0.33873217E-37
  0.32000000E+01  0.42787196E-23  0.30512173E-37
  0.33000000E+01  0.42323783E-23  0.26470180E-37
  0.34000000E+01  0.41792168E-23  0.21692820E-37
  0.35000000E+01  0.41201036E-23  0.19451586E-37
  0.36000000E+01  0.40558496E-23  0.14275774E-37
  0.37000000E+01  0.39872073E-23  0.13022942E-37
  0.38000000E+01  0.39148711E-23  0.10372267E-37
  0.39000000E+01  0.38394788E-23  0.85560426E-38
  0.40000000E+01  0.37616129E-23  0.43564834E-38
  0.41000000E+01  0.36818034E-23  0.45352465E-38
  0.42000000E+01  0.36005300E-23  0.17605648E-38
  0.43000000E+01  0.35182252E-23 -0.64053787E-39
  0.44000000E+01  0.34352767E-23 -0.25699904E-38
  0.45000000E+01  0.33520313E-23 -0.54451018E-38
  0.46000000E+01  0.32687967E-23 -0.64763756E-38
  0.47000000E+01  0.31858455E-23 -0.60983444E-38
  0.48000000E+01  0.31034170E-23 -0.89705936E-38
  0.49000000E+01  0.30217209E-23 -0.10933619E-37
  0.50000000E+01  0.29409390E-23 -0.11402814E-37
  0.51000000E+01  0.28612283E-23 -0.12013138E-37
  0.52000000E+01  0.27827230E-23 -0.12216406E-37
  0.53000000E+01  0.27055366E-23 -0.14970359E-37
  0.54000000E+01  0.26297640E-23 -0.15545285E-37
  0.55000000E+01  0.25554835E-23 -0.17234856E-37
  0.56000000E+01  0.24827582E-23 -0.18056676E-37
  0.57000000E+01  0.24116380E-23 -0.17472769E-37
  0.58000000E+01  0.23421605E-23 -0.18470044E-37
  0.59000000E+01  0.22743530E-23 -0.20191067E-37
  0.60000000E+01  0.22082331E-23 -0.18683293E-37
  0.61000000E+01  0.21438101E-23 -0.20390959E-37
  0.62000000E+01  0.20810861E-23 -0.19532667E-37
  0.63000000E+01  0.20200568E-23 -0.20554045E-37
  0.64000000E+01  0.19607121E-23 -0.20768652E-37
  0.65000000E+01  0.19030373E-23 -0.20642449E-37
  0.66000000E+01  0.18470134E-23 -0.21699671E-37
  0.67000000E+01  0.17926179E-23 -0.22311524E-37
  0.68000000E+01  0.17398253E-23 -0.21309132E-37
  0.69000000E+01  0.16886075E-23 -0.22085014E-37
  0.70000000E+01  0.16389344E-23 -0.22453347E-37
  0.71000000E+01  0.15907740E-23 -0.22391035E-37
  0.72000000E+01  0.15440932E-23 -0.22307107E-37
  0.73000000E+01  0.14988576E-23 -0.23210582E-37
  0.74000000E+01  0.14550321E-23 -0.22946908E-37
  0.75000000E+01  0.14125811E-23 -0.22531761E-37
  0.76000000E+01  0.13714686E-23 -0.22434042E-37
  0.77000000E+01  0.13316584E-23 -0.21693788E-37
  0.78000000E+01  0.12931143E-23 -0.22648811E-37
  0.79000000E+01  0.12558003E-23 -0.22773851E-37
  0.80000000E+01  0.12196806E-23 -0.21681371E-37
  0.81000000E+01  0.11847198E-23 -0.22525435E-37
  0.82000000E+01  0.11508829E-23 -0.21869003E-37
  0.83000000E+01  0.11181356E-23 -0.21766106E-37
  0.84000000E+01  0.10864438E-23 -0.21906622E-37
  0.85000000E+01  0.10557744E-23 -0.21769447E-37
  0.86000000E+01  0.10260949E-23 -0.22192965E-37
  0.87000000E+01  0.99737342E-24 -0.21523676E-37
  0.88000000E+01  0.96957887E-24 -0.21636028E-37
  0.89000000E+01  0.94268094E-24 -0.21716702E-37
  0.90000000E+01  0.91665010E-24 -0.21515422E-37
  0.91000000E+01  0.89145757E-24 -0.21400888E-37
  0.92000000E+01  0.86707541E-24 -0.21205426E-37
  0.93000000E+01  0.84347644E-24 -0.20288058E-37
  0.94000000E+01  0.82063428E-24 -0.21375489E-37
  0.95000000E+01  0.79852334E-24 -0.20576972E-37
  0.96000000E+01  0.77711882E-24 -0.20840915E-37
  0.97000000E+01  0.75639668E-24 -0.20620322E-37
  0.98000000E+01  0.73633363E-24 -0.20127702E-37
  0.99000000E+01  0.71690715E-24 -0.19946702E-37
  0.10000000E+02  0.69809542E-24 -0.19316526E-37
  0.10100000E+02  0.67987737E-24 -0.19752128E-37
  0.10200000E+02  0.66223262E-24 -0.19427402E-37
  0.10300000E+02  0.64514146E-24 -0.19605044E-37
  0.10400000E+02  0.62858486E-24 -0.19783875E-37
  0.10500000E+02  0.61254446E-24 -0.19607109E-37
  0.10600000E+02  0.59700249E-24 -0.18583089E-37
  0.10700000E+02  0.58194182E-24 -0.18871075E-37
  0.10800000E+02  0.56734593E-24 -0.18501751E-37
  0.10900000E+02  0.55319885E-24 -0.18221315E-37
  0.11000000E+02  0.53948519E-24 -0.18317326E-37
  0.11100000E+02  0.52619011E-24 -0.18006891E-37
  0.11200000E+02  0.51329927E-24 -0.18269160E-37
  0.11300000E+02  0.50079887E-24 -0.17991385E-37
  0.11400000E+02  0.48867559E-24 -0.17775374E-37
  0.11500000E+02  0.47691657E-24 -0.17459116E-37
  0.11600000E+02  0.46550945E-24 -0.17194683E-37
  0.11700000E+02  0.45444227E-24 -0.17224519E-37
  0.11800000E+02  0.44370354E-24 -0.17037139E-37
  0.11900000E+02  0.43328215E-24 -0.16874117E-37
  0.12000000E+02  0.42316742E-24 -0.16790468E-37
  0.12100000E+02  0.41334902E-24 -0.16366160E-37
  0.12200000E+02  0.40381703E-24 -0.16239863E-37
  0.12300000E+02  0.39456187E-24 -0.15754119E-37
  0.12400000E+02  0.38557430E-24 -0.16324513E-37
  0.12500000E+02  0.37684542E-24 -0.15747842E-37
  0.12600000E+02  0.36836666E-24 -0.15769635E-37
  0.12700000E+02  0.36012974E-24 -0.15748904E-37
  0.12800000E+02  0.35212668E-24 -0.15868042E-37
  0.12900000E+02  0.34434981E-24 -0.15411804E-37
  0.13000000E+02  0.33679172E-24 -0.15190176E-37
  0.13100000E+02  0.32944525E-24 -0.14794494E-37
  0.13200000E+02  0.32230352E-24 -0.14682575E-37
  0.13300000E+02  0.31535989E-24 -0.14540236E-37
  0.13400000E+02  0.30860796E-24 -0.15135863E-37
  0.13500000E+02  0.30204154E-24 -0.14627842E-37
  0.13600000E+02  0.29565469E-24 -0.14368811E-37
  0.13700000E+02  0.28944165E-24 -0.14357010E-37
  0.13800000E+02  0.28339689E-24 -0.14352751E-37
  0.13900000E+02  0.27751505E-24 -0.13767294E-37
  0.14000000E+02  0.27179099E-24 -0.14111812E-37
  0.14100000E+02  0.26621973E-24 -0.13583531E-37
  0.14200000E+02  0.26079647E-24 -0.13597564E-37
  0.14300000E+02  0.25551657E-24 -0.13293005E-37
  0.14400000E+02  0.25037557E-24 -0.13209217E-37
  0.14500000E+02  0.24536915E-24 -0.13246707E-37
  0.14600000E+02  0.24049314E-24 -0.12981218E-37
  0.14700000E+02  0.23574354E-24 -0.13042688E-37
  0.14800000E+02  0.23111645E-24 -0.12896107E-37
  0.14900000E+02  0.22660813E-24 -0.12530364E-37
  0.15000000E+02  0.22221497E-24 -0.12548795E-37
  0.15100000E+02  0.21793346E-24 -0.12519567E-37
  0.15200000E+02  0.21376024E-24 -0.12180184E-37
  0.15300000E+02  0.20969205E-24 -0.12359277E-37
  0.15400000E+02  0.20572573E-24 -0.12035792E-37
  0.15500000E+02  0.20185824E-24 -0.12239364E-37
  0.15600000E+02  0.19808665E-24 -0.11841252E-37
  0.15700000E+02  0.19440811E-24 -0.12044856E-37
  0.15800000E+02  0.19081989E-24 -0.11963865E-37
  0.15900000E+02  0.18731932E-24 -0.11400527E-37
  0.16000000E+02  0.18390385E-24 -0.11529474E-37
  0.16100000E+02  0.18057099E-24 -0.11470589E-37
  0.16200000E+02  0.17731835E-24 -0.11209366E-37
  0.16300000E+02  0.17414360E-24 -0.11171090E-37
  0.16400000E+02  0.17104452E-24 -0.11048804E-37
  0.16500000E+02  0.16801892E-24 -0.10681901E-37
  0.16600000E+02  0.16506471E-24 -0.11001542E-37
  0.16700000E+02  0.16217987E-24 -0.10812679E-37
  0.16800000E+02  0.15936243E-24 -0.10478591E-37
  0.16900000E+02  0.15661049E-24 -0.10514515E-37
  0.17000000E+02  0.15392221E-24 -0.10545235E-37
  0.17100000E+02  0.15129581E-24 -0.10392454E-37
  0.17200000E+02  0.14872958E-24 -0.10182561E-37
  0.17300000E+02  0.14622184E-24 -0.10238156E-37
  0.17400000E+02  0.14377098E-24 -0.98907770E-38
  0.17500000E+02  0.14137544E-24 -0.99968203E-38
  0.17600000E+02  0.13903370E-24 -0.99090252E-38
  0.17700000E+02  0.13674430E-24 -0.99047892E-38
  0.17800000E+02  0.13450581E-24 -0.94781290E-38
  0.17900000E+02  0.13231686E-24 -0.97706246E-38
  0.18000000E+02  0.13017613E-24 -0.95179775E-38
  0.18100000E+02  0.12808231E-24 -0.95314982E-38
  0.18200000E+02  0.12603415E-24 -0.94741357E-38
  0.18300000E+02  0.12403044E-24 -0.92938651E-38
  0.18400000E+02  0.12207001E-24 -0.92982732E-38
  0.18500000E+02  0.12015172E-24 -0.90371426E-38
  0.18600000E+02  0.11827445E-24 -0.91880670E-38
  0.18700000E+02  0.11643714E-24 -0.90782574E-38
  0.18800000E+02  0.11463875E-24 -0.88492319E-38
  0.18900000E+02  0.11287827E-24 -0.88288822E-38
  0.19000000E+02  0.11115472E-24 -0.88097571E-38
  0.19100000E+02  0.10946716E-24 -0.86090051E-38
  0.19200000E+02  0.10781465E-24 -0.85459355E-38
  0.19300000E+02  0.10619632E-24 -0.85495203E-38
  0.19400000E+02  0.10461129E-24 -0.84624524E-38
  0.19500000E+02  0.10305873E-24 -0.82770716E-38
  0.19600000E+02  0.10153781E-24 -0.83965539E-38
  0.19700000E+02  0.10004774E-24 -0.80923961E-38
  0.19800000E+02  0.98587751E-25 -0.82049608E-38
  0.19900000E+02  0.97157101E-25 -0.80969436E-38
  0.20000000E+02  0.95755061E-25 -0.79480562E-38
  0.20100000E+02  0.94380927E-25 -0.80097369E-38
  0.20200000E+02  0.93034014E-25 -0.78348879E-38
  0.20300000E+02  0.91713656E-25 -0.78360128E-38
  0.20400000E+02  0.90419209E-25 -0.78840035E-38
  0.20500000E+02  0.89150043E-25 -0.77034448E-38
  0.20600000E+02  0.87905550E-25 -0.75945884E-38
  0.20700000E+02  0.86685137E-25 -0.76159656E-38
  0.20800000E+02  0.85488227E-25 -0.74909284E-38
  0.20900000E+02  0.84314260E-25 -0.74393091E-38
  0.21000000E+02  0.83162692E-25 -0.73246528E-38
  0.21100000E+02  0.82032994E-25 -0.73249198E-38
  0.21200000E+02  0.80924650E-25 -0.73292168E-38
  0.21300000E+02  0.79837161E-25 -0.72446177E-38
  0.21400000E+02  0.78770040E-25 -0.70726396E-38
  0.21500000E+02  0.77722813E-25 -0.71086609E-38
  0.21600000E+02  0.76695019E-25 -0.71311688E-38
  0.21700000E+02  0.75686211E-25 -0.69321570E-38
  0.21800000E+02  0.74695953E-25 -0.68816600E-38
  0.21900000E+02  0.73723820E-25 -0.69706699E-38
  0.22000000E+02  0.72769399E-25 -0.66429140E-38
  0.22100000E+02  0.71832289E-25 -0.68338726E-38
  0.22200000E+02  0.70912099E-25 -0.67854778E-38
  0.22300000E+02  0.70008448E-25 -0.68254210E-38
  0.22400000E+02  0.69120966E-25 -0.67574204E-38
  0.22500000E+02  0.68249290E-25 -0.66740242E-38
  0.22600000E+02  0.67393071E-25 -0.66200703E-38
  0.22700000E+02  0.66551966E-25 -0.66059978E-38
  0.22800000E+02  0.65725642E-25 -0.63266830E-38
  0.22900000E+02  0.64913773E-25 -0.63865075E-38
  0.23000000E+02  0.64116044E-25 -0.63496161E-38
  0.23100000E+02  0.63332147E-25 -0.61773165E-38
  0.23200000E+02  0.62561782E-25 -0.62516564E-38
  0.23300000E+02  0.61804655E-25 -0.62400221E-38
  0.23400000E+02  0.61060483E-25 -0.62362495E-38
  0.23500000E+02  0.60328987E-25 -0.60844238E-38
  0.23600000E+02  0.59609897E-25 -0.61023579E-38
  0.23700000E+02  0.58902948E-25 -0.60409861E-38
  0.23800000E+02  0.58207883E-25 -0.59584657E-38
  0.23900000E+02  0.57524452E-25 -0.58823061E-38
  0.24000000E+02  0.56852410E-25 -0.58349851E-38
  0.24100000E+02  0.56191518E-25 -0.58336895E-38
  0.24200000E+02  0.55541544E-25 -0.58051145E-38
  0.24300000E+02  0.54902261E-25 -0.58051351E-38
  0.24400000E+02  0.54273448E-25 -0.56402810E-38
  0.24500000E+02  0.53654889E-25 -0.57215016E-38
  0.24600000E+02  0.53046372E-25 -0.55878021E-38
  0.24700000E+02  0.52447694E-25 -0.55370696E-38
  0.24800000E+02  0.51858653E-25 -0.56083063E-38
  0.24900000E+02  0.51279053E-25 -0.54806941E-38
  0.25000000E+02  0.50708705E-25 -0.55880184E-38
  0.25100000E+02  0.50147420E-25 -0.54817822E-38
  0.25200000E+02  0.49595019E-25 -0.53766854E-38
  0.25300000E+02  0.49051322E-25 -0.53719072E-38
  0.25400000E+02  0.48516157E-25 -0.52957333E-38
  0.25500000E+02  0.47989354E-25 -0.52768786E-38
  0.25600000E+02  0.47470748E-25 -0.52549370E-38
  0.25700000E+02  0.46960178E-25 -0.52274796E-38
  0.25800000E+02  0.46457487E-25 -0.51795832E-38
  0.25900000E+02  0.45962519E-25 -0.51349260E-38
  0.26000000E+02  0.45475126E-25 -0.50859843E-38
  0.26100000E+02  0.44995159E-25 -0.51199009E-38
  0.26200000E+02  0.44522476E-25 -0.50352424E-38
  0.26300000E+02  0.44056936E-25 -0.50880770E-38
  0.26400000E+02  0.43598403E-25 -0.49833349E-38
  0.26500000E+02  0.43146742E-25 -0.48443310E-38
  0.26600000E+02  0.42701823E-25 -0.48824775E-38
  0.26700000E+02  0.42263519E-25 -0.48800866E-38
  0.26800000E+02  0.41831703E-25 -0.48994933E-38
  0.26900000E+02  0.41406254E-25 -0.48062387E-38
  0.27000000E+02  0.40987053E-25 -0.48161807E-38
  0.27100000E+02  0.40573982E-25 -0.47657517E-38
  0.27200000E+02  0.40166929E-25 -0.46245452E-38
  0.27300000E+02  0.39765780E-25 -0.45844715E-38
  0.27400000E+02  0.39370428E-25 -0.46836587E-38
  0.27500000E+02  0.38980765E-25 -0.45945898E-38
  0.27600000E+02  0.38596687E-25 -0.44341683E-38
  0.27700000E+02  0.38218092E-25 -0.45490255E-38
  0.27800000E+02  0.37844880E-25 -0.45307171E-38
  0.27900000E+02  0.37476954E-25 -0.45377966E-38
  0.28000000E+02  0.37114218E-25 -0.45076261E-38
  0.28100000E+02  0.36756578E-25 -0.44306353E-38
  0.28200000E+02  0.36403943E-25 -0.44179301E-38
  0.28300000E+02  0.36056224E-25 -0.43250513E-38
  0.28400000E+02  0.35713333E-25 -0.44551104E-38
  0.28500000E+02  0.35375185E-25 -0.44082763E-38
  0.28600000E+02  0.35041694E-25 -0.43282305E-38
  0.28700000E+02  0.34712781E-25 -0.42248574E-38
  0.28800000E+02  0.34388363E-25 -0.41217945E-38
  0.28900000E+02  0.34068362E-25 -0.42117480E-38
  0.29000000E+02  0.33752701E-25 -0.42061102E-38
  0.29100000E+02  0.33441306E-25 -0.41045310E-38
  0.29200000E+02  0.33134101E-25 -0.41351775E-38
  0.29300000E+02  0.32831015E-25 -0.41045544E-38
  0.29400000E+02  0.32531977E-25 -0.40972949E-38
  0.29500000E+02  0.32236918E-25 -0.40123262E-38
  0.29600000E+02  0.31945769E-25 -0.40486002E-38
  0.29700000E+02  0.31658464E-25 -0.39760405E-38
  0.29800000E+02  0.31374938E-25 -0.39953284E-38
  0.29900000E+02  0.31095127E-25 -0.39499488E-38
  0.30000000E+02  0.30818969E-25 -0.39451704E-38
  0.30100000E+02  0.30546402E-25 -0.39512193E-38
  0.30200000E+02  0.30277366E-25 -0.38464507E-38
  0.30300000E+02  0.30011802E-25 -0.38949391E-38
  0.30400000E+02  0.29749654E-25 -0.38607272E-38
  0.30500000E+02  0.29490863E-25 -0.37811723E-38
  0.30600000E+02  0.29235375E-25 -0.38361932E-38
  0.30700000E+02  0.28983136E-25 -0.37892230E-38
  0.30800000E+02  0.28734092E-25 -0.37251499E-38
  0.30900000E+02  0.28488192E-25 -0.37383935E-38
  0.31000000E+02  0.28245383E-25 -0.37585030E-38
  0.31100000E+02  0.28005616E-25 -0.37472953E-38
  0.31200000E+02  0.27768843E-25 -0.37089857E-38
  0.31300000E+02  0.27535013E-25 -0.36580293E-38
  0.31400000E+02  0.27304081E-25 -0.36183273E-38
  0.31500000E+02  0.27076001E-25 -0.35263927E-38
  0.31600000E+02  0.26850725E-25 -0.35683704E-38
  0.31700000E+02  0.26628211E-25 -0.35606153E-38
  0.31800000E+02  0.26408414E-25 -0.35953954E-38
  0.31900000E+02  0.26191291E-25 -0.35049195E-38
  0.32000000E+02  0.25976801E-25 -0.34228825E-38
  0.32100000E+02  0.25764902E-25 -0.34266602E-38
  0.32200000E+02  0.25555554E-25 -0.34232037E-38
  0.32300000E+02  0.25348716E-25 -0.34645920E-38
  0.32400000E+02  0.25144350E-25 -0.34370209E-38
  0.32500000E+02  0.24942418E-25 -0.34081954E-38
  0.32600000E+02  0.24742882E-25 -0.33277098E-38
  0.32700000E+02  0.24545706E-25 -0.34008270E-38
  0.32800000E+02  0.24350852E-25 -0.33706345E-38
  0.32900000E+02  0.24158287E-25 -0.33402872E-38
  0.33000000E+02  0.23967974E-25 -0.33509020E-38
  0.33100000E+02  0.23779880E-25 -0.33000563E-38
  0.33200000E+02  0.23593971E-25 -0.32730142E-38
  0.33300000E+02  0.23410215E-25 -0.32498069E-38
  0.33400000E+02  0.23228578E-25 -0.32792874E-38
  0.33500000E+02  0.23049029E-25 -0.32059198E-38
  0.33600000E+02  0.22871538E-25 -0.31844761E-38
  0.33700000E+02  0.22696073E-25 -0.32026740E-38
  0.33800000E+02  0.22522604E-25 -0.31530108E-38
  0.33900000E+02  0.22351103E-25 -0.31713811E-38
  0.34000000E+02  0.22181539E-25 -0.31683465E-38
  0.34100000E+02  0.22013884E-25 -0.30512185E-38
  0.34200000E+02  0.21848111E-25 -0.30396778E-38
  0.34300000E+02  0.21684192E-25 -0.30635849E-38
  0.34400000E+02  0.21522100E-25 -0.30374097E-38
  0.34500000E+02  0.21361809E-25 -0.30236287E-38
  0.34600000E+02  0.21203292E-25 -0.30091332E-38
  0.34700000E+02  0.21046524E-25 -0.29772165E-38
  0.34800000E+02  0.20891479E-25 -0.30183513E-38
  0.34900000E+02  0.20738134E-25 -0.29674218E-38
  0.35000000E+02  0.20586464E-25 -0.29384010E-38
  0.35100000E+02  0.20436445E-25 -0.29665114E-38
  0.35200000E+02  0.20288053E-25 -0.28705123E-38
  0.35300000E+02  0.20141266E-25 -0.29738997E-38
  0.35400000E+02  0.19996061E-25 -0.29119140E-38
  0.35500000E+02  0.19852415E-25 -0.28669416E-38
  0.35600000E+02  0.19710308E-25 -0.28285946E-38
  0.35700000E+02  0.19569717E-25 -0.28241183E-38
  0.35800000E+02  0.19430621E-25 -0.28217244E-38
  0.35900000E+02  0.19292999E-25 -0.28196270E-38
  0.36000000E+02  0.19156832E-25 -0.28127648E-38
  0.36100000E+02  0.19022099E-25 -0.28141787E-38
  0.36200000E+02  0.18888780E-25 -0.28113452E-38
  0.36300000E+02  0.18756856E-25 -0.27982533E-38
  0.36400000E+02  0.18626307E-25 -0.27255762E-38
  0.36500000E+02  0.18497116E-25 -0.27602264E-38
  0.36600000E+02  0.18369264E-25 -0.27111630E-38
  0.36700000E+02  0.18242731E-25 -0.26976371E-38
  0.36800000E+02  0.18117502E-25 -0.27080712E-38
  0.36900000E+02  0.17993558E-25 -0.26990802E-38
  0.37000000E+02  0.17870881E-25 -0.26216367E-38
  0.37100000E+02  0.17749455E-25 -0.26762427E-38
  0.37200000E+02  0.17629264E-25 -0.26245035E-38
  0.37300000E+02  0.17510290E-25 -0.26278294E-38
  0.37400000E+02  0.17392518E-25 -0.25556774E-38
  0.37500000E+02  0.17275932E-25 -0.26141460E-38
  0.37600000E+02  0.17160515E-25 -0.26318098E-38
  0.37700000E+02  0.17046253E-25 -0.26067314E-38
  0.37800000E+02  0.16933131E-25 -0.25346683E-38
  0.37900000E+02  0.16821133E-25 -0.25028809E-38
  0.38000000E+02  0.16710246E-25 -0.25037905E-38
  0.38100000E+02  0.16600454E-25 -0.25606132E-38
  0.38200000E+02  0.16491743E-25 -0.25030719E-38
  0.38300000E+02  0.16384099E-25 -0.24679704E-38
  0.38400000E+02  0.16277509E-25 -0.24884883E-38
  0.38500000E+02  0.16171960E-25 -0.25298760E-38
  0.38600000E+02  0.16067437E-25 -0.24791226E-38
  0.38700000E+02  0.15963927E-25 -0.24656151E-38
  0.38800000E+02  0.15861419E-25 -0.24787775E-38
  0.38900000E+02  0.15759898E-25 -0.24286172E-38
  0.39000000E+02  0.15659353E-25 -0.24210511E-38
  0.39100000E+02  0.15559771E-25 -0.24357533E-38
  0.39200000E+02  0.15461140E-25 -0.23705892E-38
  0.39300000E+02  0.15363448E-25 -0.23762654E-38
  0.39400000E+02  0.15266684E-25 -0.23989146E-38
  0.39500000E+02  0.15170835E-25 -0.23557849E-38
  0.39600000E+02  0.15075891E-25 -0.23484252E-38
  0.39700000E+02  0.14981839E-25 -0.23678604E-38
  0.39800000E+02  0.14888670E-25 -0.23273294E-38
  0.39900000E+02  0.14796373E-25 -0.23050252E-38
  0.40000000E+02  0.14704935E-25 -0.23205927E-38
