  0.00000000E+00  0.20624315E-18 -0.44801650E-35
  0.10000000E+00  0.20605693E-18 -0.44758846E-35
  0.20000000E+00  0.20550133E-18 -0.44630660E-35
  0.30000000E+00  0.20458533E-18 -0.44417818E-35
  0.40000000E+00  0.20332333E-18 -0.44121683E-35
  0.50000000E+00  0.20173432E-18 -0.43744421E-35
  0.60000000E+00  0.19984100E-18 -0.43289133E-35
  0.70000000E+00  0.19766870E-18 -0.42759919E-35
  0.80000000E+00  0.19524449E-18 -0.42161840E-35
  0.90000000E+00  0.19259625E-18 -0.41500790E-35
  0.10000000E+01  0.18975191E-18 -0.40783317E-35
  0.11000000E+01  0.18673890E-18 -0.40016395E-35
  0.12000000E+01  0.18358359E-18 -0.39207208E-35
  0.13000000E+01  0.18031101E-18 -0.38362938E-35
  0.14000000E+01  0.17694456E-18 -0.37490587E-35
  0.15000000E+01  0.17350586E-18 -0.36596839E-35
  0.16000000E+01  0.17001471E-18 -0.35687949E-35
  0.17000000E+01  0.16648903E-18 -0.34769677E-35
  0.18000000E+01  0.16294492E-18 -0.33847240E-35
  0.19000000E+01  0.15939670E-18 -0.32925299E-35
  0.20000000E+01  0.15585702E-18 -0.32007961E-35
  0.21000000E+01  0.15233695E-18 -0.31098794E-35
  0.22000000E+01  0.14884610E-18 -0.30200859E-35
  0.23000000E+01  0.14539276E-18 -0.29316741E-35
  0.24000000E+01  0.14198395E-18 -0.28448590E-35
  0.25000000E+01  0.13862563E-18 -0.27598165E-35
  0.26000000E+01  0.13532274E-18 -0.26766866E-35
  0.27000000E+01  0.13207933E-18 -0.25955784E-35
  0.28000000E+01  0.12889866E-18 -0.25165733E-35
  0.29000000E+01  0.12578328E-18 -0.24397287E-35
  0.30000000E+01  0.12273515E-18 -0.23650811E-35
  0.31000000E+01  0.11975566E-18 -0.22926492E-35
  0.32000000E+01  0.11684574E-18 -0.22224367E-35
  0.33000000E+01  0.11400590E-18 -0.21544341E-35
  0.34000000E+01  0.11123631E-18 -0.20886216E-35
  0.35000000E+01  0.10853682E-18 -0.20249702E-35
  0.36000000E+01  0.10590704E-18 -0.19634436E-35
  0.37000000E+01  0.10334633E-18 -0.19039999E-35
  0.38000000E+01  0.10085388E-18 -0.18465924E-35
  0.39000000E+01  0.98428719E-19 -0.17911707E-35
  0.40000000E+01  0.96069757E-19 -0.17376817E-35
  0.41000000E+01  0.93775786E-19 -0.16860706E-35
  0.42000000E+01  0.91545518E-19 -0.16362809E-35
  0.43000000E+01  0.89377598E-19 -0.15882558E-35
  0.44000000E+01  0.87270618E-19 -0.15419379E-35
  0.45000000E+01  0.85223134E-19 -0.14972700E-35
  0.46000000E+01  0.83233676E-19 -0.14541954E-35
  0.47000000E+01  0.81300758E-19 -0.14126580E-35
  0.48000000E+01  0.79422887E-19 -0.13726029E-35
  0.49000000E+01  0.77598571E-19 -0.13339758E-35
  0.50000000E+01  0.75826325E-19 -0.12967240E-35
  0.51000000E+01  0.74104674E-19 -0.12607961E-35
  0.52000000E+01  0.72432163E-19 -0.12261420E-35
  0.53000000E+01  0.70807355E-19 -0.11927130E-35
  0.54000000E+01  0.69228838E-19 -0.11604622E-35
  0.55000000E+01  0.67695226E-19 -0.11293440E-35
  0.56000000E+01  0.66205160E-19 -0.10993144E-35
  0.57000000E+01  0.64757312E-19 -0.10703309E-35
  0.58000000E+01  0.63350386E-19 -0.10423526E-35
  0.59000000E+01  0.61983115E-19 -0.10153401E-35
  0.60000000E+01  0.60654267E-19 -0.98925546E-36
  0.61000000E+01  0.59362642E-19 -0.96406219E-36
  0.62000000E+01  0.58107074E-19 -0.93972522E-36
  0.63000000E+01  0.56886429E-19 -0.91621091E-36
  0.64000000E+01  0.55699607E-19 -0.89348691E-36
  0.65000000E+01  0.54545541E-19 -0.87152221E-36
  0.66000000E+01  0.53423196E-19 -0.85028704E-36
  0.67000000E+01  0.52331568E-19 -0.82975287E-36
  0.68000000E+01  0.51269685E-19 -0.80989235E-36
  0.69000000E+01  0.50236607E-19 -0.79067924E-36
  0.70000000E+01  0.49231423E-19 -0.77208841E-36
  0.71000000E+01  0.48253252E-19 -0.75409579E-36
  0.72000000E+01  0.47301241E-19 -0.73667829E-36
  0.73000000E+01  0.46374565E-19 -0.71981383E-36
  0.74000000E+01  0.45472428E-19 -0.70348122E-36
  0.75000000E+01  0.44594059E-19 -0.68766019E-36
  0.76000000E+01  0.43738713E-19 -0.67233131E-36
  0.77000000E+01  0.42905670E-19 -0.65747598E-36
  0.78000000E+01  0.42094235E-19 -0.64307638E-36
  0.79000000E+01  0.41303735E-19 -0.62911543E-36
  0.80000000E+01  0.40533522E-19 -0.61557678E-36
  0.81000000E+01  0.39782969E-19 -0.60244477E-36
  0.82000000E+01  0.39051468E-19 -0.58970438E-36
  0.83000000E+01  0.38338436E-19 -0.57734123E-36
  0.84000000E+01  0.37643306E-19 -0.56534154E-36
  0.85000000E+01  0.36965533E-19 -0.55369211E-36
  0.86000000E+01  0.36304589E-19 -0.54238026E-36
  0.87000000E+01  0.35659964E-19 -0.53139388E-36
  0.88000000E+01  0.35031166E-19 -0.52072132E-36
  0.89000000E+01  0.34417720E-19 -0.51035143E-36
  0.90000000E+01  0.33819166E-19 -0.50027351E-36
  0.91000000E+01  0.33235060E-19 -0.49047730E-36
  0.92000000E+01  0.32664974E-19 -0.48095296E-36
  0.93000000E+01  0.32108494E-19 -0.47169104E-36
  0.94000000E+01  0.31565218E-19 -0.46268248E-36
  0.95000000E+01  0.31034760E-19 -0.45391858E-36
  0.96000000E+01  0.30516746E-19 -0.44539098E-36
  0.97000000E+01  0.30010815E-19 -0.43709168E-36
  0.98000000E+01  0.29516617E-19 -0.42901298E-36
  0.99000000E+01  0.29033815E-19 -0.42114747E-36
  0.10000000E+02  0.28562081E-19 -0.41348806E-36
  0.10100000E+02  0.28101102E-19 -0.40602792E-36
  0.10200000E+02  0.27650570E-19 -0.39876048E-36
  0.10300000E+02  0.27210191E-19 -0.39167945E-36
  0.10400000E+02  0.26779679E-19 -0.38477877E-36
  0.10500000E+02  0.26358759E-19 -0.37805260E-36
  0.10600000E+02  0.25947163E-19 -0.37149533E-36
  0.10700000E+02  0.25544632E-19 -0.36510158E-36
  0.10800000E+02  0.25150917E-19 -0.35886615E-36
  0.10900000E+02  0.24765774E-19 -0.35278406E-36
  0.11000000E+02  0.24388971E-19 -0.34685049E-36
  0.11100000E+02  0.24020280E-19 -0.34106082E-36
  0.11200000E+02  0.23659481E-19 -0.33541059E-36
  0.11300000E+02  0.23306362E-19 -0.32989551E-36
  0.11400000E+02  0.22960717E-19 -0.32451145E-36
  0.11500000E+02  0.22622347E-19 -0.31925443E-36
  0.11600000E+02  0.22291059E-19 -0.31412060E-36
  0.11700000E+02  0.21966665E-19 -0.30910626E-36
  0.11800000E+02  0.21648984E-19 -0.30420786E-36
  0.11900000E+02  0.21337841E-19 -0.29942194E-36
  0.12000000E+02  0.21033065E-19 -0.29474520E-36
  0.12100000E+02  0.20734492E-19 -0.29017443E-36
  0.12200000E+02  0.20441962E-19 -0.28570654E-36
  0.12300000E+02  0.20155319E-19 -0.28133857E-36
  0.12400000E+02  0.19874414E-19 -0.27706762E-36
  0.12500000E+02  0.19599100E-19 -0.27289093E-36
  0.12600000E+02  0.19329236E-19 -0.26880581E-36
  0.12700000E+02  0.19064686E-19 -0.26480968E-36
  0.12800000E+02  0.18805316E-19 -0.26090003E-36
  0.12900000E+02  0.18550997E-19 -0.25707446E-36
  0.13000000E+02  0.18301603E-19 -0.25333061E-36
  0.13100000E+02  0.18057015E-19 -0.24966625E-36
  0.13200000E+02  0.17817112E-19 -0.24607918E-36
  0.13300000E+02  0.17581782E-19 -0.24256731E-36
  0.13400000E+02  0.17350913E-19 -0.23912858E-36
  0.13500000E+02  0.17124396E-19 -0.23576104E-36
  0.13600000E+02  0.16902128E-19 -0.23246276E-36
  0.13700000E+02  0.16684006E-19 -0.22923191E-36
  0.13800000E+02  0.16469932E-19 -0.22606669E-36
  0.13900000E+02  0.16259809E-19 -0.22296538E-36
  0.14000000E+02  0.16053544E-19 -0.21992631E-36
  0.14100000E+02  0.15851046E-19 -0.21694786E-36
  0.14200000E+02  0.15652229E-19 -0.21402844E-36
  0.14300000E+02  0.15457004E-19 -0.21116656E-36
  0.14400000E+02  0.15265291E-19 -0.20836073E-36
  0.14500000E+02  0.15077006E-19 -0.20560952E-36
  0.14600000E+02  0.14892073E-19 -0.20291155E-36
  0.14700000E+02  0.14710414E-19 -0.20026549E-36
  0.14800000E+02  0.14531955E-19 -0.19767004E-36
  0.14900000E+02  0.14356623E-19 -0.19512393E-36
  0.15000000E+02  0.14184348E-19 -0.19262594E-36
  0.15100000E+02  0.14015063E-19 -0.19017489E-36
  0.15200000E+02  0.13848698E-19 -0.18776964E-36
  0.15300000E+02  0.13685192E-19 -0.18540906E-36
  0.15400000E+02  0.13524478E-19 -0.18309207E-36
  0.15500000E+02  0.13366498E-19 -0.18081763E-36
  0.15600000E+02  0.13211190E-19 -0.17858471E-36
  0.15700000E+02  0.13058497E-19 -0.17639234E-36
  0.15800000E+02  0.12908361E-19 -0.17423953E-36
  0.15900000E+02  0.12760727E-19 -0.17212538E-36
  0.16000000E+02  0.12615543E-19 -0.17004896E-36
  0.16100000E+02  0.12472755E-19 -0.16800940E-36
  0.16200000E+02  0.12332312E-19 -0.16600584E-36
  0.16300000E+02  0.12194164E-19 -0.16403746E-36
  0.16400000E+02  0.12058264E-19 -0.16210345E-36
  0.16500000E+02  0.11924564E-19 -0.16020302E-36
  0.16600000E+02  0.11793017E-19 -0.15833541E-36
  0.16700000E+02  0.11663580E-19 -0.15649987E-36
  0.16800000E+02  0.11536208E-19 -0.15469570E-36
  0.16900000E+02  0.11410859E-19 -0.15292218E-36
  0.17000000E+02  0.11287491E-19 -0.15117864E-36
  0.17100000E+02  0.11166064E-19 -0.14946441E-36
  0.17200000E+02  0.11046538E-19 -0.14777885E-36
  0.17300000E+02  0.10928875E-19 -0.14612133E-36
  0.17400000E+02  0.10813037E-19 -0.14449124E-36
  0.17500000E+02  0.10698987E-19 -0.14288798E-36
  0.17600000E+02  0.10586690E-19 -0.14131097E-36
  0.17700000E+02  0.10476111E-19 -0.13975966E-36
  0.17800000E+02  0.10367216E-19 -0.13823349E-36
  0.17900000E+02  0.10259970E-19 -0.13673193E-36
  0.18000000E+02  0.10154343E-19 -0.13525446E-36
  0.18100000E+02  0.10050303E-19 -0.13380057E-36
  0.18200000E+02  0.99478177E-20 -0.13236977E-36
  0.18300000E+02  0.98468578E-20 -0.13096157E-36
  0.18400000E+02  0.97473938E-20 -0.12957552E-36
  0.18500000E+02  0.96493969E-20 -0.12821114E-36
  0.18600000E+02  0.95528388E-20 -0.12686801E-36
  0.18700000E+02  0.94576924E-20 -0.12554567E-36
  0.18800000E+02  0.93639306E-20 -0.12424371E-36
  0.18900000E+02  0.92715273E-20 -0.12296173E-36
  0.19000000E+02  0.91804570E-20 -0.12169930E-36
  0.19100000E+02  0.90906947E-20 -0.12045605E-36
  0.19200000E+02  0.90022158E-20 -0.11923159E-36
  0.19300000E+02  0.89149967E-20 -0.11802554E-36
  0.19400000E+02  0.88290138E-20 -0.11683755E-36
  0.19500000E+02  0.87442445E-20 -0.11566726E-36
  0.19600000E+02  0.86606664E-20 -0.11451432E-36
  0.19700000E+02  0.85782578E-20 -0.11337839E-36
  0.19800000E+02  0.84969973E-20 -0.11225914E-36
  0.19900000E+02  0.84168642E-20 -0.11115625E-36
  0.20000000E+02  0.83378380E-20 -0.11006941E-36
  0.20100000E+02  0.82598988E-20 -0.10899831E-36
  0.20200000E+02  0.81830272E-20 -0.10794265E-36
  0.20300000E+02  0.81072041E-20 -0.10690213E-36
  0.20400000E+02  0.80324109E-20 -0.10587648E-36
  0.20500000E+02  0.79586293E-20 -0.10486540E-36
  0.20600000E+02  0.78858416E-20 -0.10386863E-36
  0.20700000E+02  0.78140301E-20 -0.10288591E-36
  0.20800000E+02  0.77431779E-20 -0.10191697E-36
  0.20900000E+02  0.76732683E-20 -0.10096155E-36
  0.21000000E+02  0.76042848E-20 -0.10001941E-36
  0.21100000E+02  0.75362116E-20 -0.99090307E-37
  0.21200000E+02  0.74690328E-20 -0.98174000E-37
  0.21300000E+02  0.74027332E-20 -0.97270259E-37
  0.21400000E+02  0.73372978E-20 -0.96378857E-37
  0.21500000E+02  0.72727118E-20 -0.95499570E-37
  0.21600000E+02  0.72089608E-20 -0.94632184E-37
  0.21700000E+02  0.71460308E-20 -0.93776484E-37
  0.21800000E+02  0.70839079E-20 -0.92932264E-37
  0.21900000E+02  0.70225787E-20 -0.92099320E-37
  0.22000000E+02  0.69620297E-20 -0.91277455E-37
  0.22100000E+02  0.69022482E-20 -0.90466473E-37
  0.22200000E+02  0.68432214E-20 -0.89666186E-37
  0.22300000E+02  0.67849367E-20 -0.88876406E-37
  0.22400000E+02  0.67273821E-20 -0.88096952E-37
  0.22500000E+02  0.66705455E-20 -0.87327646E-37
  0.22600000E+02  0.66144153E-20 -0.86568314E-37
  0.22700000E+02  0.65589800E-20 -0.85818784E-37
  0.22800000E+02  0.65042283E-20 -0.85078891E-37
  0.22900000E+02  0.64501491E-20 -0.84348471E-37
  0.23000000E+02  0.63967317E-20 -0.83627363E-37
  0.23100000E+02  0.63439655E-20 -0.82915411E-37
  0.23200000E+02  0.62918401E-20 -0.82212462E-37
  0.23300000E+02  0.62403453E-20 -0.81518365E-37
  0.23400000E+02  0.61894711E-20 -0.80832974E-37
  0.23500000E+02  0.61392077E-20 -0.80156144E-37
  0.23600000E+02  0.60895456E-20 -0.79487733E-37
  0.23700000E+02  0.60404752E-20 -0.78827605E-37
  0.23800000E+02  0.59919874E-20 -0.78175622E-37
  0.23900000E+02  0.59440731E-20 -0.77531653E-37
  0.24000000E+02  0.58967235E-20 -0.76895568E-37
  0.24100000E+02  0.58499297E-20 -0.76267239E-37
  0.24200000E+02  0.58036832E-20 -0.75646540E-37
  0.24300000E+02  0.57579758E-20 -0.75033351E-37
  0.24400000E+02  0.57127990E-20 -0.74427550E-37
  0.24500000E+02  0.56681449E-20 -0.73829021E-37
  0.24600000E+02  0.56240055E-20 -0.73237647E-37
  0.24700000E+02  0.55803731E-20 -0.72653316E-37
  0.24800000E+02  0.55372399E-20 -0.72075917E-37
  0.24900000E+02  0.54945986E-20 -0.71505342E-37
  0.25000000E+02  0.54524417E-20 -0.70941483E-37
  0.25100000E+02  0.54107621E-20 -0.70384237E-37
  0.25200000E+02  0.53695526E-20 -0.69833501E-37
  0.25300000E+02  0.53288063E-20 -0.69289174E-37
  0.25400000E+02  0.52885163E-20 -0.68751158E-37
  0.25500000E+02  0.52486761E-20 -0.68219356E-37
  0.25600000E+02  0.52092788E-20 -0.67693673E-37
  0.25700000E+02  0.51703182E-20 -0.67174016E-37
  0.25800000E+02  0.51317879E-20 -0.66660295E-37
  0.25900000E+02  0.50936815E-20 -0.66152418E-37
  0.26000000E+02  0.50559931E-20 -0.65650299E-37
  0.26100000E+02  0.50187165E-20 -0.65153851E-37
  0.26200000E+02  0.49818458E-20 -0.64662989E-37
  0.26300000E+02  0.49453753E-20 -0.64177630E-37
  0.26400000E+02  0.49092993E-20 -0.63697693E-37
  0.26500000E+02  0.48736121E-20 -0.63223097E-37
  0.26600000E+02  0.48383083E-20 -0.62753765E-37
  0.26700000E+02  0.48033823E-20 -0.62289618E-37
  0.26800000E+02  0.47688290E-20 -0.61830581E-37
  0.26900000E+02  0.47346431E-20 -0.61376579E-37
  0.27000000E+02  0.47008195E-20 -0.60927540E-37
  0.27100000E+02  0.46673530E-20 -0.60483392E-37
  0.27200000E+02  0.46342388E-20 -0.60044064E-37
  0.27300000E+02  0.46014720E-20 -0.59609486E-37
  0.27400000E+02  0.45690478E-20 -0.59179592E-37
  0.27500000E+02  0.45369615E-20 -0.58754314E-37
  0.27600000E+02  0.45052084E-20 -0.58333587E-37
  0.27700000E+02  0.44737840E-20 -0.57917346E-37
  0.27800000E+02  0.44426838E-20 -0.57505528E-37
  0.27900000E+02  0.44119035E-20 -0.57098071E-37
  0.28000000E+02  0.43814387E-20 -0.56694913E-37
  0.28100000E+02  0.43512851E-20 -0.56295995E-37
  0.28200000E+02  0.43214386E-20 -0.55901257E-37
  0.28300000E+02  0.42918950E-20 -0.55510642E-37
  0.28400000E+02  0.42626504E-20 -0.55124093E-37
  0.28500000E+02  0.42337006E-20 -0.54741553E-37
  0.28600000E+02  0.42050419E-20 -0.54362968E-37
  0.28700000E+02  0.41766704E-20 -0.53988283E-37
  0.28800000E+02  0.41485822E-20 -0.53617445E-37
  0.28900000E+02  0.41207737E-20 -0.53250402E-37
  0.29000000E+02  0.40932411E-20 -0.52887103E-37
  0.29100000E+02  0.40659810E-20 -0.52527496E-37
  0.29200000E+02  0.40389897E-20 -0.52171533E-37
  0.29300000E+02  0.40122637E-20 -0.51819164E-37
  0.29400000E+02  0.39857996E-20 -0.51470341E-37
  0.29500000E+02  0.39595941E-20 -0.51125018E-37
  0.29600000E+02  0.39336438E-20 -0.50783147E-37
  0.29700000E+02  0.39079454E-20 -0.50444683E-37
  0.29800000E+02  0.38824957E-20 -0.50109580E-37
  0.29900000E+02  0.38572916E-20 -0.49777795E-37
  0.30000000E+02  0.38323299E-20 -0.49449285E-37
  0.30100000E+02  0.38076075E-20 -0.49124006E-37
  0.30200000E+02  0.37831215E-20 -0.48801915E-37
  0.30300000E+02  0.37588688E-20 -0.48482973E-37
  0.30400000E+02  0.37348465E-20 -0.48167138E-37
  0.30500000E+02  0.37110518E-20 -0.47854370E-37
  0.30600000E+02  0.36874818E-20 -0.47544629E-37
  0.30700000E+02  0.36641336E-20 -0.47237877E-37
  0.30800000E+02  0.36410047E-20 -0.46934076E-37
  0.30900000E+02  0.36180921E-20 -0.46633187E-37
  0.31000000E+02  0.35953933E-20 -0.46335174E-37
  0.31100000E+02  0.35729057E-20 -0.46040001E-37
  0.31200000E+02  0.35506266E-20 -0.45747631E-37
  0.31300000E+02  0.35285535E-20 -0.45458029E-37
  0.31400000E+02  0.35066839E-20 -0.45171161E-37
  0.31500000E+02  0.34850154E-20 -0.44886993E-37
  0.31600000E+02  0.34635454E-20 -0.44605490E-37
  0.31700000E+02  0.34422716E-20 -0.44326620E-37
  0.31800000E+02  0.34211916E-20 -0.44050349E-37
  0.31900000E+02  0.34003031E-20 -0.43776647E-37
  0.32000000E+02  0.33796038E-20 -0.43505481E-37
  0.32100000E+02  0.33590914E-20 -0.43236819E-37
  0.32200000E+02  0.33387637E-20 -0.42970633E-37
  0.32300000E+02  0.33186186E-20 -0.42706890E-37
  0.32400000E+02  0.32986538E-20 -0.42445562E-37
  0.32500000E+02  0.32788672E-20 -0.42186618E-37
  0.32600000E+02  0.32592568E-20 -0.41930031E-37
  0.32700000E+02  0.32398204E-20 -0.41675772E-37
  0.32800000E+02  0.32205560E-20 -0.41423813E-37
  0.32900000E+02  0.32014616E-20 -0.41174126E-37
  0.33000000E+02  0.31825353E-20 -0.40926684E-37
  0.33100000E+02  0.31637751E-20 -0.40681461E-37
  0.33200000E+02  0.31451790E-20 -0.40438429E-37
  0.33300000E+02  0.31267452E-20 -0.40197563E-37
  0.33400000E+02  0.31084717E-20 -0.39958838E-37
  0.33500000E+02  0.30903568E-20 -0.39722228E-37
  0.33600000E+02  0.30723987E-20 -0.39487708E-37
  0.33700000E+02  0.30545955E-20 -0.39255254E-37
  0.33800000E+02  0.30369455E-20 -0.39024842E-37
  0.33900000E+02  0.30194469E-20 -0.38796447E-37
  0.34000000E+02  0.30020980E-20 -0.38570047E-37
  0.34100000E+02  0.29848972E-20 -0.38345619E-37
  0.34200000E+02  0.29678427E-20 -0.38123139E-37
  0.34300000E+02  0.29509330E-20 -0.37902585E-37
  0.34400000E+02  0.29341664E-20 -0.37683935E-37
  0.34500000E+02  0.29175412E-20 -0.37467168E-37
  0.34600000E+02  0.29010560E-20 -0.37252261E-37
  0.34700000E+02  0.28847092E-20 -0.37039194E-37
  0.34800000E+02  0.28684992E-20 -0.36827946E-37
  0.34900000E+02  0.28524245E-20 -0.36618495E-37
  0.35000000E+02  0.28364837E-20 -0.36410823E-37
  0.35100000E+02  0.28206752E-20 -0.36204908E-37
  0.35200000E+02  0.28049976E-20 -0.36000731E-37
  0.35300000E+02  0.27894495E-20 -0.35798273E-37
  0.35400000E+02  0.27740295E-20 -0.35597515E-37
  0.35500000E+02  0.27587361E-20 -0.35398436E-37
  0.35600000E+02  0.27435681E-20 -0.35201020E-37
  0.35700000E+02  0.27285240E-20 -0.35005247E-37
  0.35800000E+02  0.27136024E-20 -0.34811099E-37
  0.35900000E+02  0.26988022E-20 -0.34618559E-37
  0.36000000E+02  0.26841219E-20 -0.34427608E-37
  0.36100000E+02  0.26695604E-20 -0.34238230E-37
  0.36200000E+02  0.26551162E-20 -0.34050406E-37
  0.36300000E+02  0.26407883E-20 -0.33864121E-37
  0.36400000E+02  0.26265752E-20 -0.33679358E-37
  0.36500000E+02  0.26124759E-20 -0.33496099E-37
  0.36600000E+02  0.25984891E-20 -0.33314329E-37
  0.36700000E+02  0.25846137E-20 -0.33134031E-37
  0.36800000E+02  0.25708484E-20 -0.32955191E-37
  0.36900000E+02  0.25571921E-20 -0.32777792E-37
  0.37000000E+02  0.25436437E-20 -0.32601818E-37
  0.37100000E+02  0.25302020E-20 -0.32427255E-37
  0.37200000E+02  0.25168659E-20 -0.32254088E-37
  0.37300000E+02  0.25036344E-20 -0.32082301E-37
  0.37400000E+02  0.24905063E-20 -0.31911881E-37
  0.37500000E+02  0.24774806E-20 -0.31742812E-37
  0.37600000E+02  0.24645563E-20 -0.31575081E-37
  0.37700000E+02  0.24517322E-20 -0.31408673E-37
  0.37800000E+02  0.24390073E-20 -0.31243575E-37
  0.37900000E+02  0.24263807E-20 -0.31079772E-37
  0.38000000E+02  0.24138513E-20 -0.30917253E-37
  0.38100000E+02  0.24014182E-20 -0.30756002E-37
  0.38200000E+02  0.23890803E-20 -0.30596007E-37
  0.38300000E+02  0.23768367E-20 -0.30437255E-37
  0.38400000E+02  0.23646865E-20 -0.30279734E-37
  0.38500000E+02  0.23526287E-20 -0.30123429E-37
  0.38600000E+02  0.23406623E-20 -0.29968330E-37
  0.38700000E+02  0.23287865E-20 -0.29814424E-37
  0.38800000E+02  0.23170004E-20 -0.29661698E-37
  0.38900000E+02  0.23053030E-20 -0.29510140E-37
  0.39000000E+02  0.22936935E-20 -0.29359739E-37
  0.39100000E+02  0.22821710E-20 -0.29210483E-37
  0.39200000E+02  0.22707346E-20 -0.29062360E-37
  0.39300000E+02  0.22593835E-20 -0.28915359E-37
  0.39400000E+02  0.22481169E-20 -0.28769469E-37
  0.39500000E+02  0.22369338E-20 -0.28624678E-37
  0.39600000E+02  0.22258336E-20 -0.28480976E-37
  0.39700000E+02  0.22148153E-20 -0.28338351E-37
  0.39800000E+02  0.22038782E-20 -0.28196793E-37
  0.39900000E+02  0.21930216E-20 -0.28056292E-37
  0.40000000E+02  0.21822445E-20 -0.27916836E-37
