  0.00000000E+00 -0.63689175E-23  0.88402279E-37
  0.10000000E+00 -0.63611322E-23  0.86453273E-37
  0.20000000E+00 -0.63380559E-23  0.84441355E-37
  0.30000000E+00 -0.63004885E-23  0.80689131E-37
  0.40000000E+00 -0.62496416E-23  0.77097083E-37
  0.50000000E+00 -0.61869947E-23  0.71999967E-37
  0.60000000E+00 -0.61141492E-23  0.66092386E-37
  0.70000000E+00 -0.60327055E-23  0.59279628E-37
  0.80000000E+00 -0.59441767E-23  0.54250900E-37
  0.90000000E+00 -0.58499368E-23  0.49349596E-37
  0.10000000E+01 -0.57511988E-23  0.44174716E-37
  0.11000000E+01 -0.56490120E-23  0.37993659E-37
  0.12000000E+01 -0.55442726E-23  0.34693438E-37
  0.13000000E+01 -0.54377392E-23  0.28453416E-37
  0.14000000E+01 -0.53300515E-23  0.24364861E-37
  0.15000000E+01 -0.52217480E-23  0.22320153E-37
  0.16000000E+01 -0.51132819E-23  0.18311485E-37
  0.17000000E+01 -0.50050350E-23  0.14436835E-37
  0.18000000E+01 -0.48973296E-23  0.12356890E-37
  0.19000000E+01 -0.47904378E-23  0.96208070E-38
  0.20000000E+01 -0.46845896E-23  0.76012847E-38
  0.21000000E+01 -0.45799791E-23  0.45234530E-38
  0.22000000E+01 -0.44767697E-23  0.42853443E-38
  0.23000000E+01 -0.43750983E-23  0.29129145E-38
  0.24000000E+01 -0.42750788E-23  0.63108150E-39
  0.25000000E+01 -0.41768052E-23 -0.78757219E-40
  0.26000000E+01 -0.40803537E-23 -0.16288440E-38
  0.27000000E+01 -0.39857852E-23 -0.24401466E-38
  0.28000000E+01 -0.38931466E-23 -0.23910276E-38
  0.29000000E+01 -0.38024728E-23 -0.38383117E-38
  0.30000000E+01 -0.37137882E-23 -0.37210413E-38
  0.31000000E+01 -0.36271074E-23 -0.50586508E-38
  0.32000000E+01 -0.35424367E-23 -0.57425958E-38
  0.33000000E+01 -0.34597753E-23 -0.57742711E-38
  0.34000000E+01 -0.33791155E-23 -0.65670378E-38
  0.35000000E+01 -0.33004444E-23 -0.63381086E-38
  0.36000000E+01 -0.32237438E-23 -0.72048856E-38
  0.37000000E+01 -0.31489915E-23 -0.71820802E-38
  0.38000000E+01 -0.30761615E-23 -0.68832640E-38
  0.39000000E+01 -0.30052248E-23 -0.72553169E-38
  0.40000000E+01 -0.29361497E-23 -0.71906202E-38
  0.41000000E+01 -0.28689024E-23 -0.80843265E-38
  0.42000000E+01 -0.28034474E-23 -0.74187614E-38
  0.43000000E+01 -0.27397475E-23 -0.74054808E-38
  0.44000000E+01 -0.26777646E-23 -0.71222330E-38
  0.45000000E+01 -0.26174598E-23 -0.76352664E-38
  0.46000000E+01 -0.25587934E-23 -0.75215195E-38
  0.47000000E+01 -0.25017255E-23 -0.77321498E-38
  0.48000000E+01 -0.24462161E-23 -0.76919916E-38
  0.49000000E+01 -0.23922249E-23 -0.72764756E-38
  0.50000000E+01 -0.23397121E-23 -0.74225139E-38
  0.51000000E+01 -0.22886380E-23 -0.73083915E-38
  0.52000000E+01 -0.22389632E-23 -0.70598384E-38
  0.53000000E+01 -0.21906489E-23 -0.71441173E-38
  0.54000000E+01 -0.21436569E-23 -0.70070250E-38
  0.55000000E+01 -0.20979494E-23 -0.72213007E-38
  0.56000000E+01 -0.20534895E-23 -0.68359086E-38
  0.57000000E+01 -0.20102410E-23 -0.68855482E-38
  0.58000000E+01 -0.19681684E-23 -0.69007529E-38
  0.59000000E+01 -0.19272370E-23 -0.67319970E-38
  0.60000000E+01 -0.18874129E-23 -0.64777663E-38
  0.61000000E+01 -0.18486630E-23 -0.66209107E-38
  0.62000000E+01 -0.18109553E-23 -0.64008944E-38
  0.63000000E+01 -0.17742582E-23 -0.63423457E-38
  0.64000000E+01 -0.17385414E-23 -0.61326851E-38
  0.65000000E+01 -0.17037750E-23 -0.61015625E-38
  0.66000000E+01 -0.16699304E-23 -0.62465678E-38
  0.67000000E+01 -0.16369795E-23 -0.60998110E-38
  0.68000000E+01 -0.16048951E-23 -0.55565487E-38
  0.69000000E+01 -0.15736509E-23 -0.58505180E-38
  0.70000000E+01 -0.15432214E-23 -0.57052167E-38
  0.71000000E+01 -0.15135817E-23 -0.56507900E-38
  0.72000000E+01 -0.14847078E-23 -0.55783668E-38
  0.73000000E+01 -0.14565765E-23 -0.56255751E-38
  0.74000000E+01 -0.14291652E-23 -0.55027546E-38
  0.75000000E+01 -0.14024522E-23 -0.54025856E-38
  0.76000000E+01 -0.13764163E-23 -0.51742416E-38
  0.77000000E+01 -0.13510370E-23 -0.51743322E-38
  0.78000000E+01 -0.13262946E-23 -0.51996732E-38
  0.79000000E+01 -0.13021700E-23 -0.49029139E-38
  0.80000000E+01 -0.12786446E-23 -0.50404154E-38
  0.81000000E+01 -0.12557005E-23 -0.48040366E-38
  0.82000000E+01 -0.12333203E-23 -0.47008803E-38
  0.83000000E+01 -0.12114874E-23 -0.47456729E-38
  0.84000000E+01 -0.11901855E-23 -0.48173305E-38
  0.85000000E+01 -0.11693989E-23 -0.44870995E-38
  0.86000000E+01 -0.11491124E-23 -0.45784882E-38
  0.87000000E+01 -0.11293114E-23 -0.44553748E-38
  0.88000000E+01 -0.11099817E-23 -0.43749102E-38
  0.89000000E+01 -0.10911095E-23 -0.44436262E-38
  0.90000000E+01 -0.10726816E-23 -0.42248765E-38
  0.91000000E+01 -0.10546852E-23 -0.43697635E-38
  0.92000000E+01 -0.10371078E-23 -0.41011780E-38
  0.93000000E+01 -0.10199374E-23 -0.40896523E-38
  0.94000000E+01 -0.10031624E-23 -0.39611260E-38
  0.95000000E+01 -0.98677159E-24 -0.38858501E-38
  0.96000000E+01 -0.97075404E-24 -0.38822268E-38
  0.97000000E+01 -0.95509923E-24 -0.38929176E-38
  0.98000000E+01 -0.93979700E-24 -0.37088554E-38
  0.99000000E+01 -0.92483749E-24 -0.37405197E-38
  0.10000000E+02 -0.91021116E-24 -0.36620371E-38
  0.10100000E+02 -0.89590879E-24 -0.36731803E-38
  0.10200000E+02 -0.88192143E-24 -0.35689289E-38
  0.10300000E+02 -0.86824045E-24 -0.35562040E-38
  0.10400000E+02 -0.85485746E-24 -0.34800160E-38
  0.10500000E+02 -0.84176437E-24 -0.34010617E-38
  0.10600000E+02 -0.82895332E-24 -0.33780860E-38
  0.10700000E+02 -0.81641671E-24 -0.33479823E-38
  0.10800000E+02 -0.80414717E-24 -0.33687721E-38
  0.10900000E+02 -0.79213758E-24 -0.32417873E-38
  0.11000000E+02 -0.78038103E-24 -0.31225540E-38
  0.11100000E+02 -0.76887082E-24 -0.30495142E-38
  0.11200000E+02 -0.75760047E-24 -0.31020433E-38
  0.11300000E+02 -0.74656368E-24 -0.30056058E-38
  0.11400000E+02 -0.73575437E-24 -0.29719118E-38
  0.11500000E+02 -0.72516664E-24 -0.30182651E-38
  0.11600000E+02 -0.71479475E-24 -0.30582737E-38
  0.11700000E+02 -0.70463316E-24 -0.28819906E-38
  0.11800000E+02 -0.69467648E-24 -0.28897496E-38
  0.11900000E+02 -0.68491950E-24 -0.28042831E-38
  0.12000000E+02 -0.67535716E-24 -0.27727962E-38
  0.12100000E+02 -0.66598454E-24 -0.27096293E-38
  0.12200000E+02 -0.65679688E-24 -0.26950655E-38
  0.12300000E+02 -0.64778955E-24 -0.27146035E-38
  0.12400000E+02 -0.63895809E-24 -0.26999041E-38
  0.12500000E+02 -0.63029812E-24 -0.26407914E-38
  0.12600000E+02 -0.62180543E-24 -0.26233664E-38
  0.12700000E+02 -0.61347591E-24 -0.25400394E-38
  0.12800000E+02 -0.60530559E-24 -0.25193043E-38
  0.12900000E+02 -0.59729060E-24 -0.24489846E-38
  0.13000000E+02 -0.58942718E-24 -0.25110832E-38
  0.13100000E+02 -0.58171168E-24 -0.24342689E-38
  0.13200000E+02 -0.57414058E-24 -0.23891474E-38
  0.13300000E+02 -0.56671042E-24 -0.23133295E-38
  0.13400000E+02 -0.55941786E-24 -0.23480186E-38
  0.13500000E+02 -0.55225967E-24 -0.22952142E-38
  0.13600000E+02 -0.54523267E-24 -0.22458713E-38
  0.13700000E+02 -0.53833380E-24 -0.22311255E-38
  0.13800000E+02 -0.53156008E-24 -0.22366213E-38
  0.13900000E+02 -0.52490862E-24 -0.21321908E-38
  0.14000000E+02 -0.51837659E-24 -0.21042671E-38
  0.14100000E+02 -0.51196125E-24 -0.20218410E-38
  0.14200000E+02 -0.50565994E-24 -0.21063206E-38
  0.14300000E+02 -0.49947007E-24 -0.20423094E-38
  0.14400000E+02 -0.49338911E-24 -0.20881866E-38
  0.14500000E+02 -0.48741461E-24 -0.20299331E-38
  0.14600000E+02 -0.48154419E-24 -0.19992734E-38
  0.14700000E+02 -0.47577551E-24 -0.19296464E-38
  0.14800000E+02 -0.47010633E-24 -0.19556836E-38
  0.14900000E+02 -0.46453445E-24 -0.19010198E-38
  0.15000000E+02 -0.45905771E-24 -0.18679863E-38
  0.15100000E+02 -0.45367404E-24 -0.18674645E-38
  0.15200000E+02 -0.44838141E-24 -0.19128194E-38
  0.15300000E+02 -0.44317783E-24 -0.18785395E-38
  0.15400000E+02 -0.43806139E-24 -0.17948575E-38
  0.15500000E+02 -0.43303022E-24 -0.18276020E-38
  0.15600000E+02 -0.42808248E-24 -0.17828870E-38
  0.15700000E+02 -0.42321639E-24 -0.17675177E-38
  0.15800000E+02 -0.41843023E-24 -0.16696907E-38
  0.15900000E+02 -0.41372230E-24 -0.17323825E-38
  0.16000000E+02 -0.40909096E-24 -0.17070334E-38
  0.16100000E+02 -0.40453461E-24 -0.16507229E-38
  0.16200000E+02 -0.40005168E-24 -0.16477245E-38
  0.16300000E+02 -0.39564064E-24 -0.16320995E-38
  0.16400000E+02 -0.39130002E-24 -0.16230939E-38
  0.16500000E+02 -0.38702837E-24 -0.15483253E-38
  0.16600000E+02 -0.38282426E-24 -0.15896298E-38
  0.16700000E+02 -0.37868633E-24 -0.15684378E-38
  0.16800000E+02 -0.37461323E-24 -0.16343400E-38
  0.16900000E+02 -0.37060364E-24 -0.15726454E-38
  0.17000000E+02 -0.36665630E-24 -0.14867512E-38
  0.17100000E+02 -0.36276995E-24 -0.14664053E-38
  0.17200000E+02 -0.35894338E-24 -0.14420593E-38
  0.17300000E+02 -0.35517540E-24 -0.15103521E-38
  0.17400000E+02 -0.35146485E-24 -0.14451368E-38
  0.17500000E+02 -0.34781060E-24 -0.14340577E-38
  0.17600000E+02 -0.34421154E-24 -0.14584352E-38
  0.17700000E+02 -0.34066660E-24 -0.14234242E-38
  0.17800000E+02 -0.33717472E-24 -0.14327597E-38
  0.17900000E+02 -0.33373488E-24 -0.14211198E-38
  0.18000000E+02 -0.33034608E-24 -0.13705203E-38
  0.18100000E+02 -0.32700733E-24 -0.13798417E-38
  0.18200000E+02 -0.32371767E-24 -0.13991047E-38
  0.18300000E+02 -0.32047618E-24 -0.12994588E-38
  0.18400000E+02 -0.31728193E-24 -0.13200728E-38
  0.18500000E+02 -0.31413404E-24 -0.13289525E-38
  0.18600000E+02 -0.31103164E-24 -0.13355988E-38
  0.18700000E+02 -0.30797386E-24 -0.12669671E-38
  0.18800000E+02 -0.30495989E-24 -0.12726612E-38
  0.18900000E+02 -0.30198891E-24 -0.12308707E-38
  0.19000000E+02 -0.29906012E-24 -0.13266824E-38
  0.19100000E+02 -0.29617274E-24 -0.12745071E-38
  0.19200000E+02 -0.29332601E-24 -0.12284077E-38
  0.19300000E+02 -0.29051920E-24 -0.12320117E-38
  0.19400000E+02 -0.28775158E-24 -0.12072786E-38
  0.19500000E+02 -0.28502243E-24 -0.12180244E-38
  0.19600000E+02 -0.28233106E-24 -0.12350229E-38
  0.19700000E+02 -0.27967679E-24 -0.12026340E-38
  0.19800000E+02 -0.27705896E-24 -0.11552467E-38
  0.19900000E+02 -0.27447691E-24 -0.11313465E-38
  0.20000000E+02 -0.27193002E-24 -0.11311782E-38
  0.20100000E+02 -0.26941766E-24 -0.11204151E-38
  0.20200000E+02 -0.26693922E-24 -0.11006640E-38
  0.20300000E+02 -0.26449410E-24 -0.11125017E-38
  0.20400000E+02 -0.26208173E-24 -0.11060574E-38
  0.20500000E+02 -0.25970153E-24 -0.11145587E-38
  0.20600000E+02 -0.25735295E-24 -0.10653520E-38
  0.20700000E+02 -0.25503543E-24 -0.10914867E-38
  0.20800000E+02 -0.25274844E-24 -0.10479948E-38
  0.20900000E+02 -0.25049147E-24 -0.10698500E-38
  0.21000000E+02 -0.24826399E-24 -0.10075570E-38
  0.21100000E+02 -0.24606551E-24 -0.10036722E-38
  0.21200000E+02 -0.24389553E-24 -0.10002073E-38
  0.21300000E+02 -0.24175357E-24 -0.10073234E-38
  0.21400000E+02 -0.23963916E-24 -0.99115089E-39
  0.21500000E+02 -0.23755184E-24 -0.10231696E-38
  0.21600000E+02 -0.23549116E-24 -0.10189848E-38
  0.21700000E+02 -0.23345668E-24 -0.98359119E-39
  0.21800000E+02 -0.23144795E-24 -0.95254027E-39
  0.21900000E+02 -0.22946455E-24 -0.94394401E-39
  0.22000000E+02 -0.22750608E-24 -0.98006373E-39
  0.22100000E+02 -0.22557211E-24 -0.93188868E-39
  0.22200000E+02 -0.22366226E-24 -0.91330586E-39
  0.22300000E+02 -0.22177612E-24 -0.94515231E-39
  0.22400000E+02 -0.21991331E-24 -0.90126868E-39
  0.22500000E+02 -0.21807346E-24 -0.93630611E-39
  0.22600000E+02 -0.21625620E-24 -0.89947773E-39
  0.22700000E+02 -0.21446117E-24 -0.89923714E-39
  0.22800000E+02 -0.21268800E-24 -0.88991602E-39
  0.22900000E+02 -0.21093636E-24 -0.89031646E-39
  0.23000000E+02 -0.20920590E-24 -0.83721689E-39
  0.23100000E+02 -0.20749628E-24 -0.87219801E-39
  0.23200000E+02 -0.20580719E-24 -0.86464796E-39
  0.23300000E+02 -0.20413829E-24 -0.85921202E-39
  0.23400000E+02 -0.20248927E-24 -0.86345642E-39
  0.23500000E+02 -0.20085983E-24 -0.82155669E-39
  0.23600000E+02 -0.19924965E-24 -0.81581878E-39
  0.23700000E+02 -0.19765844E-24 -0.83433569E-39
  0.23800000E+02 -0.19608592E-24 -0.82153496E-39
  0.23900000E+02 -0.19453178E-24 -0.79607772E-39
  0.24000000E+02 -0.19299576E-24 -0.79391431E-39
  0.24100000E+02 -0.19147757E-24 -0.80192205E-39
  0.24200000E+02 -0.18997695E-24 -0.79975783E-39
  0.24300000E+02 -0.18849362E-24 -0.78153798E-39
  0.24400000E+02 -0.18702733E-24 -0.76317170E-39
  0.24500000E+02 -0.18557782E-24 -0.78306259E-39
  0.24600000E+02 -0.18414484E-24 -0.76093246E-39
  0.24700000E+02 -0.18272814E-24 -0.76486289E-39
  0.24800000E+02 -0.18132749E-24 -0.76762640E-39
  0.24900000E+02 -0.17994264E-24 -0.72749850E-39
  0.25000000E+02 -0.17857336E-24 -0.74865446E-39
  0.25100000E+02 -0.17721942E-24 -0.74862424E-39
  0.25200000E+02 -0.17588059E-24 -0.74476552E-39
  0.25300000E+02 -0.17455666E-24 -0.72489331E-39
  0.25400000E+02 -0.17324741E-24 -0.72383825E-39
  0.25500000E+02 -0.17195262E-24 -0.72247864E-39
  0.25600000E+02 -0.17067209E-24 -0.71667282E-39
  0.25700000E+02 -0.16940561E-24 -0.69081192E-39
  0.25800000E+02 -0.16815297E-24 -0.72368051E-39
  0.25900000E+02 -0.16691398E-24 -0.70528250E-39
  0.26000000E+02 -0.16568845E-24 -0.69829638E-39
  0.26100000E+02 -0.16447618E-24 -0.69746834E-39
  0.26200000E+02 -0.16327699E-24 -0.69405289E-39
  0.26300000E+02 -0.16209068E-24 -0.67171650E-39
  0.26400000E+02 -0.16091709E-24 -0.66652585E-39
  0.26500000E+02 -0.15975602E-24 -0.67922696E-39
  0.26600000E+02 -0.15860731E-24 -0.64933160E-39
  0.26700000E+02 -0.15747078E-24 -0.65193113E-39
  0.26800000E+02 -0.15634626E-24 -0.65360910E-39
  0.26900000E+02 -0.15523359E-24 -0.64592184E-39
  0.27000000E+02 -0.15413260E-24 -0.64300950E-39
  0.27100000E+02 -0.15304313E-24 -0.63406333E-39
  0.27200000E+02 -0.15196503E-24 -0.63125593E-39
  0.27300000E+02 -0.15089813E-24 -0.63030049E-39
  0.27400000E+02 -0.14984229E-24 -0.64411322E-39
  0.27500000E+02 -0.14879735E-24 -0.62143259E-39
  0.27600000E+02 -0.14776316E-24 -0.64032011E-39
  0.27700000E+02 -0.14673959E-24 -0.62348672E-39
  0.27800000E+02 -0.14572649E-24 -0.61266291E-39
  0.27900000E+02 -0.14472372E-24 -0.60767378E-39
  0.28000000E+02 -0.14373113E-24 -0.61416769E-39
  0.28100000E+02 -0.14274860E-24 -0.59593449E-39
  0.28200000E+02 -0.14177599E-24 -0.59074151E-39
  0.28300000E+02 -0.14081317E-24 -0.59135216E-39
  0.28400000E+02 -0.13986000E-24 -0.58059624E-39
  0.28500000E+02 -0.13891637E-24 -0.59216026E-39
  0.28600000E+02 -0.13798214E-24 -0.57260462E-39
  0.28700000E+02 -0.13705720E-24 -0.57921106E-39
  0.28800000E+02 -0.13614142E-24 -0.57790203E-39
  0.28900000E+02 -0.13523468E-24 -0.55053972E-39
  0.29000000E+02 -0.13433687E-24 -0.56176652E-39
  0.29100000E+02 -0.13344787E-24 -0.56271584E-39
  0.29200000E+02 -0.13256756E-24 -0.55013468E-39
  0.29300000E+02 -0.13169584E-24 -0.55761808E-39
  0.29400000E+02 -0.13083259E-24 -0.55611503E-39
  0.29500000E+02 -0.12997771E-24 -0.55750223E-39
  0.29600000E+02 -0.12913109E-24 -0.53820385E-39
  0.29700000E+02 -0.12829262E-24 -0.52998918E-39
  0.29800000E+02 -0.12746221E-24 -0.53275848E-39
  0.29900000E+02 -0.12663974E-24 -0.51622151E-39
  0.30000000E+02 -0.12582513E-24 -0.50995817E-39
  0.30100000E+02 -0.12501826E-24 -0.52843577E-39
  0.30200000E+02 -0.12421905E-24 -0.51001368E-39
  0.30300000E+02 -0.12342740E-24 -0.50887145E-39
  0.30400000E+02 -0.12264321E-24 -0.50844947E-39
  0.30500000E+02 -0.12186640E-24 -0.51711084E-39
  0.30600000E+02 -0.12109686E-24 -0.50530943E-39
  0.30700000E+02 -0.12033452E-24 -0.52240752E-39
  0.30800000E+02 -0.11957928E-24 -0.49511633E-39
  0.30900000E+02 -0.11883106E-24 -0.50580413E-39
  0.31000000E+02 -0.11808976E-24 -0.50687084E-39
  0.31100000E+02 -0.11735531E-24 -0.48507352E-39
  0.31200000E+02 -0.11662762E-24 -0.49164235E-39
  0.31300000E+02 -0.11590662E-24 -0.48571717E-39
  0.31400000E+02 -0.11519221E-24 -0.46895550E-39
  0.31500000E+02 -0.11448432E-24 -0.47720914E-39
  0.31600000E+02 -0.11378288E-24 -0.46173936E-39
  0.31700000E+02 -0.11308779E-24 -0.47132463E-39
  0.31800000E+02 -0.11239900E-24 -0.45236169E-39
  0.31900000E+02 -0.11171642E-24 -0.46069779E-39
  0.32000000E+02 -0.11103998E-24 -0.46099993E-39
  0.32100000E+02 -0.11036961E-24 -0.45486073E-39
  0.32200000E+02 -0.10970523E-24 -0.45692181E-39
  0.32300000E+02 -0.10904678E-24 -0.45378861E-39
  0.32400000E+02 -0.10839418E-24 -0.45229633E-39
  0.32500000E+02 -0.10774737E-24 -0.44439547E-39
  0.32600000E+02 -0.10710627E-24 -0.44357546E-39
  0.32700000E+02 -0.10647083E-24 -0.45521748E-39
  0.32800000E+02 -0.10584098E-24 -0.44363037E-39
  0.32900000E+02 -0.10521665E-24 -0.45718276E-39
  0.33000000E+02 -0.10459777E-24 -0.44395796E-39
  0.33100000E+02 -0.10398430E-24 -0.43050189E-39
  0.33200000E+02 -0.10337615E-24 -0.42988653E-39
  0.33300000E+02 -0.10277328E-24 -0.42780382E-39
  0.33400000E+02 -0.10217562E-24 -0.42000004E-39
  0.33500000E+02 -0.10158311E-24 -0.42717907E-39
  0.33600000E+02 -0.10099570E-24 -0.42260324E-39
  0.33700000E+02 -0.10041332E-24 -0.43147861E-39
  0.33800000E+02 -0.99835919E-25 -0.42372511E-39
  0.33900000E+02 -0.99263443E-25 -0.42012480E-39
  0.34000000E+02 -0.98695836E-25 -0.41665102E-39
  0.34100000E+02 -0.98133042E-25 -0.40878777E-39
  0.34200000E+02 -0.97575007E-25 -0.39967077E-39
  0.34300000E+02 -0.97021679E-25 -0.40549125E-39
  0.34400000E+02 -0.96473005E-25 -0.41034729E-39
  0.34500000E+02 -0.95928934E-25 -0.40791635E-39
  0.34600000E+02 -0.95389414E-25 -0.40398926E-39
  0.34700000E+02 -0.94854395E-25 -0.39381293E-39
  0.34800000E+02 -0.94323828E-25 -0.39962698E-39
  0.34900000E+02 -0.93797665E-25 -0.39266335E-39
  0.35000000E+02 -0.93275856E-25 -0.40981382E-39
  0.35100000E+02 -0.92758354E-25 -0.39554287E-39
  0.35200000E+02 -0.92245112E-25 -0.38514688E-39
  0.35300000E+02 -0.91736085E-25 -0.38941425E-39
  0.35400000E+02 -0.91231226E-25 -0.38033823E-39
  0.35500000E+02 -0.90730490E-25 -0.37329852E-39
  0.35600000E+02 -0.90233834E-25 -0.37854336E-39
  0.35700000E+02 -0.89741212E-25 -0.37952855E-39
  0.35800000E+02 -0.89252582E-25 -0.37240452E-39
  0.35900000E+02 -0.88767902E-25 -0.36423759E-39
  0.36000000E+02 -0.88287128E-25 -0.37544675E-39
  0.36100000E+02 -0.87810220E-25 -0.36550357E-39
  0.36200000E+02 -0.87337136E-25 -0.37337914E-39
  0.36300000E+02 -0.86867837E-25 -0.35791902E-39
  0.36400000E+02 -0.86402281E-25 -0.36657339E-39
  0.36500000E+02 -0.85940430E-25 -0.36208940E-39
  0.36600000E+02 -0.85482245E-25 -0.35314504E-39
  0.36700000E+02 -0.85027687E-25 -0.35792378E-39
  0.36800000E+02 -0.84576718E-25 -0.35097833E-39
  0.36900000E+02 -0.84129302E-25 -0.35607483E-39
  0.37000000E+02 -0.83685400E-25 -0.34190772E-39
  0.37100000E+02 -0.83244977E-25 -0.34797495E-39
  0.37200000E+02 -0.82807996E-25 -0.35317401E-39
  0.37300000E+02 -0.82374423E-25 -0.34242504E-39
  0.37400000E+02 -0.81944221E-25 -0.33884152E-39
  0.37500000E+02 -0.81517357E-25 -0.34709731E-39
  0.37600000E+02 -0.81093796E-25 -0.33354097E-39
  0.37700000E+02 -0.80673505E-25 -0.33873983E-39
  0.37800000E+02 -0.80256449E-25 -0.33210419E-39
  0.37900000E+02 -0.79842597E-25 -0.33630688E-39
  0.38000000E+02 -0.79431915E-25 -0.32842941E-39
  0.38100000E+02 -0.79024372E-25 -0.32731603E-39
  0.38200000E+02 -0.78619936E-25 -0.33037428E-39
  0.38300000E+02 -0.78218575E-25 -0.31663898E-39
  0.38400000E+02 -0.77820259E-25 -0.32739593E-39
  0.38500000E+02 -0.77424957E-25 -0.33576836E-39
  0.38600000E+02 -0.77032640E-25 -0.31800384E-39
  0.38700000E+02 -0.76643276E-25 -0.31050221E-39
  0.38800000E+02 -0.76256838E-25 -0.32433607E-39
  0.38900000E+02 -0.75873295E-25 -0.32212165E-39
  0.39000000E+02 -0.75492620E-25 -0.31615625E-39
  0.39100000E+02 -0.75114784E-25 -0.32202151E-39
  0.39200000E+02 -0.74739758E-25 -0.30765309E-39
  0.39300000E+02 -0.74367516E-25 -0.31769732E-39
  0.39400000E+02 -0.73998029E-25 -0.30391227E-39
  0.39500000E+02 -0.73631272E-25 -0.29474083E-39
  0.39600000E+02 -0.73267217E-25 -0.29583581E-39
  0.39700000E+02 -0.72905838E-25 -0.29618037E-39
  0.39800000E+02 -0.72547110E-25 -0.29863559E-39
  0.39900000E+02 -0.72191005E-25 -0.30570772E-39
  0.40000000E+02 -0.71837500E-25 -0.29287784E-39
