  0.00000000E+00 -0.21691579E-20 -0.12041259E-35
  0.10000000E+00 -0.21719797E-20 -0.12037944E-35
  0.20000000E+00 -0.21802649E-20 -0.12022433E-35
  0.30000000E+00 -0.21934928E-20 -0.11976068E-35
  0.40000000E+00 -0.22108617E-20 -0.11937444E-35
  0.50000000E+00 -0.22313714E-20 -0.11893977E-35
  0.60000000E+00 -0.22539166E-20 -0.11808685E-35
  0.70000000E+00 -0.22773738E-20 -0.11724758E-35
  0.80000000E+00 -0.23006752E-20 -0.11598704E-35
  0.90000000E+00 -0.23228610E-20 -0.11434854E-35
  0.10000000E+01 -0.23431137E-20 -0.11261931E-35
  0.11000000E+01 -0.23607725E-20 -0.11091851E-35
  0.12000000E+01 -0.23753359E-20 -0.10887404E-35
  0.13000000E+01 -0.23864526E-20 -0.10711387E-35
  0.14000000E+01 -0.23939069E-20 -0.10487580E-35
  0.15000000E+01 -0.23976005E-20 -0.10257607E-35
  0.16000000E+01 -0.23975331E-20 -0.10033620E-35
  0.17000000E+01 -0.23937837E-20 -0.97814089E-36
  0.18000000E+01 -0.23864927E-20 -0.95534464E-36
  0.19000000E+01 -0.23758462E-20 -0.93270240E-36
  0.20000000E+01 -0.23620628E-20 -0.90968667E-36
  0.21000000E+01 -0.23453818E-20 -0.88522068E-36
  0.22000000E+01 -0.23260541E-20 -0.86278402E-36
  0.23000000E+01 -0.23043345E-20 -0.84193461E-36
  0.24000000E+01 -0.22804759E-20 -0.81835042E-36
  0.25000000E+01 -0.22547249E-20 -0.79520977E-36
  0.26000000E+01 -0.22273183E-20 -0.77480720E-36
  0.27000000E+01 -0.21984811E-20 -0.75275970E-36
  0.28000000E+01 -0.21684244E-20 -0.73187499E-36
  0.29000000E+01 -0.21373453E-20 -0.71181804E-36
  0.30000000E+01 -0.21054260E-20 -0.69266191E-36
  0.31000000E+01 -0.20728336E-20 -0.67581511E-36
  0.32000000E+01 -0.20397211E-20 -0.65670827E-36
  0.33000000E+01 -0.20062272E-20 -0.63831863E-36
  0.34000000E+01 -0.19724770E-20 -0.62073285E-36
  0.35000000E+01 -0.19385834E-20 -0.60410372E-36
  0.36000000E+01 -0.19046469E-20 -0.58970429E-36
  0.37000000E+01 -0.18707573E-20 -0.57256955E-36
  0.38000000E+01 -0.18369939E-20 -0.55632989E-36
  0.39000000E+01 -0.18034266E-20 -0.54373946E-36
  0.40000000E+01 -0.17701168E-20 -0.52866769E-36
  0.41000000E+01 -0.17371179E-20 -0.51514256E-36
  0.42000000E+01 -0.17044761E-20 -0.50190748E-36
  0.43000000E+01 -0.16722310E-20 -0.48955440E-36
  0.44000000E+01 -0.16404164E-20 -0.47703672E-36
  0.45000000E+01 -0.16090609E-20 -0.46521002E-36
  0.46000000E+01 -0.15781882E-20 -0.45408757E-36
  0.47000000E+01 -0.15478177E-20 -0.44212179E-36
  0.48000000E+01 -0.15179651E-20 -0.43052479E-36
  0.49000000E+01 -0.14886426E-20 -0.42084795E-36
  0.50000000E+01 -0.14598595E-20 -0.41095780E-36
  0.51000000E+01 -0.14316221E-20 -0.40114525E-36
  0.52000000E+01 -0.14039348E-20 -0.39157703E-36
  0.53000000E+01 -0.13767996E-20 -0.38188009E-36
  0.54000000E+01 -0.13502166E-20 -0.37234529E-36
  0.55000000E+01 -0.13241845E-20 -0.36447554E-36
  0.56000000E+01 -0.12987005E-20 -0.35570256E-36
  0.57000000E+01 -0.12737606E-20 -0.34778209E-36
  0.58000000E+01 -0.12493597E-20 -0.34022228E-36
  0.59000000E+01 -0.12254919E-20 -0.33291146E-36
  0.60000000E+01 -0.12021505E-20 -0.32507485E-36
  0.61000000E+01 -0.11793280E-20 -0.31801537E-36
  0.62000000E+01 -0.11570164E-20 -0.31107819E-36
  0.63000000E+01 -0.11352075E-20 -0.30445186E-36
  0.64000000E+01 -0.11138925E-20 -0.29709675E-36
  0.65000000E+01 -0.10930622E-20 -0.29135374E-36
  0.66000000E+01 -0.10727074E-20 -0.28474191E-36
  0.67000000E+01 -0.10528187E-20 -0.27879610E-36
  0.68000000E+01 -0.10333864E-20 -0.27327187E-36
  0.69000000E+01 -0.10144009E-20 -0.26723128E-36
  0.70000000E+01 -0.99585255E-21 -0.26148890E-36
  0.71000000E+01 -0.97773158E-21 -0.25617556E-36
  0.72000000E+01 -0.96002835E-21 -0.25147208E-36
  0.73000000E+01 -0.94273324E-21 -0.24621357E-36
  0.74000000E+01 -0.92583669E-21 -0.24137214E-36
  0.75000000E+01 -0.90932928E-21 -0.23685154E-36
  0.76000000E+01 -0.89320166E-21 -0.23202126E-36
  0.77000000E+01 -0.87744463E-21 -0.22750162E-36
  0.78000000E+01 -0.86204912E-21 -0.22316726E-36
  0.79000000E+01 -0.84700621E-21 -0.21889999E-36
  0.80000000E+01 -0.83230713E-21 -0.21418216E-36
  0.81000000E+01 -0.81794329E-21 -0.21037155E-36
  0.82000000E+01 -0.80390624E-21 -0.20642691E-36
  0.83000000E+01 -0.79018773E-21 -0.20316199E-36
  0.84000000E+01 -0.77677967E-21 -0.19896034E-36
  0.85000000E+01 -0.76367415E-21 -0.19548666E-36
  0.86000000E+01 -0.75086344E-21 -0.19169640E-36
  0.87000000E+01 -0.73833999E-21 -0.18819586E-36
  0.88000000E+01 -0.72609644E-21 -0.18496442E-36
  0.89000000E+01 -0.71412557E-21 -0.18160485E-36
  0.90000000E+01 -0.70242038E-21 -0.17856777E-36
  0.91000000E+01 -0.69097402E-21 -0.17548910E-36
  0.92000000E+01 -0.67977982E-21 -0.17274245E-36
  0.93000000E+01 -0.66883129E-21 -0.16940054E-36
  0.94000000E+01 -0.65812209E-21 -0.16665947E-36
  0.95000000E+01 -0.64764606E-21 -0.16358664E-36
  0.96000000E+01 -0.63739720E-21 -0.16075784E-36
  0.97000000E+01 -0.62736966E-21 -0.15820300E-36
  0.98000000E+01 -0.61755777E-21 -0.15552966E-36
  0.99000000E+01 -0.60795599E-21 -0.15309772E-36
  0.10000000E+02 -0.59855894E-21 -0.15048582E-36
  0.10100000E+02 -0.58936138E-21 -0.14825733E-36
  0.10200000E+02 -0.58035823E-21 -0.14587249E-36
  0.10300000E+02 -0.57154453E-21 -0.14358639E-36
  0.10400000E+02 -0.56291547E-21 -0.14105542E-36
  0.10500000E+02 -0.55446637E-21 -0.13876861E-36
  0.10600000E+02 -0.54619267E-21 -0.13656605E-36
  0.10700000E+02 -0.53808995E-21 -0.13448761E-36
  0.10800000E+02 -0.53015391E-21 -0.13235315E-36
  0.10900000E+02 -0.52238036E-21 -0.13046513E-36
  0.11000000E+02 -0.51476525E-21 -0.12891694E-36
  0.11100000E+02 -0.50730461E-21 -0.12630804E-36
  0.11200000E+02 -0.49999461E-21 -0.12457410E-36
  0.11300000E+02 -0.49283151E-21 -0.12261456E-36
  0.11400000E+02 -0.48581168E-21 -0.12101282E-36
  0.11500000E+02 -0.47893159E-21 -0.11910081E-36
  0.11600000E+02 -0.47218780E-21 -0.11740898E-36
  0.11700000E+02 -0.46557699E-21 -0.11566433E-36
  0.11800000E+02 -0.45909592E-21 -0.11373466E-36
  0.11900000E+02 -0.45274141E-21 -0.11225097E-36
  0.12000000E+02 -0.44651042E-21 -0.11066385E-36
  0.12100000E+02 -0.44039997E-21 -0.10905175E-36
  0.12200000E+02 -0.43440714E-21 -0.10724978E-36
  0.12300000E+02 -0.42852913E-21 -0.10600071E-36
  0.12400000E+02 -0.42276320E-21 -0.10456406E-36
  0.12500000E+02 -0.41710668E-21 -0.10316890E-36
  0.12600000E+02 -0.41155698E-21 -0.10174921E-36
  0.12700000E+02 -0.40611157E-21 -0.10032349E-36
  0.12800000E+02 -0.40076802E-21 -0.99067448E-37
  0.12900000E+02 -0.39552392E-21 -0.97664558E-37
  0.13000000E+02 -0.39037697E-21 -0.96444999E-37
  0.13100000E+02 -0.38532490E-21 -0.94727196E-37
  0.13200000E+02 -0.38036552E-21 -0.93979830E-37
  0.13300000E+02 -0.37549669E-21 -0.92366087E-37
  0.13400000E+02 -0.37071634E-21 -0.91201824E-37
  0.13500000E+02 -0.36602243E-21 -0.90064882E-37
  0.13600000E+02 -0.36141301E-21 -0.88771304E-37
  0.13700000E+02 -0.35688615E-21 -0.87663247E-37
  0.13800000E+02 -0.35243998E-21 -0.86502727E-37
  0.13900000E+02 -0.34807270E-21 -0.85388778E-37
  0.14000000E+02 -0.34378254E-21 -0.84359822E-37
  0.14100000E+02 -0.33956777E-21 -0.83397926E-37
  0.14200000E+02 -0.33542671E-21 -0.82194067E-37
  0.14300000E+02 -0.33135774E-21 -0.81160305E-37
  0.14400000E+02 -0.32735927E-21 -0.80122580E-37
  0.14500000E+02 -0.32342974E-21 -0.79163193E-37
  0.14600000E+02 -0.31956765E-21 -0.78236348E-37
  0.14700000E+02 -0.31577154E-21 -0.77424203E-37
  0.14800000E+02 -0.31203996E-21 -0.76325079E-37
  0.14900000E+02 -0.30837153E-21 -0.75378979E-37
  0.15000000E+02 -0.30476488E-21 -0.74635092E-37
  0.15100000E+02 -0.30121870E-21 -0.73652427E-37
  0.15200000E+02 -0.29773170E-21 -0.72876426E-37
  0.15300000E+02 -0.29430260E-21 -0.72025397E-37
  0.15400000E+02 -0.29093020E-21 -0.71063136E-37
  0.15500000E+02 -0.28761330E-21 -0.70308578E-37
  0.15600000E+02 -0.28435072E-21 -0.69355823E-37
  0.15700000E+02 -0.28114134E-21 -0.68704244E-37
  0.15800000E+02 -0.27798405E-21 -0.67922240E-37
  0.15900000E+02 -0.27487777E-21 -0.67040387E-37
  0.16000000E+02 -0.27182144E-21 -0.66328603E-37
  0.16100000E+02 -0.26881404E-21 -0.65580165E-37
  0.16200000E+02 -0.26585456E-21 -0.64634468E-37
  0.16300000E+02 -0.26294204E-21 -0.64168265E-37
  0.16400000E+02 -0.26007551E-21 -0.63424756E-37
  0.16500000E+02 -0.25725405E-21 -0.62625598E-37
  0.16600000E+02 -0.25447674E-21 -0.62015651E-37
  0.16700000E+02 -0.25174271E-21 -0.61369432E-37
  0.16800000E+02 -0.24905108E-21 -0.60649576E-37
  0.16900000E+02 -0.24640102E-21 -0.59899076E-37
  0.17000000E+02 -0.24379169E-21 -0.59426363E-37
  0.17100000E+02 -0.24122231E-21 -0.58766303E-37
  0.17200000E+02 -0.23869207E-21 -0.58091126E-37
  0.17300000E+02 -0.23620022E-21 -0.57386156E-37
  0.17400000E+02 -0.23374600E-21 -0.56877018E-37
  0.17500000E+02 -0.23132869E-21 -0.56269831E-37
  0.17600000E+02 -0.22894757E-21 -0.55756467E-37
  0.17700000E+02 -0.22660195E-21 -0.55184156E-37
  0.17800000E+02 -0.22429114E-21 -0.54483232E-37
  0.17900000E+02 -0.22201448E-21 -0.53913310E-37
  0.18000000E+02 -0.21977131E-21 -0.53291076E-37
  0.18100000E+02 -0.21756101E-21 -0.52874641E-37
  0.18200000E+02 -0.21538295E-21 -0.52438025E-37
  0.18300000E+02 -0.21323653E-21 -0.51768791E-37
  0.18400000E+02 -0.21112115E-21 -0.51189150E-37
  0.18500000E+02 -0.20903624E-21 -0.50803981E-37
  0.18600000E+02 -0.20698122E-21 -0.50282437E-37
  0.18700000E+02 -0.20495556E-21 -0.49729617E-37
  0.18800000E+02 -0.20295869E-21 -0.49176969E-37
  0.18900000E+02 -0.20099010E-21 -0.48753900E-37
  0.19000000E+02 -0.19904927E-21 -0.48327328E-37
  0.19100000E+02 -0.19713569E-21 -0.47722416E-37
  0.19200000E+02 -0.19524887E-21 -0.47420517E-37
  0.19300000E+02 -0.19338833E-21 -0.46856662E-37
  0.19400000E+02 -0.19155358E-21 -0.46466581E-37
  0.19500000E+02 -0.18974417E-21 -0.45938068E-37
  0.19600000E+02 -0.18795965E-21 -0.45497854E-37
  0.19700000E+02 -0.18619957E-21 -0.45094296E-37
  0.19800000E+02 -0.18446350E-21 -0.44599009E-37
  0.19900000E+02 -0.18275101E-21 -0.44210718E-37
  0.20000000E+02 -0.18106170E-21 -0.43870691E-37
  0.20100000E+02 -0.17939514E-21 -0.43369700E-37
  0.20200000E+02 -0.17775096E-21 -0.43041416E-37
  0.20300000E+02 -0.17612875E-21 -0.42613123E-37
  0.20400000E+02 -0.17452814E-21 -0.42160590E-37
  0.20500000E+02 -0.17294875E-21 -0.41818927E-37
  0.20600000E+02 -0.17139022E-21 -0.41467131E-37
  0.20700000E+02 -0.16985219E-21 -0.41061093E-37
  0.20800000E+02 -0.16833431E-21 -0.40716247E-37
  0.20900000E+02 -0.16683624E-21 -0.40292360E-37
  0.21000000E+02 -0.16535765E-21 -0.40034245E-37
  0.21100000E+02 -0.16389819E-21 -0.39758811E-37
  0.21200000E+02 -0.16245756E-21 -0.39244578E-37
  0.21300000E+02 -0.16103544E-21 -0.38959651E-37
  0.21400000E+02 -0.15963152E-21 -0.38555354E-37
  0.21500000E+02 -0.15824549E-21 -0.38233049E-37
  0.21600000E+02 -0.15687706E-21 -0.37876051E-37
  0.21700000E+02 -0.15552594E-21 -0.37564182E-37
  0.21800000E+02 -0.15419184E-21 -0.37228007E-37
  0.21900000E+02 -0.15287449E-21 -0.36856096E-37
  0.22000000E+02 -0.15157361E-21 -0.36618286E-37
  0.22100000E+02 -0.15028893E-21 -0.36302414E-37
  0.22200000E+02 -0.14902019E-21 -0.35906507E-37
  0.22300000E+02 -0.14776714E-21 -0.35679416E-37
  0.22400000E+02 -0.14652952E-21 -0.35428610E-37
  0.22500000E+02 -0.14530708E-21 -0.35100243E-37
  0.22600000E+02 -0.14409959E-21 -0.34760446E-37
  0.22700000E+02 -0.14290679E-21 -0.34438500E-37
  0.22800000E+02 -0.14172847E-21 -0.34100142E-37
  0.22900000E+02 -0.14056439E-21 -0.33905756E-37
  0.23000000E+02 -0.13941432E-21 -0.33651015E-37
  0.23100000E+02 -0.13827805E-21 -0.33313389E-37
  0.23200000E+02 -0.13715537E-21 -0.33183005E-37
  0.23300000E+02 -0.13604605E-21 -0.32869480E-37
  0.23400000E+02 -0.13494990E-21 -0.32547013E-37
  0.23500000E+02 -0.13386670E-21 -0.32310453E-37
  0.23600000E+02 -0.13279626E-21 -0.32046240E-37
  0.23700000E+02 -0.13173839E-21 -0.31649541E-37
  0.23800000E+02 -0.13069288E-21 -0.31563843E-37
  0.23900000E+02 -0.12965956E-21 -0.31238598E-37
  0.24000000E+02 -0.12863823E-21 -0.31021722E-37
  0.24100000E+02 -0.12762872E-21 -0.30755780E-37
  0.24200000E+02 -0.12663084E-21 -0.30472101E-37
  0.24300000E+02 -0.12564443E-21 -0.30339486E-37
  0.24400000E+02 -0.12466930E-21 -0.30085731E-37
  0.24500000E+02 -0.12370529E-21 -0.29850950E-37
  0.24600000E+02 -0.12275224E-21 -0.29541711E-37
  0.24700000E+02 -0.12180998E-21 -0.29350691E-37
  0.24800000E+02 -0.12087835E-21 -0.29077058E-37
  0.24900000E+02 -0.11995720E-21 -0.28880296E-37
  0.25000000E+02 -0.11904637E-21 -0.28605644E-37
  0.25100000E+02 -0.11814571E-21 -0.28544870E-37
  0.25200000E+02 -0.11725507E-21 -0.28288072E-37
  0.25300000E+02 -0.11637431E-21 -0.28080473E-37
  0.25400000E+02 -0.11550328E-21 -0.27831086E-37
  0.25500000E+02 -0.11464184E-21 -0.27611140E-37
  0.25600000E+02 -0.11378986E-21 -0.27440115E-37
  0.25700000E+02 -0.11294719E-21 -0.27165213E-37
  0.25800000E+02 -0.11211371E-21 -0.27027706E-37
  0.25900000E+02 -0.11128929E-21 -0.26760975E-37
  0.26000000E+02 -0.11047379E-21 -0.26586909E-37
  0.26100000E+02 -0.10966708E-21 -0.26420165E-37
  0.26200000E+02 -0.10886906E-21 -0.26180682E-37
  0.26300000E+02 -0.10807958E-21 -0.26052709E-37
  0.26400000E+02 -0.10729854E-21 -0.25833679E-37
  0.26500000E+02 -0.10652581E-21 -0.25647885E-37
  0.26600000E+02 -0.10576128E-21 -0.25499812E-37
  0.26700000E+02 -0.10500483E-21 -0.25217934E-37
  0.26800000E+02 -0.10425636E-21 -0.25068611E-37
  0.26900000E+02 -0.10351575E-21 -0.24956442E-37
  0.27000000E+02 -0.10278290E-21 -0.24726861E-37
  0.27100000E+02 -0.10205769E-21 -0.24553398E-37
  0.27200000E+02 -0.10134002E-21 -0.24384947E-37
  0.27300000E+02 -0.10062980E-21 -0.24193851E-37
  0.27400000E+02 -0.99926916E-22 -0.24044169E-37
  0.27500000E+02 -0.99231271E-22 -0.23842716E-37
  0.27600000E+02 -0.98542769E-22 -0.23702839E-37
  0.27700000E+02 -0.97861313E-22 -0.23508793E-37
  0.27800000E+02 -0.97186809E-22 -0.23395612E-37
  0.27900000E+02 -0.96519163E-22 -0.23204248E-37
  0.28000000E+02 -0.95858284E-22 -0.23031928E-37
  0.28100000E+02 -0.95204082E-22 -0.22923567E-37
  0.28200000E+02 -0.94556469E-22 -0.22715950E-37
  0.28300000E+02 -0.93915358E-22 -0.22576076E-37
  0.28400000E+02 -0.93280662E-22 -0.22454869E-37
  0.28500000E+02 -0.92652299E-22 -0.22261704E-37
  0.28600000E+02 -0.92030184E-22 -0.22068026E-37
  0.28700000E+02 -0.91414236E-22 -0.21930604E-37
  0.28800000E+02 -0.90804375E-22 -0.21800743E-37
  0.28900000E+02 -0.90200522E-22 -0.21672147E-37
  0.29000000E+02 -0.89602600E-22 -0.21500037E-37
  0.29100000E+02 -0.89010531E-22 -0.21371814E-37
  0.29200000E+02 -0.88424242E-22 -0.21205736E-37
  0.29300000E+02 -0.87843656E-22 -0.21109674E-37
  0.29400000E+02 -0.87268703E-22 -0.20956271E-37
  0.29500000E+02 -0.86699309E-22 -0.20852938E-37
  0.29600000E+02 -0.86135405E-22 -0.20702485E-37
  0.29700000E+02 -0.85576920E-22 -0.20548421E-37
  0.29800000E+02 -0.85023787E-22 -0.20419920E-37
  0.29900000E+02 -0.84475938E-22 -0.20308228E-37
  0.30000000E+02 -0.83933307E-22 -0.20145352E-37
  0.30100000E+02 -0.83395827E-22 -0.20031416E-37
  0.30200000E+02 -0.82863437E-22 -0.19968056E-37
  0.30300000E+02 -0.82336070E-22 -0.19718135E-37
  0.30400000E+02 -0.81813667E-22 -0.19689897E-37
  0.30500000E+02 -0.81296164E-22 -0.19554930E-37
  0.30600000E+02 -0.80783502E-22 -0.19374836E-37
  0.30700000E+02 -0.80275621E-22 -0.19288447E-37
  0.30800000E+02 -0.79772463E-22 -0.19143168E-37
  0.30900000E+02 -0.79273970E-22 -0.19039852E-37
  0.31000000E+02 -0.78780084E-22 -0.18946770E-37
  0.31100000E+02 -0.78290750E-22 -0.18807122E-37
  0.31200000E+02 -0.77805913E-22 -0.18694971E-37
  0.31300000E+02 -0.77325519E-22 -0.18538855E-37
  0.31400000E+02 -0.76849513E-22 -0.18481912E-37
  0.31500000E+02 -0.76377843E-22 -0.18318954E-37
  0.31600000E+02 -0.75910458E-22 -0.18222077E-37
  0.31700000E+02 -0.75447305E-22 -0.18107710E-37
  0.31800000E+02 -0.74988335E-22 -0.17979809E-37
  0.31900000E+02 -0.74533498E-22 -0.17867925E-37
  0.32000000E+02 -0.74082744E-22 -0.17749299E-37
  0.32100000E+02 -0.73636026E-22 -0.17667603E-37
  0.32200000E+02 -0.73193296E-22 -0.17520342E-37
  0.32300000E+02 -0.72754508E-22 -0.17449706E-37
  0.32400000E+02 -0.72319614E-22 -0.17332071E-37
  0.32500000E+02 -0.71888570E-22 -0.17296428E-37
  0.32600000E+02 -0.71461330E-22 -0.17135236E-37
  0.32700000E+02 -0.71037851E-22 -0.17021778E-37
  0.32800000E+02 -0.70618089E-22 -0.16918995E-37
  0.32900000E+02 -0.70202001E-22 -0.16804990E-37
  0.33000000E+02 -0.69789544E-22 -0.16700503E-37
  0.33100000E+02 -0.69380677E-22 -0.16643295E-37
  0.33200000E+02 -0.68975359E-22 -0.16510175E-37
  0.33300000E+02 -0.68573548E-22 -0.16442309E-37
  0.33400000E+02 -0.68175206E-22 -0.16369008E-37
  0.33500000E+02 -0.67780293E-22 -0.16249780E-37
  0.33600000E+02 -0.67388769E-22 -0.16152762E-37
  0.33700000E+02 -0.67000597E-22 -0.16060916E-37
  0.33800000E+02 -0.66615739E-22 -0.15983835E-37
  0.33900000E+02 -0.66234157E-22 -0.15871588E-37
  0.34000000E+02 -0.65855815E-22 -0.15833534E-37
  0.34100000E+02 -0.65480676E-22 -0.15707066E-37
  0.34200000E+02 -0.65108705E-22 -0.15594171E-37
  0.34300000E+02 -0.64739866E-22 -0.15491370E-37
  0.34400000E+02 -0.64374125E-22 -0.15432780E-37
  0.34500000E+02 -0.64011447E-22 -0.15363593E-37
  0.34600000E+02 -0.63651799E-22 -0.15254015E-37
  0.34700000E+02 -0.63295148E-22 -0.15149440E-37
  0.34800000E+02 -0.62941459E-22 -0.15084221E-37
  0.34900000E+02 -0.62590701E-22 -0.15011820E-37
  0.35000000E+02 -0.62242843E-22 -0.14917835E-37
  0.35100000E+02 -0.61897851E-22 -0.14820071E-37
  0.35200000E+02 -0.61555696E-22 -0.14773501E-37
  0.35300000E+02 -0.61216346E-22 -0.14688880E-37
  0.35400000E+02 -0.60879771E-22 -0.14595529E-37
  0.35500000E+02 -0.60545941E-22 -0.14496753E-37
  0.35600000E+02 -0.60214827E-22 -0.14455701E-37
  0.35700000E+02 -0.59886399E-22 -0.14352784E-37
  0.35800000E+02 -0.59560629E-22 -0.14267793E-37
  0.35900000E+02 -0.59237488E-22 -0.14190171E-37
  0.36000000E+02 -0.58916948E-22 -0.14124554E-37
  0.36100000E+02 -0.58598983E-22 -0.14055350E-37
  0.36200000E+02 -0.58283563E-22 -0.13958595E-37
  0.36300000E+02 -0.57970664E-22 -0.13902320E-37
  0.36400000E+02 -0.57660257E-22 -0.13805509E-37
  0.36500000E+02 -0.57352317E-22 -0.13763001E-37
  0.36600000E+02 -0.57046818E-22 -0.13646364E-37
  0.36700000E+02 -0.56743735E-22 -0.13588115E-37
  0.36800000E+02 -0.56443042E-22 -0.13537824E-37
  0.36900000E+02 -0.56144714E-22 -0.13452681E-37
  0.37000000E+02 -0.55848727E-22 -0.13373312E-37
  0.37100000E+02 -0.55555056E-22 -0.13291663E-37
  0.37200000E+02 -0.55263678E-22 -0.13209001E-37
  0.37300000E+02 -0.54974569E-22 -0.13200586E-37
  0.37400000E+02 -0.54687706E-22 -0.13128550E-37
  0.37500000E+02 -0.54403066E-22 -0.13039693E-37
  0.37600000E+02 -0.54120625E-22 -0.12983493E-37
  0.37700000E+02 -0.53840362E-22 -0.12906286E-37
  0.37800000E+02 -0.53562254E-22 -0.12836327E-37
  0.37900000E+02 -0.53286280E-22 -0.12781114E-37
  0.38000000E+02 -0.53012417E-22 -0.12690977E-37
  0.38100000E+02 -0.52740645E-22 -0.12638645E-37
  0.38200000E+02 -0.52470943E-22 -0.12549532E-37
  0.38300000E+02 -0.52203289E-22 -0.12499203E-37
  0.38400000E+02 -0.51937663E-22 -0.12457004E-37
  0.38500000E+02 -0.51674045E-22 -0.12393742E-37
  0.38600000E+02 -0.51412414E-22 -0.12326811E-37
  0.38700000E+02 -0.51152752E-22 -0.12247457E-37
  0.38800000E+02 -0.50895038E-22 -0.12181546E-37
  0.38900000E+02 -0.50639253E-22 -0.12148134E-37
  0.39000000E+02 -0.50385378E-22 -0.12079804E-37
  0.39100000E+02 -0.50133395E-22 -0.12016651E-37
  0.39200000E+02 -0.49883283E-22 -0.11973323E-37
  0.39300000E+02 -0.49635026E-22 -0.11880002E-37
  0.39400000E+02 -0.49388606E-22 -0.11856497E-37
  0.39500000E+02 -0.49144003E-22 -0.11760044E-37
  0.39600000E+02 -0.48901200E-22 -0.11681989E-37
  0.39700000E+02 -0.48660181E-22 -0.11659079E-37
  0.39800000E+02 -0.48420927E-22 -0.11603038E-37
  0.39900000E+02 -0.48183422E-22 -0.11549154E-37
  0.40000000E+02 -0.47947648E-22 -0.11505390E-37
