  0.00000000E+00  0.82760251E-22  0.51001193E-36
  0.10000000E+00  0.82732448E-22  0.50998937E-36
  0.20000000E+00  0.82648832E-22  0.50346532E-36
  0.30000000E+00  0.82508815E-22  0.50050028E-36
  0.40000000E+00  0.82311543E-22  0.49614833E-36
  0.50000000E+00  0.82056075E-22  0.48965781E-36
  0.60000000E+00  0.81741599E-22  0.48191058E-36
  0.70000000E+00  0.81367660E-22  0.47238042E-36
  0.80000000E+00  0.80934342E-22  0.46491861E-36
  0.90000000E+00  0.80442390E-22  0.45161127E-36
  0.10000000E+01  0.79893243E-22  0.44391251E-36
  0.11000000E+01  0.79289006E-22  0.43229777E-36
  0.12000000E+01  0.78632357E-22  0.42087690E-36
  0.13000000E+01  0.77926434E-22  0.41038179E-36
  0.14000000E+01  0.77174707E-22  0.39892264E-36
  0.15000000E+01  0.76380856E-22  0.38900941E-36
  0.16000000E+01  0.75548665E-22  0.38172753E-36
  0.17000000E+01  0.74681930E-22  0.37211507E-36
  0.18000000E+01  0.73784396E-22  0.35920680E-36
  0.19000000E+01  0.72859697E-22  0.35008934E-36
  0.20000000E+01  0.71911327E-22  0.34016390E-36
  0.21000000E+01  0.70942612E-22  0.32907785E-36
  0.22000000E+01  0.69956695E-22  0.32099811E-36
  0.23000000E+01  0.68956532E-22  0.31083410E-36
  0.24000000E+01  0.67944890E-22  0.30093457E-36
  0.25000000E+01  0.66924345E-22  0.29219631E-36
  0.26000000E+01  0.65897293E-22  0.28304454E-36
  0.27000000E+01  0.64865951E-22  0.27549537E-36
  0.28000000E+01  0.63832367E-22  0.26812485E-36
  0.29000000E+01  0.62798429E-22  0.25813037E-36
  0.30000000E+01  0.61765869E-22  0.24978677E-36
  0.31000000E+01  0.60736278E-22  0.24418801E-36
  0.32000000E+01  0.59711106E-22  0.23482801E-36
  0.33000000E+01  0.58691676E-22  0.22945511E-36
  0.34000000E+01  0.57679190E-22  0.22353089E-36
  0.35000000E+01  0.56674736E-22  0.21453343E-36
  0.36000000E+01  0.55679293E-22  0.20738942E-36
  0.37000000E+01  0.54693742E-22  0.20093585E-36
  0.38000000E+01  0.53718870E-22  0.19475710E-36
  0.39000000E+01  0.52755375E-22  0.18884823E-36
  0.40000000E+01  0.51803874E-22  0.18357706E-36
  0.41000000E+01  0.50864909E-22  0.17740302E-36
  0.42000000E+01  0.49938949E-22  0.17361553E-36
  0.43000000E+01  0.49026398E-22  0.16740849E-36
  0.44000000E+01  0.48127598E-22  0.16221479E-36
  0.45000000E+01  0.47242836E-22  0.15767506E-36
  0.46000000E+01  0.46372345E-22  0.15380269E-36
  0.47000000E+01  0.45516311E-22  0.14755601E-36
  0.48000000E+01  0.44674874E-22  0.14268288E-36
  0.49000000E+01  0.43848135E-22  0.13908453E-36
  0.50000000E+01  0.43036157E-22  0.13582089E-36
  0.51000000E+01  0.42238967E-22  0.13056459E-36
  0.52000000E+01  0.41456562E-22  0.12749844E-36
  0.53000000E+01  0.40688912E-22  0.12338015E-36
  0.54000000E+01  0.39935959E-22  0.11953702E-36
  0.55000000E+01  0.39197623E-22  0.11660090E-36
  0.56000000E+01  0.38473801E-22  0.11372479E-36
  0.57000000E+01  0.37764374E-22  0.11024177E-36
  0.58000000E+01  0.37069205E-22  0.10685414E-36
  0.59000000E+01  0.36388142E-22  0.10361911E-36
  0.60000000E+01  0.35721019E-22  0.10142832E-36
  0.61000000E+01  0.35067658E-22  0.98096496E-37
  0.62000000E+01  0.34427874E-22  0.95971951E-37
  0.63000000E+01  0.33801470E-22  0.92204898E-37
  0.64000000E+01  0.33188242E-22  0.90073212E-37
  0.65000000E+01  0.32587982E-22  0.87110420E-37
  0.66000000E+01  0.32000472E-22  0.85665275E-37
  0.67000000E+01  0.31425495E-22  0.82843694E-37
  0.68000000E+01  0.30862828E-22  0.81387233E-37
  0.69000000E+01  0.30312244E-22  0.79161257E-37
  0.70000000E+01  0.29773517E-22  0.76845697E-37
  0.71000000E+01  0.29246418E-22  0.75281808E-37
  0.72000000E+01  0.28730717E-22  0.73038321E-37
  0.73000000E+01  0.28226187E-22  0.70768750E-37
  0.74000000E+01  0.27732599E-22  0.68534747E-37
  0.75000000E+01  0.27249723E-22  0.67463713E-37
  0.76000000E+01  0.26777336E-22  0.65903495E-37
  0.77000000E+01  0.26315211E-22  0.63677675E-37
  0.78000000E+01  0.25863127E-22  0.62498129E-37
  0.79000000E+01  0.25420862E-22  0.61191825E-37
  0.80000000E+01  0.24988200E-22  0.59528239E-37
  0.81000000E+01  0.24564926E-22  0.57555838E-37
  0.82000000E+01  0.24150827E-22  0.55987460E-37
  0.83000000E+01  0.23745694E-22  0.54497829E-37
  0.84000000E+01  0.23349323E-22  0.53745000E-37
  0.85000000E+01  0.22961510E-22  0.52219355E-37
  0.86000000E+01  0.22582058E-22  0.51225996E-37
  0.87000000E+01  0.22210772E-22  0.50226317E-37
  0.88000000E+01  0.21847459E-22  0.48766576E-37
  0.89000000E+01  0.21491932E-22  0.48125549E-37
  0.90000000E+01  0.21144006E-22  0.47000081E-37
  0.91000000E+01  0.20803503E-22  0.45868024E-37
  0.92000000E+01  0.20470244E-22  0.44923548E-37
  0.93000000E+01  0.20144058E-22  0.43340908E-37
  0.94000000E+01  0.19824775E-22  0.42590205E-37
  0.95000000E+01  0.19512229E-22  0.41703794E-37
  0.96000000E+01  0.19206259E-22  0.40589842E-37
  0.97000000E+01  0.18906707E-22  0.39884837E-37
  0.98000000E+01  0.18613419E-22  0.39081078E-37
  0.99000000E+01  0.18326244E-22  0.38312150E-37
  0.10000000E+02  0.18045034E-22  0.37793453E-37
  0.10100000E+02  0.17769647E-22  0.36384924E-37
  0.10200000E+02  0.17499941E-22  0.36088080E-37
  0.10300000E+02  0.17235779E-22  0.34900714E-37
  0.10400000E+02  0.16977029E-22  0.34187012E-37
  0.10500000E+02  0.16723561E-22  0.33968660E-37
  0.10600000E+02  0.16475246E-22  0.33348575E-37
  0.10700000E+02  0.16231961E-22  0.32340686E-37
  0.10800000E+02  0.15993586E-22  0.31881778E-37
  0.10900000E+02  0.15760003E-22  0.31216642E-37
  0.11000000E+02  0.15531097E-22  0.30555021E-37
  0.11100000E+02  0.15306756E-22  0.30097059E-37
  0.11200000E+02  0.15086872E-22  0.29647957E-37
  0.11300000E+02  0.14871337E-22  0.29003328E-37
  0.11400000E+02  0.14660050E-22  0.28473341E-37
  0.11500000E+02  0.14452908E-22  0.27729363E-37
  0.11600000E+02  0.14249813E-22  0.27368025E-37
  0.11700000E+02  0.14050671E-22  0.26590022E-37
  0.11800000E+02  0.13855388E-22  0.26034301E-37
  0.11900000E+02  0.13663873E-22  0.25712329E-37
  0.12000000E+02  0.13476037E-22  0.25273925E-37
  0.12100000E+02  0.13291795E-22  0.24926747E-37
  0.12200000E+02  0.13111062E-22  0.24493429E-37
  0.12300000E+02  0.12933757E-22  0.24094639E-37
  0.12400000E+02  0.12759800E-22  0.23445770E-37
  0.12500000E+02  0.12589114E-22  0.23438827E-37
  0.12600000E+02  0.12421623E-22  0.22709334E-37
  0.12700000E+02  0.12257254E-22  0.22274462E-37
  0.12800000E+02  0.12095934E-22  0.21729985E-37
  0.12900000E+02  0.11937595E-22  0.21540309E-37
  0.13000000E+02  0.11782167E-22  0.21345349E-37
  0.13100000E+02  0.11629586E-22  0.20941108E-37
  0.13200000E+02  0.11479786E-22  0.20535698E-37
  0.13300000E+02  0.11332704E-22  0.20228067E-37
  0.13400000E+02  0.11188280E-22  0.19774971E-37
  0.13500000E+02  0.11046453E-22  0.19567737E-37
  0.13600000E+02  0.10907165E-22  0.19345228E-37
  0.13700000E+02  0.10770360E-22  0.18882742E-37
  0.13800000E+02  0.10635983E-22  0.19057452E-37
  0.13900000E+02  0.10503980E-22  0.18021003E-37
  0.14000000E+02  0.10374298E-22  0.18035778E-37
  0.14100000E+02  0.10246887E-22  0.17779635E-37
  0.14200000E+02  0.10121696E-22  0.17468692E-37
  0.14300000E+02  0.99986770E-23  0.17393620E-37
  0.14400000E+02  0.98777831E-23  0.17103814E-37
  0.14500000E+02  0.97589679E-23  0.16729128E-37
  0.14600000E+02  0.96421866E-23  0.16464500E-37
  0.14700000E+02  0.95273953E-23  0.16318593E-37
  0.14800000E+02  0.94145514E-23  0.16008124E-37
  0.14900000E+02  0.93036132E-23  0.15702525E-37
  0.15000000E+02  0.91945402E-23  0.15676379E-37
  0.15100000E+02  0.90872928E-23  0.15243898E-37
  0.15200000E+02  0.89818324E-23  0.15018692E-37
  0.15300000E+02  0.88781214E-23  0.14746004E-37
  0.15400000E+02  0.87761230E-23  0.14729434E-37
  0.15500000E+02  0.86758016E-23  0.14375006E-37
  0.15600000E+02  0.85771221E-23  0.14232454E-37
  0.15700000E+02  0.84800506E-23  0.13944411E-37
  0.15800000E+02  0.83845538E-23  0.13730724E-37
  0.15900000E+02  0.82905992E-23  0.13591051E-37
  0.16000000E+02  0.81981553E-23  0.13421930E-37
  0.16100000E+02  0.81071912E-23  0.13355528E-37
  0.16200000E+02  0.80176767E-23  0.13097421E-37
  0.16300000E+02  0.79295826E-23  0.12822565E-37
  0.16400000E+02  0.78428800E-23  0.12754946E-37
  0.16500000E+02  0.77575411E-23  0.12554132E-37
  0.16600000E+02  0.76735384E-23  0.12370537E-37
  0.16700000E+02  0.75908453E-23  0.12261335E-37
  0.16800000E+02  0.75094357E-23  0.12148511E-37
  0.16900000E+02  0.74292843E-23  0.12013333E-37
  0.17000000E+02  0.73503661E-23  0.11740602E-37
  0.17100000E+02  0.72726570E-23  0.11674191E-37
  0.17200000E+02  0.71961333E-23  0.11566705E-37
  0.17300000E+02  0.71207717E-23  0.11488938E-37
  0.17400000E+02  0.70465499E-23  0.11302263E-37
  0.17500000E+02  0.69734456E-23  0.11150365E-37
  0.17600000E+02  0.69014373E-23  0.10916650E-37
  0.17700000E+02  0.68305040E-23  0.10959405E-37
  0.17800000E+02  0.67606251E-23  0.10715488E-37
  0.17900000E+02  0.66917805E-23  0.10504193E-37
  0.18000000E+02  0.66239505E-23  0.10390151E-37
  0.18100000E+02  0.65571160E-23  0.10297756E-37
  0.18200000E+02  0.64912582E-23  0.10090806E-37
  0.18300000E+02  0.64263587E-23  0.99900103E-38
  0.18400000E+02  0.63623997E-23  0.98407895E-38
  0.18500000E+02  0.62993636E-23  0.98059256E-38
  0.18600000E+02  0.62372332E-23  0.96331961E-38
  0.18700000E+02  0.61759919E-23  0.94433021E-38
  0.18800000E+02  0.61156233E-23  0.95210666E-38
  0.18900000E+02  0.60561112E-23  0.92585603E-38
  0.19000000E+02  0.59974402E-23  0.92975644E-38
  0.19100000E+02  0.59395949E-23  0.91114404E-38
  0.19200000E+02  0.58825602E-23  0.89372497E-38
  0.19300000E+02  0.58263216E-23  0.89609051E-38
  0.19400000E+02  0.57708647E-23  0.88599541E-38
  0.19500000E+02  0.57161755E-23  0.87352130E-38
  0.19600000E+02  0.56622402E-23  0.85708096E-38
  0.19700000E+02  0.56090456E-23  0.85390453E-38
  0.19800000E+02  0.55565783E-23  0.84280757E-38
  0.19900000E+02  0.55048256E-23  0.84034514E-38
  0.20000000E+02  0.54537748E-23  0.82797661E-38
  0.20100000E+02  0.54034138E-23  0.82095212E-38
  0.20200000E+02  0.53537304E-23  0.80156865E-38
  0.20300000E+02  0.53047128E-23  0.79656596E-38
  0.20400000E+02  0.52563495E-23  0.79550620E-38
  0.20500000E+02  0.52086292E-23  0.78642114E-38
  0.20600000E+02  0.51615407E-23  0.77201116E-38
  0.20700000E+02  0.51150734E-23  0.76466159E-38
  0.20800000E+02  0.50692166E-23  0.76522841E-38
  0.20900000E+02  0.50239598E-23  0.74295416E-38
  0.21000000E+02  0.49792929E-23  0.75026906E-38
  0.21100000E+02  0.49352059E-23  0.72514847E-38
  0.21200000E+02  0.48916891E-23  0.72931838E-38
  0.21300000E+02  0.48487329E-23  0.71516539E-38
  0.21400000E+02  0.48063280E-23  0.71949020E-38
  0.21500000E+02  0.47644651E-23  0.70819189E-38
  0.21600000E+02  0.47231352E-23  0.69990434E-38
  0.21700000E+02  0.46823296E-23  0.69302793E-38
  0.21800000E+02  0.46420397E-23  0.68851901E-38
  0.21900000E+02  0.46022568E-23  0.67435137E-38
  0.22000000E+02  0.45629728E-23  0.67232927E-38
  0.22100000E+02  0.45241796E-23  0.67236999E-38
  0.22200000E+02  0.44858691E-23  0.65846023E-38
  0.22300000E+02  0.44480335E-23  0.64581361E-38
  0.22400000E+02  0.44106653E-23  0.65006571E-38
  0.22500000E+02  0.43737568E-23  0.64414529E-38
  0.22600000E+02  0.43373007E-23  0.63155227E-38
  0.22700000E+02  0.43012899E-23  0.64006408E-38
  0.22800000E+02  0.42657172E-23  0.63469726E-38
  0.22900000E+02  0.42305757E-23  0.62255567E-38
  0.23000000E+02  0.41958586E-23  0.60711144E-38
  0.23100000E+02  0.41615591E-23  0.60413904E-38
  0.23200000E+02  0.41276709E-23  0.60176627E-38
  0.23300000E+02  0.40941874E-23  0.58735534E-38
  0.23400000E+02  0.40611024E-23  0.59586402E-38
  0.23500000E+02  0.40284096E-23  0.58143091E-38
  0.23600000E+02  0.39961031E-23  0.57942332E-38
  0.23700000E+02  0.39641768E-23  0.57436140E-38
  0.23800000E+02  0.39326249E-23  0.56820657E-38
  0.23900000E+02  0.39014418E-23  0.57156633E-38
  0.24000000E+02  0.38706217E-23  0.55679382E-38
  0.24100000E+02  0.38401592E-23  0.56001892E-38
  0.24200000E+02  0.38100488E-23  0.54620479E-38
  0.24300000E+02  0.37802853E-23  0.54395307E-38
  0.24400000E+02  0.37508634E-23  0.53752765E-38
  0.24500000E+02  0.37217780E-23  0.53068497E-38
  0.24600000E+02  0.36930241E-23  0.53125128E-38
  0.24700000E+02  0.36645967E-23  0.51632850E-38
  0.24800000E+02  0.36364911E-23  0.51706264E-38
  0.24900000E+02  0.36087023E-23  0.50628446E-38
  0.25000000E+02  0.35812259E-23  0.50789008E-38
  0.25100000E+02  0.35540572E-23  0.50443452E-38
  0.25200000E+02  0.35271917E-23  0.49979013E-38
  0.25300000E+02  0.35006249E-23  0.49679564E-38
  0.25400000E+02  0.34743525E-23  0.48446665E-38
  0.25500000E+02  0.34483704E-23  0.48542496E-38
  0.25600000E+02  0.34226742E-23  0.47750508E-38
  0.25700000E+02  0.33972598E-23  0.47933619E-38
  0.25800000E+02  0.33721233E-23  0.47553210E-38
  0.25900000E+02  0.33472605E-23  0.46990979E-38
  0.26000000E+02  0.33226678E-23  0.46214306E-38
  0.26100000E+02  0.32983411E-23  0.47214162E-38
  0.26200000E+02  0.32742768E-23  0.46059270E-38
  0.26300000E+02  0.32504711E-23  0.46355468E-38
  0.26400000E+02  0.32269204E-23  0.45634479E-38
  0.26500000E+02  0.32036211E-23  0.44908112E-38
  0.26600000E+02  0.31805697E-23  0.45210843E-38
  0.26700000E+02  0.31577627E-23  0.44331769E-38
  0.26800000E+02  0.31351968E-23  0.43628057E-38
  0.26900000E+02  0.31128687E-23  0.42854352E-38
  0.27000000E+02  0.30907749E-23  0.43998270E-38
  0.27100000E+02  0.30689124E-23  0.42837549E-38
  0.27200000E+02  0.30472779E-23  0.42368105E-38
  0.27300000E+02  0.30258683E-23  0.42392482E-38
  0.27400000E+02  0.30046806E-23  0.42712882E-38
  0.27500000E+02  0.29837118E-23  0.41202888E-38
  0.27600000E+02  0.29629588E-23  0.40742805E-38
  0.27700000E+02  0.29424188E-23  0.40683892E-38
  0.27800000E+02  0.29220889E-23  0.39767570E-38
  0.27900000E+02  0.29019663E-23  0.39840432E-38
  0.28000000E+02  0.28820482E-23  0.39746527E-38
  0.28100000E+02  0.28623319E-23  0.39673316E-38
  0.28200000E+02  0.28428147E-23  0.39261601E-38
  0.28300000E+02  0.28234939E-23  0.38815709E-38
  0.28400000E+02  0.28043671E-23  0.39402984E-38
  0.28500000E+02  0.27854315E-23  0.38469311E-38
  0.28600000E+02  0.27666848E-23  0.38633948E-38
  0.28700000E+02  0.27481244E-23  0.38288418E-38
  0.28800000E+02  0.27297479E-23  0.37327146E-38
  0.28900000E+02  0.27115529E-23  0.37640261E-38
  0.29000000E+02  0.26935371E-23  0.36718007E-38
  0.29100000E+02  0.26756982E-23  0.37124613E-38
  0.29200000E+02  0.26580338E-23  0.36622213E-38
  0.29300000E+02  0.26405417E-23  0.36478891E-38
  0.29400000E+02  0.26232198E-23  0.35592401E-38
  0.29500000E+02  0.26060658E-23  0.35139050E-38
  0.29600000E+02  0.25890776E-23  0.35777696E-38
  0.29700000E+02  0.25722530E-23  0.34365652E-38
  0.29800000E+02  0.25555902E-23  0.35028333E-38
  0.29900000E+02  0.25390869E-23  0.35273862E-38
  0.30000000E+02  0.25227412E-23  0.34314332E-38
  0.30100000E+02  0.25065511E-23  0.34050856E-38
  0.30200000E+02  0.24905146E-23  0.33913930E-38
  0.30300000E+02  0.24746299E-23  0.33166876E-38
  0.30400000E+02  0.24588950E-23  0.33800841E-38
  0.30500000E+02  0.24433081E-23  0.33272014E-38
  0.30600000E+02  0.24278674E-23  0.32939332E-38
  0.30700000E+02  0.24125711E-23  0.33519519E-38
  0.30800000E+02  0.23974173E-23  0.32827022E-38
  0.30900000E+02  0.23824044E-23  0.32365948E-38
  0.31000000E+02  0.23675306E-23  0.32565592E-38
  0.31100000E+02  0.23527942E-23  0.32058447E-38
  0.31200000E+02  0.23381936E-23  0.32004093E-38
  0.31300000E+02  0.23237270E-23  0.31848241E-38
  0.31400000E+02  0.23093930E-23  0.31929712E-38
  0.31500000E+02  0.22951898E-23  0.31523178E-38
  0.31600000E+02  0.22811160E-23  0.30949579E-38
  0.31700000E+02  0.22671700E-23  0.30950962E-38
  0.31800000E+02  0.22533501E-23  0.30468485E-38
  0.31900000E+02  0.22396550E-23  0.30501276E-38
  0.32000000E+02  0.22260832E-23  0.29707409E-38
  0.32100000E+02  0.22126332E-23  0.29784824E-38
  0.32200000E+02  0.21993035E-23  0.29398003E-38
  0.32300000E+02  0.21860928E-23  0.29086658E-38
  0.32400000E+02  0.21729996E-23  0.29030572E-38
  0.32500000E+02  0.21600226E-23  0.29447382E-38
  0.32600000E+02  0.21471604E-23  0.29075222E-38
  0.32700000E+02  0.21344116E-23  0.28688727E-38
  0.32800000E+02  0.21217750E-23  0.29014159E-38
  0.32900000E+02  0.21092493E-23  0.28358716E-38
  0.33000000E+02  0.20968331E-23  0.28354738E-38
  0.33100000E+02  0.20845253E-23  0.28154541E-38
  0.33200000E+02  0.20723245E-23  0.27817811E-38
  0.33300000E+02  0.20602296E-23  0.27622873E-38
  0.33400000E+02  0.20482393E-23  0.27633654E-38
  0.33500000E+02  0.20363524E-23  0.27664502E-38
  0.33600000E+02  0.20245678E-23  0.27687561E-38
  0.33700000E+02  0.20128843E-23  0.27372447E-38
  0.33800000E+02  0.20013007E-23  0.26692045E-38
  0.33900000E+02  0.19898160E-23  0.25866190E-38
  0.34000000E+02  0.19784290E-23  0.26951492E-38
  0.34100000E+02  0.19671387E-23  0.26624899E-38
  0.34200000E+02  0.19559438E-23  0.26015504E-38
  0.34300000E+02  0.19448435E-23  0.26287017E-38
  0.34400000E+02  0.19338366E-23  0.26008758E-38
  0.34500000E+02  0.19229221E-23  0.25496965E-38
  0.34600000E+02  0.19120989E-23  0.25506336E-38
  0.34700000E+02  0.19013661E-23  0.25347622E-38
  0.34800000E+02  0.18907227E-23  0.25400372E-38
  0.34900000E+02  0.18801677E-23  0.24822179E-38
  0.35000000E+02  0.18697001E-23  0.24934134E-38
  0.35100000E+02  0.18593189E-23  0.25088252E-38
  0.35200000E+02  0.18490233E-23  0.24403844E-38
  0.35300000E+02  0.18388122E-23  0.24588495E-38
  0.35400000E+02  0.18286849E-23  0.24289373E-38
  0.35500000E+02  0.18186403E-23  0.24481749E-38
  0.35600000E+02  0.18086776E-23  0.24290422E-38
  0.35700000E+02  0.17987958E-23  0.24250931E-38
  0.35800000E+02  0.17889943E-23  0.24123754E-38
  0.35900000E+02  0.17792720E-23  0.23724532E-38
  0.36000000E+02  0.17696281E-23  0.23481521E-38
  0.36100000E+02  0.17600618E-23  0.23400511E-38
  0.36200000E+02  0.17505722E-23  0.23033133E-38
  0.36300000E+02  0.17411587E-23  0.23324431E-38
  0.36400000E+02  0.17318203E-23  0.22649750E-38
  0.36500000E+02  0.17225562E-23  0.22759956E-38
  0.36600000E+02  0.17133657E-23  0.22808140E-38
  0.36700000E+02  0.17042481E-23  0.22563063E-38
  0.36800000E+02  0.16952025E-23  0.22652955E-38
  0.36900000E+02  0.16862281E-23  0.22448931E-38
  0.37000000E+02  0.16773244E-23  0.22392301E-38
  0.37100000E+02  0.16684904E-23  0.22536622E-38
  0.37200000E+02  0.16597256E-23  0.22161560E-38
  0.37300000E+02  0.16510291E-23  0.21894268E-38
  0.37400000E+02  0.16424003E-23  0.21975960E-38
  0.37500000E+02  0.16338386E-23  0.21696473E-38
  0.37600000E+02  0.16253431E-23  0.21652532E-38
  0.37700000E+02  0.16169132E-23  0.21323141E-38
  0.37800000E+02  0.16085483E-23  0.21336662E-38
  0.37900000E+02  0.16002477E-23  0.20936904E-38
  0.38000000E+02  0.15920107E-23  0.20978436E-38
  0.38100000E+02  0.15838367E-23  0.21285691E-38
  0.38200000E+02  0.15757250E-23  0.20758596E-38
  0.38300000E+02  0.15676751E-23  0.20667098E-38
  0.38400000E+02  0.15596864E-23  0.20495883E-38
  0.38500000E+02  0.15517581E-23  0.20494424E-38
  0.38600000E+02  0.15438897E-23  0.20715552E-38
  0.38700000E+02  0.15360805E-23  0.20131869E-38
  0.38800000E+02  0.15283301E-23  0.20375909E-38
  0.38900000E+02  0.15206379E-23  0.19816350E-38
  0.39000000E+02  0.15130031E-23  0.20372977E-38
  0.39100000E+02  0.15054254E-23  0.19966623E-38
  0.39200000E+02  0.14979040E-23  0.19804405E-38
  0.39300000E+02  0.14904385E-23  0.19893418E-38
  0.39400000E+02  0.14830283E-23  0.19595515E-38
  0.39500000E+02  0.14756729E-23  0.19419300E-38
  0.39600000E+02  0.14683718E-23  0.19606506E-38
  0.39700000E+02  0.14611243E-23  0.19257846E-38
  0.39800000E+02  0.14539300E-23  0.19059291E-38
  0.39900000E+02  0.14467884E-23  0.18679520E-38
  0.40000000E+02  0.14396990E-23  0.18908088E-38
