  0.00000000E+00 -0.34680493E-23 -0.10491677E-38
  0.10000000E+00 -0.34654121E-23 -0.10277730E-38
  0.20000000E+00 -0.34575483E-23 -0.99663004E-39
  0.30000000E+00 -0.34445916E-23 -0.98314174E-39
  0.40000000E+00 -0.34267359E-23 -0.92400580E-39
  0.50000000E+00 -0.34042095E-23 -0.89175550E-39
  0.60000000E+00 -0.33772591E-23 -0.80772536E-39
  0.70000000E+00 -0.33461461E-23 -0.78422622E-39
  0.80000000E+00 -0.33111505E-23 -0.69494276E-39
  0.90000000E+00 -0.32725740E-23 -0.63765118E-39
  0.10000000E+01 -0.32307415E-23 -0.52019587E-39
  0.11000000E+01 -0.31859967E-23 -0.43962009E-39
  0.12000000E+01 -0.31386950E-23 -0.36246884E-39
  0.13000000E+01 -0.30891947E-23 -0.29478816E-39
  0.14000000E+01 -0.30378489E-23 -0.22275607E-39
  0.15000000E+01 -0.29849976E-23 -0.13450556E-39
  0.16000000E+01 -0.29309628E-23 -0.49831979E-40
  0.17000000E+01 -0.28760443E-23  0.31838718E-40
  0.18000000E+01 -0.28205172E-23  0.11440704E-39
  0.19000000E+01 -0.27646313E-23  0.13976177E-39
  0.20000000E+01 -0.27086107E-23  0.16039423E-39
  0.21000000E+01 -0.26526544E-23  0.25883946E-39
  0.22000000E+01 -0.25969378E-23  0.29789941E-39
  0.23000000E+01 -0.25416137E-23  0.32384717E-39
  0.24000000E+01 -0.24868141E-23  0.35489970E-39
  0.25000000E+01 -0.24326522E-23  0.35563010E-39
  0.26000000E+01 -0.23792235E-23  0.39517223E-39
  0.27000000E+01 -0.23266081E-23  0.41679154E-39
  0.28000000E+01 -0.22748719E-23  0.42302372E-39
  0.29000000E+01 -0.22240684E-23  0.42794336E-39
  0.30000000E+01 -0.21742400E-23  0.45840396E-39
  0.31000000E+01 -0.21254193E-23  0.46990405E-39
  0.32000000E+01 -0.20776305E-23  0.47852255E-39
  0.33000000E+01 -0.20308900E-23  0.48491276E-39
  0.34000000E+01 -0.19852081E-23  0.47598469E-39
  0.35000000E+01 -0.19405892E-23  0.49349045E-39
  0.36000000E+01 -0.18970330E-23  0.49146934E-39
  0.37000000E+01 -0.18545350E-23  0.49123093E-39
  0.38000000E+01 -0.18130874E-23  0.48893491E-39
  0.39000000E+01 -0.17726792E-23  0.48133270E-39
  0.40000000E+01 -0.17332971E-23  0.46667316E-39
  0.41000000E+01 -0.16949257E-23  0.47469432E-39
  0.42000000E+01 -0.16575479E-23  0.48950280E-39
  0.43000000E+01 -0.16211453E-23  0.48727576E-39
  0.44000000E+01 -0.15856984E-23  0.47502698E-39
  0.45000000E+01 -0.15511867E-23  0.46498197E-39
  0.46000000E+01 -0.15175895E-23  0.46084103E-39
  0.47000000E+01 -0.14848853E-23  0.44973499E-39
  0.48000000E+01 -0.14530523E-23  0.45080911E-39
  0.49000000E+01 -0.14220689E-23  0.43158540E-39
  0.50000000E+01 -0.13919131E-23  0.43471292E-39
  0.51000000E+01 -0.13625632E-23  0.42317872E-39
  0.52000000E+01 -0.13339976E-23  0.41489368E-39
  0.53000000E+01 -0.13061947E-23  0.40132205E-39
  0.54000000E+01 -0.12791335E-23  0.39369638E-39
  0.55000000E+01 -0.12527931E-23  0.39894539E-39
  0.56000000E+01 -0.12271530E-23  0.38994820E-39
  0.57000000E+01 -0.12021933E-23  0.39607293E-39
  0.58000000E+01 -0.11778942E-23  0.38163361E-39
  0.59000000E+01 -0.11542365E-23  0.37371193E-39
  0.60000000E+01 -0.11312014E-23  0.36647301E-39
  0.61000000E+01 -0.11087706E-23  0.35808761E-39
  0.62000000E+01 -0.10869263E-23  0.35058510E-39
  0.63000000E+01 -0.10656510E-23  0.33894108E-39
  0.64000000E+01 -0.10449280E-23  0.33746950E-39
  0.65000000E+01 -0.10247406E-23  0.33930701E-39
  0.66000000E+01 -0.10050731E-23  0.32968472E-39
  0.67000000E+01 -0.98590978E-24  0.32730227E-39
  0.68000000E+01 -0.96723570E-24  0.32269580E-39
  0.69000000E+01 -0.94903624E-24  0.31130039E-39
  0.70000000E+01 -0.93129724E-24  0.29462345E-39
  0.71000000E+01 -0.91400497E-24  0.30618953E-39
  0.72000000E+01 -0.89714612E-24  0.29885391E-39
  0.73000000E+01 -0.88070782E-24  0.29461864E-39
  0.74000000E+01 -0.86467757E-24  0.28890769E-39
  0.75000000E+01 -0.84904328E-24  0.27796826E-39
  0.76000000E+01 -0.83379325E-24  0.27221806E-39
  0.77000000E+01 -0.81891615E-24  0.26416995E-39
  0.78000000E+01 -0.80440099E-24  0.26042082E-39
  0.79000000E+01 -0.79023717E-24  0.26472603E-39
  0.80000000E+01 -0.77641439E-24  0.26417535E-39
  0.81000000E+01 -0.76292272E-24  0.26139233E-39
  0.82000000E+01 -0.74975253E-24  0.24857819E-39
  0.83000000E+01 -0.73689450E-24  0.24655475E-39
  0.84000000E+01 -0.72433961E-24  0.24175602E-39
  0.85000000E+01 -0.71207914E-24  0.23625396E-39
  0.86000000E+01 -0.70010465E-24  0.22780497E-39
  0.87000000E+01 -0.68840796E-24  0.22179115E-39
  0.88000000E+01 -0.67698118E-24  0.22172616E-39
  0.89000000E+01 -0.66581665E-24  0.21905333E-39
  0.90000000E+01 -0.65490697E-24  0.21893610E-39
  0.91000000E+01 -0.64424497E-24  0.20982579E-39
  0.92000000E+01 -0.63382371E-24  0.20641769E-39
  0.93000000E+01 -0.62363649E-24  0.20165357E-39
  0.94000000E+01 -0.61367680E-24  0.20236840E-39
  0.95000000E+01 -0.60393834E-24  0.19668455E-39
  0.96000000E+01 -0.59441504E-24  0.19720608E-39
  0.97000000E+01 -0.58510098E-24  0.19420446E-39
  0.98000000E+01 -0.57599047E-24  0.18694210E-39
  0.99000000E+01 -0.56707796E-24  0.18811847E-39
  0.10000000E+02 -0.55835811E-24  0.18183735E-39
  0.10100000E+02 -0.54982572E-24  0.17809701E-39
  0.10200000E+02 -0.54147578E-24  0.17969615E-39
  0.10300000E+02 -0.53330340E-24  0.17211255E-39
  0.10400000E+02 -0.52530387E-24  0.17251879E-39
  0.10500000E+02 -0.51747263E-24  0.17152473E-39
  0.10600000E+02 -0.50980524E-24  0.16408208E-39
  0.10700000E+02 -0.50229741E-24  0.16284930E-39
  0.10800000E+02 -0.49494498E-24  0.16182433E-39
  0.10900000E+02 -0.48774392E-24  0.15235809E-39
  0.11000000E+02 -0.48069030E-24  0.15832591E-39
  0.11100000E+02 -0.47378035E-24  0.15665389E-39
  0.11200000E+02 -0.46701039E-24  0.15339637E-39
  0.11300000E+02 -0.46037684E-24  0.14812580E-39
  0.11400000E+02 -0.45387625E-24  0.14973851E-39
  0.11500000E+02 -0.44750526E-24  0.14864862E-39
  0.11600000E+02 -0.44126062E-24  0.14157660E-39
  0.11700000E+02 -0.43513916E-24  0.14482534E-39
  0.11800000E+02 -0.42913783E-24  0.14044650E-39
  0.11900000E+02 -0.42325364E-24  0.13899728E-39
  0.12000000E+02 -0.41748371E-24  0.13461905E-39
  0.12100000E+02 -0.41182523E-24  0.13430137E-39
  0.12200000E+02 -0.40627548E-24  0.13042152E-39
  0.12300000E+02 -0.40083182E-24  0.13041455E-39
  0.12400000E+02 -0.39549168E-24  0.12573358E-39
  0.12500000E+02 -0.39025257E-24  0.12652768E-39
  0.12600000E+02 -0.38511206E-24  0.12678435E-39
  0.12700000E+02 -0.38006781E-24  0.12247636E-39
  0.12800000E+02 -0.37511752E-24  0.12159484E-39
  0.12900000E+02 -0.37025898E-24  0.12258836E-39
  0.13000000E+02 -0.36549002E-24  0.11899608E-39
  0.13100000E+02 -0.36080856E-24  0.11513151E-39
  0.13200000E+02 -0.35621254E-24  0.11430293E-39
  0.13300000E+02 -0.35169998E-24  0.11026842E-39
  0.13400000E+02 -0.34726897E-24  0.11091012E-39
  0.13500000E+02 -0.34291762E-24  0.11213977E-39
  0.13600000E+02 -0.33864410E-24  0.10683774E-39
  0.13700000E+02 -0.33444666E-24  0.10421441E-39
  0.13800000E+02 -0.33032355E-24  0.10767677E-39
  0.13900000E+02 -0.32627312E-24  0.10458899E-39
  0.14000000E+02 -0.32229371E-24  0.10402713E-39
  0.14100000E+02 -0.31838374E-24  0.10178655E-39
  0.14200000E+02 -0.31454167E-24  0.10182958E-39
  0.14300000E+02 -0.31076599E-24  0.98566631E-40
  0.14400000E+02 -0.30705523E-24  0.98635022E-40
  0.14500000E+02 -0.30340798E-24  0.10015744E-39
  0.14600000E+02 -0.29982283E-24  0.95181223E-40
  0.14700000E+02 -0.29629845E-24  0.98429473E-40
  0.14800000E+02 -0.29283350E-24  0.92720955E-40
  0.14900000E+02 -0.28942672E-24  0.93968906E-40
  0.15000000E+02 -0.28607685E-24  0.90649124E-40
  0.15100000E+02 -0.28278266E-24  0.91077989E-40
  0.15200000E+02 -0.27954299E-24  0.89201674E-40
  0.15300000E+02 -0.27635667E-24  0.86152371E-40
  0.15400000E+02 -0.27322257E-24  0.86469466E-40
  0.15500000E+02 -0.27013960E-24  0.86766187E-40
  0.15600000E+02 -0.26710670E-24  0.86725121E-40
  0.15700000E+02 -0.26412280E-24  0.84936849E-40
  0.15800000E+02 -0.26118691E-24  0.83506133E-40
  0.15900000E+02 -0.25829803E-24  0.82549355E-40
  0.16000000E+02 -0.25545519E-24  0.81975029E-40
  0.16100000E+02 -0.25265745E-24  0.79205311E-40
  0.16200000E+02 -0.24990390E-24  0.81823276E-40
  0.16300000E+02 -0.24719363E-24  0.77619549E-40
  0.16400000E+02 -0.24452576E-24  0.78425497E-40
  0.16500000E+02 -0.24189946E-24  0.79021510E-40
  0.16600000E+02 -0.23931388E-24  0.76510343E-40
  0.16700000E+02 -0.23676821E-24  0.74009873E-40
  0.16800000E+02 -0.23426166E-24  0.73257935E-40
  0.16900000E+02 -0.23179346E-24  0.73413999E-40
  0.17000000E+02 -0.22936285E-24  0.73384702E-40
  0.17100000E+02 -0.22696909E-24  0.72999317E-40
  0.17200000E+02 -0.22461146E-24  0.72648590E-40
  0.17300000E+02 -0.22228927E-24  0.69798983E-40
  0.17400000E+02 -0.22000182E-24  0.69841176E-40
  0.17500000E+02 -0.21774844E-24  0.66532056E-40
  0.17600000E+02 -0.21552848E-24  0.66864552E-40
  0.17700000E+02 -0.21334131E-24  0.69062856E-40
  0.17800000E+02 -0.21118628E-24  0.66863003E-40
  0.17900000E+02 -0.20906281E-24  0.68881048E-40
  0.18000000E+02 -0.20697029E-24  0.65546366E-40
  0.18100000E+02 -0.20490813E-24  0.65687347E-40
  0.18200000E+02 -0.20287577E-24  0.62620397E-40
  0.18300000E+02 -0.20087265E-24  0.65027041E-40
  0.18400000E+02 -0.19889823E-24  0.63376154E-40
  0.18500000E+02 -0.19695198E-24  0.63835713E-40
  0.18600000E+02 -0.19503338E-24  0.62790415E-40
  0.18700000E+02 -0.19314192E-24  0.61527145E-40
  0.18800000E+02 -0.19127710E-24  0.59983732E-40
  0.18900000E+02 -0.18943844E-24  0.59327100E-40
  0.19000000E+02 -0.18762546E-24  0.60430258E-40
  0.19100000E+02 -0.18583771E-24  0.59181479E-40
  0.19200000E+02 -0.18407472E-24  0.57135177E-40
  0.19300000E+02 -0.18233605E-24  0.59133151E-40
  0.19400000E+02 -0.18062126E-24  0.57425457E-40
  0.19500000E+02 -0.17892994E-24  0.55356243E-40
  0.19600000E+02 -0.17726167E-24  0.55559205E-40
  0.19700000E+02 -0.17561603E-24  0.55442036E-40
  0.19800000E+02 -0.17399264E-24  0.55877585E-40
  0.19900000E+02 -0.17239109E-24  0.54678809E-40
  0.20000000E+02 -0.17081102E-24  0.54263294E-40
  0.20100000E+02 -0.16925205E-24  0.52610250E-40
  0.20200000E+02 -0.16771380E-24  0.52103703E-40
  0.20300000E+02 -0.16619593E-24  0.52594330E-40
  0.20400000E+02 -0.16469809E-24  0.54096556E-40
  0.20500000E+02 -0.16321993E-24  0.51068258E-40
  0.20600000E+02 -0.16176111E-24  0.52176466E-40
  0.20700000E+02 -0.16032131E-24  0.50508391E-40
  0.20800000E+02 -0.15890020E-24  0.50873697E-40
  0.20900000E+02 -0.15749748E-24  0.48533995E-40
  0.21000000E+02 -0.15611283E-24  0.49369780E-40
  0.21100000E+02 -0.15474594E-24  0.49616308E-40
  0.21200000E+02 -0.15339653E-24  0.49231649E-40
  0.21300000E+02 -0.15206430E-24  0.48127526E-40
  0.21400000E+02 -0.15074897E-24  0.47567070E-40
  0.21500000E+02 -0.14945026E-24  0.47914996E-40
  0.21600000E+02 -0.14816789E-24  0.45997552E-40
  0.21700000E+02 -0.14690161E-24  0.46471385E-40
  0.21800000E+02 -0.14565114E-24  0.45581614E-40
  0.21900000E+02 -0.14441623E-24  0.45235448E-40
  0.22000000E+02 -0.14319663E-24  0.44042369E-40
  0.22100000E+02 -0.14199209E-24  0.45447690E-40
  0.22200000E+02 -0.14080237E-24  0.46255350E-40
  0.22300000E+02 -0.13962723E-24  0.45541113E-40
  0.22400000E+02 -0.13846644E-24  0.43621037E-40
  0.22500000E+02 -0.13731977E-24  0.43302991E-40
  0.22600000E+02 -0.13618700E-24  0.43045911E-40
  0.22700000E+02 -0.13506791E-24  0.41734214E-40
  0.22800000E+02 -0.13396228E-24  0.42158629E-40
  0.22900000E+02 -0.13286990E-24  0.41321565E-40
  0.23000000E+02 -0.13179057E-24  0.42957243E-40
  0.23100000E+02 -0.13072408E-24  0.41564878E-40
  0.23200000E+02 -0.12967023E-24  0.40567520E-40
  0.23300000E+02 -0.12862883E-24  0.40314305E-40
  0.23400000E+02 -0.12759969E-24  0.40049346E-40
  0.23500000E+02 -0.12658261E-24  0.39456005E-40
  0.23600000E+02 -0.12557742E-24  0.40404763E-40
  0.23700000E+02 -0.12458393E-24  0.39518033E-40
  0.23800000E+02 -0.12360197E-24  0.38273057E-40
  0.23900000E+02 -0.12263135E-24  0.38982668E-40
  0.24000000E+02 -0.12167191E-24  0.37651041E-40
  0.24100000E+02 -0.12072349E-24  0.37113869E-40
  0.24200000E+02 -0.11978591E-24  0.38266121E-40
  0.24300000E+02 -0.11885901E-24  0.36902736E-40
  0.24400000E+02 -0.11794264E-24  0.37947081E-40
  0.24500000E+02 -0.11703664E-24  0.37668701E-40
  0.24600000E+02 -0.11614086E-24  0.36417201E-40
  0.24700000E+02 -0.11525514E-24  0.36483658E-40
  0.24800000E+02 -0.11437934E-24  0.36139323E-40
  0.24900000E+02 -0.11351331E-24  0.35386009E-40
  0.25000000E+02 -0.11265691E-24  0.35778466E-40
  0.25100000E+02 -0.11181000E-24  0.35268870E-40
  0.25200000E+02 -0.11097245E-24  0.34147094E-40
  0.25300000E+02 -0.11014411E-24  0.35698015E-40
  0.25400000E+02 -0.10932486E-24  0.34274443E-40
  0.25500000E+02 -0.10851456E-24  0.34506012E-40
  0.25600000E+02 -0.10771310E-24  0.33933030E-40
  0.25700000E+02 -0.10692033E-24  0.33085008E-40
  0.25800000E+02 -0.10613614E-24  0.33146310E-40
  0.25900000E+02 -0.10536041E-24  0.32574072E-40
  0.26000000E+02 -0.10459301E-24  0.33156668E-40
  0.26100000E+02 -0.10383384E-24  0.33114681E-40
  0.26200000E+02 -0.10308277E-24  0.32815358E-40
  0.26300000E+02 -0.10233969E-24  0.31750870E-40
  0.26400000E+02 -0.10160449E-24  0.32054870E-40
  0.26500000E+02 -0.10087706E-24  0.32048005E-40
  0.26600000E+02 -0.10015730E-24  0.31419354E-40
  0.26700000E+02 -0.99445097E-25  0.31917786E-40
  0.26800000E+02 -0.98740346E-25  0.30865521E-40
  0.26900000E+02 -0.98042947E-25  0.30832022E-40
  0.27000000E+02 -0.97352800E-25  0.30464434E-40
  0.27100000E+02 -0.96669805E-25  0.30149641E-40
  0.27200000E+02 -0.95993866E-25  0.30409799E-40
  0.27300000E+02 -0.95324887E-25  0.30645204E-40
  0.27400000E+02 -0.94662775E-25  0.29977700E-40
  0.27500000E+02 -0.94007437E-25  0.29920119E-40
  0.27600000E+02 -0.93358782E-25  0.29316307E-40
  0.27700000E+02 -0.92716721E-25  0.29114256E-40
  0.27800000E+02 -0.92081166E-25  0.28486960E-40
  0.27900000E+02 -0.91452031E-25  0.27939546E-40
  0.28000000E+02 -0.90829231E-25  0.28308888E-40
  0.28100000E+02 -0.90212681E-25  0.28445039E-40
  0.28200000E+02 -0.89602301E-25  0.28314431E-40
  0.28300000E+02 -0.88998009E-25  0.28023165E-40
  0.28400000E+02 -0.88399725E-25  0.28447529E-40
  0.28500000E+02 -0.87807371E-25  0.27718423E-40
  0.28600000E+02 -0.87220870E-25  0.27612209E-40
  0.28700000E+02 -0.86640147E-25  0.27702041E-40
  0.28800000E+02 -0.86065126E-25  0.26896483E-40
  0.28900000E+02 -0.85495734E-25  0.27103648E-40
  0.29000000E+02 -0.84931898E-25  0.26437607E-40
  0.29100000E+02 -0.84373549E-25  0.26033822E-40
  0.29200000E+02 -0.83820615E-25  0.27070282E-40
  0.29300000E+02 -0.83273028E-25  0.26212828E-40
  0.29400000E+02 -0.82730719E-25  0.25762215E-40
  0.29500000E+02 -0.82193623E-25  0.25874519E-40
  0.29600000E+02 -0.81661673E-25  0.26472233E-40
  0.29700000E+02 -0.81134805E-25  0.25637141E-40
  0.29800000E+02 -0.80612954E-25  0.25569821E-40
  0.29900000E+02 -0.80096059E-25  0.25584530E-40
  0.30000000E+02 -0.79584057E-25  0.25112611E-40
  0.30100000E+02 -0.79076888E-25  0.25078648E-40
  0.30200000E+02 -0.78574492E-25  0.24309226E-40
  0.30300000E+02 -0.78076809E-25  0.24793758E-40
  0.30400000E+02 -0.77583781E-25  0.24091008E-40
  0.30500000E+02 -0.77095353E-25  0.23750949E-40
  0.30600000E+02 -0.76611466E-25  0.24011036E-40
  0.30700000E+02 -0.76132066E-25  0.24070650E-40
  0.30800000E+02 -0.75657098E-25  0.23856314E-40
  0.30900000E+02 -0.75186508E-25  0.23668869E-40
  0.31000000E+02 -0.74720243E-25  0.24087124E-40
  0.31100000E+02 -0.74258251E-25  0.23042949E-40
  0.31200000E+02 -0.73800480E-25  0.22866751E-40
  0.31300000E+02 -0.73346880E-25  0.22894575E-40
  0.31400000E+02 -0.72897401E-25  0.22618557E-40
  0.31500000E+02 -0.72451994E-25  0.23009594E-40
  0.31600000E+02 -0.72010610E-25  0.22398641E-40
  0.31700000E+02 -0.71573201E-25  0.22307366E-40
  0.31800000E+02 -0.71139720E-25  0.22146528E-40
  0.31900000E+02 -0.70710122E-25  0.21739382E-40
  0.32000000E+02 -0.70284359E-25  0.21505287E-40
  0.32100000E+02 -0.69862388E-25  0.21822185E-40
  0.32200000E+02 -0.69444163E-25  0.22075096E-40
  0.32300000E+02 -0.69029641E-25  0.21509859E-40
  0.32400000E+02 -0.68618780E-25  0.21637408E-40
  0.32500000E+02 -0.68211535E-25  0.21803012E-40
  0.32600000E+02 -0.67807867E-25  0.21138251E-40
  0.32700000E+02 -0.67407732E-25  0.20956362E-40
  0.32800000E+02 -0.67011091E-25  0.21007669E-40
  0.32900000E+02 -0.66617903E-25  0.20959127E-40
  0.33000000E+02 -0.66228129E-25  0.20878058E-40
  0.33100000E+02 -0.65841730E-25  0.20517343E-40
  0.33200000E+02 -0.65458667E-25  0.20525386E-40
  0.33300000E+02 -0.65078903E-25  0.20835006E-40
  0.33400000E+02 -0.64702400E-25  0.20246538E-40
  0.33500000E+02 -0.64329121E-25  0.20135629E-40
  0.33600000E+02 -0.63959030E-25  0.19595647E-40
  0.33700000E+02 -0.63592091E-25  0.19737225E-40
  0.33800000E+02 -0.63228269E-25  0.19510283E-40
  0.33900000E+02 -0.62867529E-25  0.19588685E-40
  0.34000000E+02 -0.62509836E-25  0.19328308E-40
  0.34100000E+02 -0.62155156E-25  0.19858996E-40
  0.34200000E+02 -0.61803457E-25  0.19656376E-40
  0.34300000E+02 -0.61454706E-25  0.19322269E-40
  0.34400000E+02 -0.61108868E-25  0.19103529E-40
  0.34500000E+02 -0.60765914E-25  0.18933303E-40
  0.34600000E+02 -0.60425810E-25  0.19146525E-40
  0.34700000E+02 -0.60088526E-25  0.18895098E-40
  0.34800000E+02 -0.59754032E-25  0.18488837E-40
  0.34900000E+02 -0.59422295E-25  0.18634079E-40
  0.35000000E+02 -0.59093288E-25  0.18034714E-40
  0.35100000E+02 -0.58766979E-25  0.18557073E-40
  0.35200000E+02 -0.58443340E-25  0.18695893E-40
  0.35300000E+02 -0.58122343E-25  0.18292065E-40
  0.35400000E+02 -0.57803958E-25  0.17784511E-40
  0.35500000E+02 -0.57488158E-25  0.18221551E-40
  0.35600000E+02 -0.57174914E-25  0.18154411E-40
  0.35700000E+02 -0.56864201E-25  0.17876508E-40
  0.35800000E+02 -0.56555990E-25  0.17806236E-40
  0.35900000E+02 -0.56250256E-25  0.17731146E-40
  0.36000000E+02 -0.55946972E-25  0.17460314E-40
  0.36100000E+02 -0.55646112E-25  0.17720104E-40
  0.36200000E+02 -0.55347650E-25  0.17537722E-40
  0.36300000E+02 -0.55051562E-25  0.17326832E-40
  0.36400000E+02 -0.54757823E-25  0.17140714E-40
  0.36500000E+02 -0.54466408E-25  0.16986721E-40
  0.36600000E+02 -0.54177292E-25  0.17128094E-40
  0.36700000E+02 -0.53890452E-25  0.16930907E-40
  0.36800000E+02 -0.53605864E-25  0.16784743E-40
  0.36900000E+02 -0.53323505E-25  0.16581514E-40
  0.37000000E+02 -0.53043352E-25  0.16923693E-40
  0.37100000E+02 -0.52765383E-25  0.16549575E-40
  0.37200000E+02 -0.52489574E-25  0.16202503E-40
  0.37300000E+02 -0.52215903E-25  0.16574856E-40
  0.37400000E+02 -0.51944349E-25  0.15940139E-40
  0.37500000E+02 -0.51674890E-25  0.16068975E-40
  0.37600000E+02 -0.51407506E-25  0.16461008E-40
  0.37700000E+02 -0.51142173E-25  0.15843000E-40
  0.37800000E+02 -0.50878873E-25  0.16237567E-40
  0.37900000E+02 -0.50617584E-25  0.15974420E-40
  0.38000000E+02 -0.50358286E-25  0.15597763E-40
  0.38100000E+02 -0.50100960E-25  0.15846588E-40
  0.38200000E+02 -0.49845585E-25  0.15658720E-40
  0.38300000E+02 -0.49592141E-25  0.15726026E-40
  0.38400000E+02 -0.49340610E-25  0.15336878E-40
  0.38500000E+02 -0.49090973E-25  0.15410459E-40
  0.38600000E+02 -0.48843210E-25  0.15333038E-40
  0.38700000E+02 -0.48597304E-25  0.15410723E-40
  0.38800000E+02 -0.48353235E-25  0.15378414E-40
  0.38900000E+02 -0.48110986E-25  0.15094936E-40
  0.39000000E+02 -0.47870538E-25  0.14982726E-40
  0.39100000E+02 -0.47631875E-25  0.14723171E-40
  0.39200000E+02 -0.47394978E-25  0.15289317E-40
  0.39300000E+02 -0.47159831E-25  0.14788518E-40
  0.39400000E+02 -0.46926416E-25  0.14609313E-40
  0.39500000E+02 -0.46694716E-25  0.14104904E-40
  0.39600000E+02 -0.46464715E-25  0.14318992E-40
  0.39700000E+02 -0.46236396E-25  0.14296766E-40
  0.39800000E+02 -0.46009744E-25  0.14053421E-40
  0.39900000E+02 -0.45784741E-25  0.14505071E-40
  0.40000000E+02 -0.45561373E-25  0.14323064E-40
