  0.00000000E+00 -0.21033201E-22  0.15471912E-35
  0.10000000E+00 -0.20997458E-22  0.15383241E-35
  0.20000000E+00 -0.20892591E-22  0.15326339E-35
  0.30000000E+00 -0.20725205E-22  0.15184537E-35
  0.40000000E+00 -0.20504851E-22  0.15023673E-35
  0.50000000E+00 -0.20242380E-22  0.14789342E-35
  0.60000000E+00 -0.19948396E-22  0.14532422E-35
  0.70000000E+00 -0.19632155E-22  0.14287044E-35
  0.80000000E+00 -0.19301007E-22  0.13965058E-35
  0.90000000E+00 -0.18960307E-22  0.13626864E-35
  0.10000000E+01 -0.18613640E-22  0.13280973E-35
  0.11000000E+01 -0.18263204E-22  0.12930405E-35
  0.12000000E+01 -0.17910223E-22  0.12566181E-35
  0.13000000E+01 -0.17555308E-22  0.12192081E-35
  0.14000000E+01 -0.17198750E-22  0.11837153E-35
  0.15000000E+01 -0.16840722E-22  0.11445818E-35
  0.16000000E+01 -0.16481407E-22  0.11074196E-35
  0.17000000E+01 -0.16121068E-22  0.10709403E-35
  0.18000000E+01 -0.15760079E-22  0.10354371E-35
  0.19000000E+01 -0.15398920E-22  0.99905922E-36
  0.20000000E+01 -0.15038163E-22  0.96593872E-36
  0.21000000E+01 -0.14678450E-22  0.92979553E-36
  0.22000000E+01 -0.14320462E-22  0.89908632E-36
  0.23000000E+01 -0.13964894E-22  0.86693813E-36
  0.24000000E+01 -0.13612438E-22  0.83696808E-36
  0.25000000E+01 -0.13263757E-22  0.80724146E-36
  0.26000000E+01 -0.12919475E-22  0.77799983E-36
  0.27000000E+01 -0.12580166E-22  0.75104449E-36
  0.28000000E+01 -0.12246348E-22  0.72520789E-36
  0.29000000E+01 -0.11918478E-22  0.69940038E-36
  0.30000000E+01 -0.11596951E-22  0.67374143E-36
  0.31000000E+01 -0.11282102E-22  0.65032923E-36
  0.32000000E+01 -0.10974205E-22  0.62842249E-36
  0.33000000E+01 -0.10673478E-22  0.60766180E-36
  0.34000000E+01 -0.10380089E-22  0.58694891E-36
  0.35000000E+01 -0.10094155E-22  0.56679318E-36
  0.36000000E+01 -0.98157488E-23  0.54598221E-36
  0.37000000E+01 -0.95449054E-23  0.52821903E-36
  0.38000000E+01 -0.92816233E-23  0.51008360E-36
  0.39000000E+01 -0.90258700E-23  0.49339766E-36
  0.40000000E+01 -0.87775856E-23  0.47880361E-36
  0.41000000E+01 -0.85366867E-23  0.46135571E-36
  0.42000000E+01 -0.83030697E-23  0.44723313E-36
  0.43000000E+01 -0.80766139E-23  0.43235137E-36
  0.44000000E+01 -0.78571844E-23  0.41927032E-36
  0.45000000E+01 -0.76446343E-23  0.40588154E-36
  0.46000000E+01 -0.74388077E-23  0.39168672E-36
  0.47000000E+01 -0.72395412E-23  0.38148601E-36
  0.48000000E+01 -0.70466657E-23  0.36837699E-36
  0.49000000E+01 -0.68600083E-23  0.35908057E-36
  0.50000000E+01 -0.66793935E-23  0.34746194E-36
  0.51000000E+01 -0.65046445E-23  0.33719234E-36
  0.52000000E+01 -0.63355840E-23  0.32703465E-36
  0.53000000E+01 -0.61720356E-23  0.31769656E-36
  0.54000000E+01 -0.60138240E-23  0.30916941E-36
  0.55000000E+01 -0.58607760E-23  0.29992039E-36
  0.56000000E+01 -0.57127211E-23  0.29055988E-36
  0.57000000E+01 -0.55694916E-23  0.28378279E-36
  0.58000000E+01 -0.54309234E-23  0.27449700E-36
  0.59000000E+01 -0.52968559E-23  0.26737226E-36
  0.60000000E+01 -0.51671326E-23  0.26038625E-36
  0.61000000E+01 -0.50416010E-23  0.25299111E-36
  0.62000000E+01 -0.49201127E-23  0.24619771E-36
  0.63000000E+01 -0.48025239E-23  0.24026260E-36
  0.64000000E+01 -0.46886950E-23  0.23397016E-36
  0.65000000E+01 -0.45784908E-23  0.22858920E-36
  0.66000000E+01 -0.44717806E-23  0.22165143E-36
  0.67000000E+01 -0.43684378E-23  0.21701239E-36
  0.68000000E+01 -0.42683404E-23  0.21084812E-36
  0.69000000E+01 -0.41713705E-23  0.20532780E-36
  0.70000000E+01 -0.40774145E-23  0.20080568E-36
  0.71000000E+01 -0.39863627E-23  0.19553565E-36
  0.72000000E+01 -0.38981096E-23  0.19084457E-36
  0.73000000E+01 -0.38125536E-23  0.18658701E-36
  0.74000000E+01 -0.37295967E-23  0.18220964E-36
  0.75000000E+01 -0.36491448E-23  0.17757759E-36
  0.76000000E+01 -0.35711072E-23  0.17414199E-36
  0.77000000E+01 -0.34953968E-23  0.16989027E-36
  0.78000000E+01 -0.34219299E-23  0.16603528E-36
  0.79000000E+01 -0.33506259E-23  0.16211443E-36
  0.80000000E+01 -0.32814074E-23  0.15851331E-36
  0.81000000E+01 -0.32141999E-23  0.15515168E-36
  0.82000000E+01 -0.31489320E-23  0.15189379E-36
  0.83000000E+01 -0.30855350E-23  0.14786497E-36
  0.84000000E+01 -0.30239429E-23  0.14554636E-36
  0.85000000E+01 -0.29640923E-23  0.14193215E-36
  0.86000000E+01 -0.29059223E-23  0.13952287E-36
  0.87000000E+01 -0.28493742E-23  0.13622113E-36
  0.88000000E+01 -0.27943920E-23  0.13362032E-36
  0.89000000E+01 -0.27409215E-23  0.13133646E-36
  0.90000000E+01 -0.26889109E-23  0.12786093E-36
  0.91000000E+01 -0.26383103E-23  0.12567368E-36
  0.92000000E+01 -0.25890718E-23  0.12332579E-36
  0.93000000E+01 -0.25411493E-23  0.12044744E-36
  0.94000000E+01 -0.24944985E-23  0.11780794E-36
  0.95000000E+01 -0.24490769E-23  0.11599449E-36
  0.96000000E+01 -0.24048437E-23  0.11354711E-36
  0.97000000E+01 -0.23617594E-23  0.11121821E-36
  0.98000000E+01 -0.23197863E-23  0.10943393E-36
  0.99000000E+01 -0.22788880E-23  0.10711725E-36
  0.10000000E+02 -0.22390296E-23  0.10485927E-36
  0.10100000E+02 -0.22001774E-23  0.10324117E-36
  0.10200000E+02 -0.21622990E-23  0.10125429E-36
  0.10300000E+02 -0.21253634E-23  0.99301752E-37
  0.10400000E+02 -0.20893406E-23  0.97583276E-37
  0.10500000E+02 -0.20542017E-23  0.96130862E-37
  0.10600000E+02 -0.20199190E-23  0.94484948E-37
  0.10700000E+02 -0.19864657E-23  0.92948697E-37
  0.10800000E+02 -0.19538161E-23  0.91014473E-37
  0.10900000E+02 -0.19219455E-23  0.89194659E-37
  0.11000000E+02 -0.18908300E-23  0.87724414E-37
  0.11100000E+02 -0.18604464E-23  0.86472108E-37
  0.11200000E+02 -0.18307728E-23  0.85260268E-37
  0.11300000E+02 -0.18017877E-23  0.83189139E-37
  0.11400000E+02 -0.17734704E-23  0.82318173E-37
  0.11500000E+02 -0.17458013E-23  0.80612616E-37
  0.11600000E+02 -0.17187610E-23  0.79604743E-37
  0.11700000E+02 -0.16923312E-23  0.78353739E-37
  0.11800000E+02 -0.16664939E-23  0.76927061E-37
  0.11900000E+02 -0.16412321E-23  0.75691581E-37
  0.12000000E+02 -0.16165292E-23  0.74278790E-37
  0.12100000E+02 -0.15923690E-23  0.73336019E-37
  0.12200000E+02 -0.15687362E-23  0.72261844E-37
  0.12300000E+02 -0.15456158E-23  0.71034741E-37
  0.12400000E+02 -0.15229934E-23  0.70284404E-37
  0.12500000E+02 -0.15008551E-23  0.68527176E-37
  0.12600000E+02 -0.14791874E-23  0.67759072E-37
  0.12700000E+02 -0.14579773E-23  0.66780843E-37
  0.12800000E+02 -0.14372122E-23  0.65760467E-37
  0.12900000E+02 -0.14168801E-23  0.64888458E-37
  0.13000000E+02 -0.13969691E-23  0.63953504E-37
  0.13100000E+02 -0.13774679E-23  0.62821834E-37
  0.13200000E+02 -0.13583655E-23  0.62235972E-37
  0.13300000E+02 -0.13396513E-23  0.61108236E-37
  0.13400000E+02 -0.13213150E-23  0.60497943E-37
  0.13500000E+02 -0.13033466E-23  0.59390863E-37
  0.13600000E+02 -0.12857366E-23  0.58438696E-37
  0.13700000E+02 -0.12684755E-23  0.57957601E-37
  0.13800000E+02 -0.12515544E-23  0.56998378E-37
  0.13900000E+02 -0.12349645E-23  0.56304174E-37
  0.14000000E+02 -0.12186974E-23  0.55232295E-37
  0.14100000E+02 -0.12027449E-23  0.54884107E-37
  0.14200000E+02 -0.11870989E-23  0.53844463E-37
  0.14300000E+02 -0.11717518E-23  0.53220817E-37
  0.14400000E+02 -0.11566962E-23  0.52383252E-37
  0.14500000E+02 -0.11419247E-23  0.51792343E-37
  0.14600000E+02 -0.11274305E-23  0.51219765E-37
  0.14700000E+02 -0.11132066E-23  0.50598695E-37
  0.14800000E+02 -0.10992465E-23  0.49849078E-37
  0.14900000E+02 -0.10855437E-23  0.49126935E-37
  0.15000000E+02 -0.10720921E-23  0.48559850E-37
  0.15100000E+02 -0.10588856E-23  0.47850609E-37
  0.15200000E+02 -0.10459184E-23  0.47069263E-37
  0.15300000E+02 -0.10331848E-23  0.46843262E-37
  0.15400000E+02 -0.10206793E-23  0.45864194E-37
  0.15500000E+02 -0.10083965E-23  0.45385430E-37
  0.15600000E+02 -0.99633118E-24  0.44949331E-37
  0.15700000E+02 -0.98447838E-24  0.44446266E-37
  0.15800000E+02 -0.97283314E-24  0.43732622E-37
  0.15900000E+02 -0.96139071E-24  0.43158294E-37
  0.16000000E+02 -0.95014644E-24  0.42742789E-37
  0.16100000E+02 -0.93909585E-24  0.42243569E-37
  0.16200000E+02 -0.92823454E-24  0.41690901E-37
  0.16300000E+02 -0.91755826E-24  0.41165378E-37
  0.16400000E+02 -0.90706289E-24  0.40642104E-37
  0.16500000E+02 -0.89674439E-24  0.40216943E-37
  0.16600000E+02 -0.88659885E-24  0.39779295E-37
  0.16700000E+02 -0.87662246E-24  0.39353555E-37
  0.16800000E+02 -0.86681153E-24  0.38973697E-37
  0.16900000E+02 -0.85716244E-24  0.38272199E-37
  0.17000000E+02 -0.84767170E-24  0.37857573E-37
  0.17100000E+02 -0.83833588E-24  0.37440196E-37
  0.17200000E+02 -0.82915167E-24  0.37047992E-37
  0.17300000E+02 -0.82011583E-24  0.36665523E-37
  0.17400000E+02 -0.81122521E-24  0.36284318E-37
  0.17500000E+02 -0.80247674E-24  0.35863043E-37
  0.17600000E+02 -0.79386744E-24  0.35394717E-37
  0.17700000E+02 -0.78539440E-24  0.35182369E-37
  0.17800000E+02 -0.77705478E-24  0.34830863E-37
  0.17900000E+02 -0.76884583E-24  0.34443692E-37
  0.18000000E+02 -0.76076484E-24  0.33810655E-37
  0.18100000E+02 -0.75280919E-24  0.33581657E-37
  0.18200000E+02 -0.74497634E-24  0.33298498E-37
  0.18300000E+02 -0.73726378E-24  0.32684026E-37
  0.18400000E+02 -0.72966910E-24  0.32519913E-37
  0.18500000E+02 -0.72218991E-24  0.32159234E-37
  0.18600000E+02 -0.71482390E-24  0.31827571E-37
  0.18700000E+02 -0.70756883E-24  0.31433025E-37
  0.18800000E+02 -0.70042250E-24  0.31196224E-37
  0.18900000E+02 -0.69338276E-24  0.30837696E-37
  0.19000000E+02 -0.68644752E-24  0.30658207E-37
  0.19100000E+02 -0.67961473E-24  0.30335188E-37
  0.19200000E+02 -0.67288242E-24  0.29800790E-37
  0.19300000E+02 -0.66624863E-24  0.29437789E-37
  0.19400000E+02 -0.65971146E-24  0.29389982E-37
  0.19500000E+02 -0.65326906E-24  0.29016631E-37
  0.19600000E+02 -0.64691963E-24  0.28650539E-37
  0.19700000E+02 -0.64066140E-24  0.28237940E-37
  0.19800000E+02 -0.63449264E-24  0.28021208E-37
  0.19900000E+02 -0.62841167E-24  0.27852060E-37
  0.20000000E+02 -0.62241684E-24  0.27566608E-37
  0.20100000E+02 -0.61650655E-24  0.27341446E-37
  0.20200000E+02 -0.61067923E-24  0.27105632E-37
  0.20300000E+02 -0.60493334E-24  0.26812584E-37
  0.20400000E+02 -0.59926739E-24  0.26603172E-37
  0.20500000E+02 -0.59367990E-24  0.26307920E-37
  0.20600000E+02 -0.58816946E-24  0.25947249E-37
  0.20700000E+02 -0.58273466E-24  0.25707771E-37
  0.20800000E+02 -0.57737412E-24  0.25494411E-37
  0.20900000E+02 -0.57208653E-24  0.25213886E-37
  0.21000000E+02 -0.56687056E-24  0.25002915E-37
  0.21100000E+02 -0.56172494E-24  0.24856916E-37
  0.21200000E+02 -0.55664842E-24  0.24583600E-37
  0.21300000E+02 -0.55163977E-24  0.24295921E-37
  0.21400000E+02 -0.54669781E-24  0.24197967E-37
  0.21500000E+02 -0.54182135E-24  0.23830046E-37
  0.21600000E+02 -0.53700927E-24  0.23673811E-37
  0.21700000E+02 -0.53226042E-24  0.23369777E-37
  0.21800000E+02 -0.52757374E-24  0.23165322E-37
  0.21900000E+02 -0.52294812E-24  0.23083477E-37
  0.22000000E+02 -0.51838254E-24  0.22799965E-37
  0.22100000E+02 -0.51387597E-24  0.22600977E-37
  0.22200000E+02 -0.50942738E-24  0.22570047E-37
  0.22300000E+02 -0.50503582E-24  0.22247291E-37
  0.22400000E+02 -0.50070030E-24  0.22135102E-37
  0.22500000E+02 -0.49641989E-24  0.21946073E-37
  0.22600000E+02 -0.49219366E-24  0.21571170E-37
  0.22700000E+02 -0.48802072E-24  0.21498737E-37
  0.22800000E+02 -0.48390016E-24  0.21283564E-37
  0.22900000E+02 -0.47983114E-24  0.21083956E-37
  0.23000000E+02 -0.47581279E-24  0.20839706E-37
  0.23100000E+02 -0.47184428E-24  0.20716828E-37
  0.23200000E+02 -0.46792480E-24  0.20548813E-37
  0.23300000E+02 -0.46405355E-24  0.20327243E-37
  0.23400000E+02 -0.46022975E-24  0.20140261E-37
  0.23500000E+02 -0.45645263E-24  0.20071461E-37
  0.23600000E+02 -0.45272144E-24  0.19888431E-37
  0.23700000E+02 -0.44903544E-24  0.19709820E-37
  0.23800000E+02 -0.44539390E-24  0.19554728E-37
  0.23900000E+02 -0.44179613E-24  0.19330314E-37
  0.24000000E+02 -0.43824143E-24  0.19253036E-37
  0.24100000E+02 -0.43472912E-24  0.19110861E-37
  0.24200000E+02 -0.43125852E-24  0.18927957E-37
  0.24300000E+02 -0.42782900E-24  0.18806141E-37
  0.24400000E+02 -0.42443990E-24  0.18600068E-37
  0.24500000E+02 -0.42109059E-24  0.18426490E-37
  0.24600000E+02 -0.41778047E-24  0.18314258E-37
  0.24700000E+02 -0.41450892E-24  0.18090798E-37
  0.24800000E+02 -0.41127536E-24  0.18054829E-37
  0.24900000E+02 -0.40807919E-24  0.17858445E-37
  0.25000000E+02 -0.40491986E-24  0.17716542E-37
  0.25100000E+02 -0.40179679E-24  0.17587155E-37
  0.25200000E+02 -0.39870944E-24  0.17403994E-37
  0.25300000E+02 -0.39565728E-24  0.17303192E-37
  0.25400000E+02 -0.39263976E-24  0.17186367E-37
  0.25500000E+02 -0.38965638E-24  0.17079662E-37
  0.25600000E+02 -0.38670662E-24  0.16909236E-37
  0.25700000E+02 -0.38378998E-24  0.16835044E-37
  0.25800000E+02 -0.38090597E-24  0.16683707E-37
  0.25900000E+02 -0.37805411E-24  0.16546868E-37
  0.26000000E+02 -0.37523392E-24  0.16349199E-37
  0.26100000E+02 -0.37244495E-24  0.16311063E-37
  0.26200000E+02 -0.36968673E-24  0.16105998E-37
  0.26300000E+02 -0.36695882E-24  0.16057625E-37
  0.26400000E+02 -0.36426078E-24  0.15926164E-37
  0.26500000E+02 -0.36159217E-24  0.15811668E-37
  0.26600000E+02 -0.35895258E-24  0.15662325E-37
  0.26700000E+02 -0.35634158E-24  0.15550847E-37
  0.26800000E+02 -0.35375877E-24  0.15404896E-37
  0.26900000E+02 -0.35120374E-24  0.15243298E-37
  0.27000000E+02 -0.34867609E-24  0.15263303E-37
  0.27100000E+02 -0.34617546E-24  0.15059428E-37
  0.27200000E+02 -0.34370144E-24  0.15015567E-37
  0.27300000E+02 -0.34125367E-24  0.14912617E-37
  0.27400000E+02 -0.33883177E-24  0.14793660E-37
  0.27500000E+02 -0.33643539E-24  0.14696790E-37
  0.27600000E+02 -0.33406418E-24  0.14604033E-37
  0.27700000E+02 -0.33171778E-24  0.14418622E-37
  0.27800000E+02 -0.32939584E-24  0.14411927E-37
  0.27900000E+02 -0.32709804E-24  0.14271987E-37
  0.28000000E+02 -0.32482405E-24  0.14182292E-37
  0.28100000E+02 -0.32257352E-24  0.14086446E-37
  0.28200000E+02 -0.32034615E-24  0.13957368E-37
  0.28300000E+02 -0.31814163E-24  0.13864365E-37
  0.28400000E+02 -0.31595963E-24  0.13782726E-37
  0.28500000E+02 -0.31379986E-24  0.13717487E-37
  0.28600000E+02 -0.31166202E-24  0.13541668E-37
  0.28700000E+02 -0.30954581E-24  0.13458411E-37
  0.28800000E+02 -0.30745094E-24  0.13427613E-37
  0.28900000E+02 -0.30537714E-24  0.13286775E-37
  0.29000000E+02 -0.30332411E-24  0.13208373E-37
  0.29100000E+02 -0.30129159E-24  0.13119448E-37
  0.29200000E+02 -0.29927930E-24  0.13039771E-37
  0.29300000E+02 -0.29728698E-24  0.12922025E-37
  0.29400000E+02 -0.29531436E-24  0.12838583E-37
  0.29500000E+02 -0.29336119E-24  0.12776475E-37
  0.29600000E+02 -0.29142722E-24  0.12722346E-37
  0.29700000E+02 -0.28951219E-24  0.12579709E-37
  0.29800000E+02 -0.28761586E-24  0.12507771E-37
  0.29900000E+02 -0.28573799E-24  0.12437862E-37
  0.30000000E+02 -0.28387835E-24  0.12333405E-37
  0.30100000E+02 -0.28203668E-24  0.12242454E-37
  0.30200000E+02 -0.28021278E-24  0.12129462E-37
  0.30300000E+02 -0.27840640E-24  0.12084942E-37
  0.30400000E+02 -0.27661734E-24  0.12021704E-37
  0.30500000E+02 -0.27484536E-24  0.11964976E-37
  0.30600000E+02 -0.27309026E-24  0.11830678E-37
  0.30700000E+02 -0.27135181E-24  0.11771830E-37
  0.30800000E+02 -0.26962982E-24  0.11789652E-37
  0.30900000E+02 -0.26792407E-24  0.11640692E-37
  0.31000000E+02 -0.26623436E-24  0.11574249E-37
  0.31100000E+02 -0.26456050E-24  0.11465991E-37
  0.31200000E+02 -0.26290228E-24  0.11418186E-37
  0.31300000E+02 -0.26125952E-24  0.11351236E-37
  0.31400000E+02 -0.25963202E-24  0.11262282E-37
  0.31500000E+02 -0.25801960E-24  0.11180355E-37
  0.31600000E+02 -0.25642206E-24  0.11123191E-37
  0.31700000E+02 -0.25483924E-24  0.11061191E-37
  0.31800000E+02 -0.25327094E-24  0.10995924E-37
  0.31900000E+02 -0.25171700E-24  0.10937315E-37
  0.32000000E+02 -0.25017723E-24  0.10890364E-37
  0.32100000E+02 -0.24865148E-24  0.10783544E-37
  0.32200000E+02 -0.24713956E-24  0.10730397E-37
  0.32300000E+02 -0.24564131E-24  0.10666281E-37
  0.32400000E+02 -0.24415658E-24  0.10594689E-37
  0.32500000E+02 -0.24268520E-24  0.10525745E-37
  0.32600000E+02 -0.24122700E-24  0.10493088E-37
  0.32700000E+02 -0.23978184E-24  0.10398576E-37
  0.32800000E+02 -0.23834956E-24  0.10324183E-37
  0.32900000E+02 -0.23693000E-24  0.10292472E-37
  0.33000000E+02 -0.23552302E-24  0.10264026E-37
  0.33100000E+02 -0.23412848E-24  0.10160351E-37
  0.33200000E+02 -0.23274621E-24  0.10099888E-37
  0.33300000E+02 -0.23137609E-24  0.10032279E-37
  0.33400000E+02 -0.23001797E-24  0.99638712E-38
  0.33500000E+02 -0.22867171E-24  0.98791348E-38
  0.33600000E+02 -0.22733718E-24  0.98497042E-38
  0.33700000E+02 -0.22601424E-24  0.98159051E-38
  0.33800000E+02 -0.22470275E-24  0.97525127E-38
  0.33900000E+02 -0.22340258E-24  0.96992496E-38
  0.34000000E+02 -0.22211361E-24  0.96104196E-38
  0.34100000E+02 -0.22083571E-24  0.95739332E-38
  0.34200000E+02 -0.21956875E-24  0.95382107E-38
  0.34300000E+02 -0.21831261E-24  0.94163174E-38
  0.34400000E+02 -0.21706717E-24  0.93841332E-38
  0.34500000E+02 -0.21583230E-24  0.93950140E-38
  0.34600000E+02 -0.21460788E-24  0.93186743E-38
  0.34700000E+02 -0.21339381E-24  0.92452373E-38
  0.34800000E+02 -0.21218996E-24  0.91755001E-38
  0.34900000E+02 -0.21099622E-24  0.91574883E-38
  0.35000000E+02 -0.20981247E-24  0.90900901E-38
  0.35100000E+02 -0.20863861E-24  0.90318154E-38
  0.35200000E+02 -0.20747453E-24  0.90070592E-38
  0.35300000E+02 -0.20632012E-24  0.89457062E-38
  0.35400000E+02 -0.20517527E-24  0.88431188E-38
  0.35500000E+02 -0.20403988E-24  0.88254972E-38
  0.35600000E+02 -0.20291384E-24  0.87778375E-38
  0.35700000E+02 -0.20179705E-24  0.87361427E-38
  0.35800000E+02 -0.20068942E-24  0.86980206E-38
  0.35900000E+02 -0.19959084E-24  0.86658300E-38
  0.36000000E+02 -0.19850121E-24  0.85543838E-38
  0.36100000E+02 -0.19742044E-24  0.85429145E-38
  0.36200000E+02 -0.19634844E-24  0.84993770E-38
  0.36300000E+02 -0.19528510E-24  0.84424764E-38
  0.36400000E+02 -0.19423034E-24  0.84084151E-38
  0.36500000E+02 -0.19318406E-24  0.83399459E-38
  0.36600000E+02 -0.19214618E-24  0.82861925E-38
  0.36700000E+02 -0.19111660E-24  0.82263397E-38
  0.36800000E+02 -0.19009523E-24  0.82122773E-38
  0.36900000E+02 -0.18908200E-24  0.81632766E-38
  0.37000000E+02 -0.18807681E-24  0.81234639E-38
  0.37100000E+02 -0.18707958E-24  0.80697938E-38
  0.37200000E+02 -0.18609022E-24  0.80806916E-38
  0.37300000E+02 -0.18510866E-24  0.80070478E-38
  0.37400000E+02 -0.18413481E-24  0.79337360E-38
  0.37500000E+02 -0.18316859E-24  0.79470673E-38
  0.37600000E+02 -0.18220993E-24  0.78840916E-38
  0.37700000E+02 -0.18125874E-24  0.78243320E-38
  0.37800000E+02 -0.18031494E-24  0.77749433E-38
  0.37900000E+02 -0.17937847E-24  0.77347328E-38
  0.38000000E+02 -0.17844924E-24  0.77001996E-38
  0.38100000E+02 -0.17752719E-24  0.76308418E-38
  0.38200000E+02 -0.17661223E-24  0.76100057E-38
  0.38300000E+02 -0.17570430E-24  0.76060271E-38
  0.38400000E+02 -0.17480332E-24  0.75412923E-38
  0.38500000E+02 -0.17390923E-24  0.75486525E-38
  0.38600000E+02 -0.17302195E-24  0.74439900E-38
  0.38700000E+02 -0.17214141E-24  0.74241732E-38
  0.38800000E+02 -0.17126756E-24  0.74029439E-38
  0.38900000E+02 -0.17040031E-24  0.73548583E-38
  0.39000000E+02 -0.16953961E-24  0.72953775E-38
  0.39100000E+02 -0.16868538E-24  0.72856429E-38
  0.39200000E+02 -0.16783757E-24  0.72690948E-38
  0.39300000E+02 -0.16699611E-24  0.71783743E-38
  0.39400000E+02 -0.16616094E-24  0.71638039E-38
  0.39500000E+02 -0.16533199E-24  0.71042946E-38
  0.39600000E+02 -0.16450920E-24  0.71092697E-38
  0.39700000E+02 -0.16369252E-24  0.70610335E-38
  0.39800000E+02 -0.16288188E-24  0.70460635E-38
  0.39900000E+02 -0.16207722E-24  0.69906553E-38
  0.40000000E+02 -0.16127849E-24  0.69610378E-38
