  0.00000000E+00  0.17177508E-18 -0.61804885E-36
  0.10000000E+00  0.17161799E-18 -0.61823374E-36
  0.20000000E+00  0.17114927E-18 -0.61874761E-36
  0.30000000E+00  0.17037636E-18 -0.61947480E-36
  0.40000000E+00  0.16931125E-18 -0.62024293E-36
  0.50000000E+00  0.16796979E-18 -0.62084826E-36
  0.60000000E+00  0.16637095E-18 -0.62108252E-36
  0.70000000E+00  0.16453600E-18 -0.62075641E-36
  0.80000000E+00  0.16248770E-18 -0.61971650E-36
  0.90000000E+00  0.16024959E-18 -0.61785454E-36
  0.10000000E+01  0.15784531E-18 -0.61510975E-36
  0.11000000E+01  0.15529810E-18 -0.61146548E-36
  0.12000000E+01  0.15263040E-18 -0.60694247E-36
  0.13000000E+01  0.14986350E-18 -0.60159031E-36
  0.14000000E+01  0.14701735E-18 -0.59547870E-36
  0.15000000E+01  0.14411040E-18 -0.58868935E-36
  0.16000000E+01  0.14115956E-18 -0.58130937E-36
  0.17000000E+01  0.13818014E-18 -0.57342596E-36
  0.18000000E+01  0.13518588E-18 -0.56512277E-36
  0.19000000E+01  0.13218903E-18 -0.55647744E-36
  0.20000000E+01  0.12920039E-18 -0.54756028E-36
  0.21000000E+01  0.12622939E-18 -0.53843377E-36
  0.22000000E+01  0.12328425E-18 -0.52915255E-36
  0.23000000E+01  0.12037199E-18 -0.51976388E-36
  0.24000000E+01  0.11749860E-18 -0.51030831E-36
  0.25000000E+01  0.11466912E-18 -0.50082039E-36
  0.26000000E+01  0.11188773E-18 -0.49132947E-36
  0.27000000E+01  0.10915783E-18 -0.48186044E-36
  0.28000000E+01  0.10648216E-18 -0.47243438E-36
  0.29000000E+01  0.10386284E-18 -0.46306918E-36
  0.30000000E+01  0.10130148E-18 -0.45378006E-36
  0.31000000E+01  0.98799199E-19 -0.44457997E-36
  0.32000000E+01  0.96356738E-19 -0.43547999E-36
  0.33000000E+01  0.93974473E-19 -0.42648959E-36
  0.34000000E+01  0.91652479E-19 -0.41761688E-36
  0.35000000E+01  0.89390575E-19 -0.40886882E-36
  0.36000000E+01  0.87188356E-19 -0.40025134E-36
  0.37000000E+01  0.85045229E-19 -0.39176947E-36
  0.38000000E+01  0.82960446E-19 -0.38342749E-36
  0.39000000E+01  0.80933127E-19 -0.37522896E-36
  0.40000000E+01  0.78962284E-19 -0.36717678E-36
  0.41000000E+01  0.77046840E-19 -0.35927330E-36
  0.42000000E+01  0.75185651E-19 -0.35152034E-36
  0.43000000E+01  0.73377516E-19 -0.34391923E-36
  0.44000000E+01  0.71621196E-19 -0.33647085E-36
  0.45000000E+01  0.69915420E-19 -0.32917569E-36
  0.46000000E+01  0.68258898E-19 -0.32203383E-36
  0.47000000E+01  0.66650331E-19 -0.31504506E-36
  0.48000000E+01  0.65088415E-19 -0.30820879E-36
  0.49000000E+01  0.63571849E-19 -0.30152419E-36
  0.50000000E+01  0.62099343E-19 -0.29499014E-36
  0.51000000E+01  0.60669615E-19 -0.28860532E-36
  0.52000000E+01  0.59281404E-19 -0.28236815E-36
  0.53000000E+01  0.57933466E-19 -0.27627689E-36
  0.54000000E+01  0.56624579E-19 -0.27032964E-36
  0.55000000E+01  0.55353548E-19 -0.26452431E-36
  0.56000000E+01  0.54119200E-19 -0.25885873E-36
  0.57000000E+01  0.52920393E-19 -0.25333059E-36
  0.58000000E+01  0.51756010E-19 -0.24793748E-36
  0.59000000E+01  0.50624963E-19 -0.24267693E-36
  0.60000000E+01  0.49526196E-19 -0.23754640E-36
  0.61000000E+01  0.48458679E-19 -0.23254329E-36
  0.62000000E+01  0.47421414E-19 -0.22766495E-36
  0.63000000E+01  0.46413431E-19 -0.22290873E-36
  0.64000000E+01  0.45433790E-19 -0.21827195E-36
  0.65000000E+01  0.44481579E-19 -0.21375189E-36
  0.66000000E+01  0.43555915E-19 -0.20934588E-36
  0.67000000E+01  0.42655943E-19 -0.20505122E-36
  0.68000000E+01  0.41780836E-19 -0.20086523E-36
  0.69000000E+01  0.40929794E-19 -0.19678526E-36
  0.70000000E+01  0.40102041E-19 -0.19280867E-36
  0.71000000E+01  0.39296831E-19 -0.18893285E-36
  0.72000000E+01  0.38513439E-19 -0.18515524E-36
  0.73000000E+01  0.37751167E-19 -0.18147329E-36
  0.74000000E+01  0.37009338E-19 -0.17788451E-36
  0.75000000E+01  0.36287302E-19 -0.17438644E-36
  0.76000000E+01  0.35584427E-19 -0.17097667E-36
  0.77000000E+01  0.34900106E-19 -0.16765284E-36
  0.78000000E+01  0.34233750E-19 -0.16441263E-36
  0.79000000E+01  0.33584793E-19 -0.16125376E-36
  0.80000000E+01  0.32952687E-19 -0.15817403E-36
  0.81000000E+01  0.32336903E-19 -0.15517125E-36
  0.82000000E+01  0.31736931E-19 -0.15224330E-36
  0.83000000E+01  0.31152279E-19 -0.14938813E-36
  0.84000000E+01  0.30582470E-19 -0.14660371E-36
  0.85000000E+01  0.30027047E-19 -0.14388808E-36
  0.86000000E+01  0.29485564E-19 -0.14123931E-36
  0.87000000E+01  0.28957596E-19 -0.13865554E-36
  0.88000000E+01  0.28442728E-19 -0.13613495E-36
  0.89000000E+01  0.27940562E-19 -0.13367577E-36
  0.90000000E+01  0.27450713E-19 -0.13127629E-36
  0.91000000E+01  0.26972809E-19 -0.12893482E-36
  0.92000000E+01  0.26506491E-19 -0.12664975E-36
  0.93000000E+01  0.26051412E-19 -0.12441949E-36
  0.94000000E+01  0.25607239E-19 -0.12224250E-36
  0.95000000E+01  0.25173646E-19 -0.12011729E-36
  0.96000000E+01  0.24750323E-19 -0.11804242E-36
  0.97000000E+01  0.24336966E-19 -0.11601647E-36
  0.98000000E+01  0.23933286E-19 -0.11403808E-36
  0.99000000E+01  0.23538999E-19 -0.11210593E-36
  0.10000000E+02  0.23153835E-19 -0.11021872E-36
  0.10100000E+02  0.22777529E-19 -0.10837522E-36
  0.10200000E+02  0.22409827E-19 -0.10657420E-36
  0.10300000E+02  0.22050485E-19 -0.10481449E-36
  0.10400000E+02  0.21699263E-19 -0.10309495E-36
  0.10500000E+02  0.21355933E-19 -0.10141448E-36
  0.10600000E+02  0.21020272E-19 -0.99771999E-37
  0.10700000E+02  0.20692066E-19 -0.98166469E-37
  0.10800000E+02  0.20371107E-19 -0.96596881E-37
  0.10900000E+02  0.20057193E-19 -0.95062255E-37
  0.11000000E+02  0.19750130E-19 -0.93561641E-37
  0.11100000E+02  0.19449730E-19 -0.92094120E-37
  0.11200000E+02  0.19155811E-19 -0.90658797E-37
  0.11300000E+02  0.18868197E-19 -0.89254807E-37
  0.11400000E+02  0.18586717E-19 -0.87881309E-37
  0.11500000E+02  0.18311206E-19 -0.86537489E-37
  0.11600000E+02  0.18041504E-19 -0.85222557E-37
  0.11700000E+02  0.17777456E-19 -0.83935745E-37
  0.11800000E+02  0.17518912E-19 -0.82676311E-37
  0.11900000E+02  0.17265727E-19 -0.81443533E-37
  0.12000000E+02  0.17017760E-19 -0.80236712E-37
  0.12100000E+02  0.16774875E-19 -0.79055169E-37
  0.12200000E+02  0.16536939E-19 -0.77898247E-37
  0.12300000E+02  0.16303825E-19 -0.76765306E-37
  0.12400000E+02  0.16075409E-19 -0.75655727E-37
  0.12500000E+02  0.15851570E-19 -0.74568908E-37
  0.12600000E+02  0.15632192E-19 -0.73504266E-37
  0.12700000E+02  0.15417161E-19 -0.72461236E-37
  0.12800000E+02  0.15206368E-19 -0.71439267E-37
  0.12900000E+02  0.14999706E-19 -0.70437826E-37
  0.13000000E+02  0.14797072E-19 -0.69456396E-37
  0.13100000E+02  0.14598366E-19 -0.68494475E-37
  0.13200000E+02  0.14403492E-19 -0.67551573E-37
  0.13300000E+02  0.14212353E-19 -0.66627219E-37
  0.13400000E+02  0.14024860E-19 -0.65720952E-37
  0.13500000E+02  0.13840923E-19 -0.64832325E-37
  0.13600000E+02  0.13660456E-19 -0.63960905E-37
  0.13700000E+02  0.13483375E-19 -0.63106272E-37
  0.13800000E+02  0.13309600E-19 -0.62268015E-37
  0.13900000E+02  0.13139050E-19 -0.61445737E-37
  0.14000000E+02  0.12971649E-19 -0.60639053E-37
  0.14100000E+02  0.12807323E-19 -0.59847588E-37
  0.14200000E+02  0.12646000E-19 -0.59070977E-37
  0.14300000E+02  0.12487608E-19 -0.58308865E-37
  0.14400000E+02  0.12332080E-19 -0.57560910E-37
  0.14500000E+02  0.12179349E-19 -0.56826776E-37
  0.14600000E+02  0.12029350E-19 -0.56106138E-37
  0.14700000E+02  0.11882022E-19 -0.55398680E-37
  0.14800000E+02  0.11737301E-19 -0.54704095E-37
  0.14900000E+02  0.11595131E-19 -0.54022083E-37
  0.15000000E+02  0.11455451E-19 -0.53352356E-37
  0.15100000E+02  0.11318207E-19 -0.52694628E-37
  0.15200000E+02  0.11183344E-19 -0.52048627E-37
  0.15300000E+02  0.11050808E-19 -0.51414085E-37
  0.15400000E+02  0.10920547E-19 -0.50790740E-37
  0.15500000E+02  0.10792513E-19 -0.50178341E-37
  0.15600000E+02  0.10666654E-19 -0.49576642E-37
  0.15700000E+02  0.10542924E-19 -0.48985401E-37
  0.15800000E+02  0.10421277E-19 -0.48404387E-37
  0.15900000E+02  0.10301666E-19 -0.47833372E-37
  0.16000000E+02  0.10184049E-19 -0.47272135E-37
  0.16100000E+02  0.10068382E-19 -0.46720461E-37
  0.16200000E+02  0.99546225E-20 -0.46178141E-37
  0.16300000E+02  0.98427311E-20 -0.45644970E-37
  0.16400000E+02  0.97326679E-20 -0.45120751E-37
  0.16500000E+02  0.96243940E-20 -0.44605289E-37
  0.16600000E+02  0.95178721E-20 -0.44098396E-37
  0.16700000E+02  0.94130652E-20 -0.43599888E-37
  0.16800000E+02  0.93099379E-20 -0.43109588E-37
  0.16900000E+02  0.92084551E-20 -0.42627319E-37
  0.17000000E+02  0.91085830E-20 -0.42152914E-37
  0.17100000E+02  0.90102885E-20 -0.41686205E-37
  0.17200000E+02  0.89135392E-20 -0.41227033E-37
  0.17300000E+02  0.88183037E-20 -0.40775239E-37
  0.17400000E+02  0.87245514E-20 -0.40330671E-37
  0.17500000E+02  0.86322523E-20 -0.39893179E-37
  0.17600000E+02  0.85413771E-20 -0.39462617E-37
  0.17700000E+02  0.84518974E-20 -0.39038843E-37
  0.17800000E+02  0.83637853E-20 -0.38621719E-37
  0.17900000E+02  0.82770139E-20 -0.38211110E-37
  0.18000000E+02  0.81915565E-20 -0.37806884E-37
  0.18100000E+02  0.81073874E-20 -0.37408912E-37
  0.18200000E+02  0.80244813E-20 -0.37017069E-37
  0.18300000E+02  0.79428136E-20 -0.36631232E-37
  0.18400000E+02  0.78623604E-20 -0.36251282E-37
  0.18500000E+02  0.77830980E-20 -0.35877103E-37
  0.18600000E+02  0.77050037E-20 -0.35508580E-37
  0.18700000E+02  0.76280551E-20 -0.35145604E-37
  0.18800000E+02  0.75522302E-20 -0.34788064E-37
  0.18900000E+02  0.74775077E-20 -0.34435856E-37
  0.19000000E+02  0.74038669E-20 -0.34088876E-37
  0.19100000E+02  0.73312873E-20 -0.33747023E-37
  0.19200000E+02  0.72597491E-20 -0.33410199E-37
  0.19300000E+02  0.71892327E-20 -0.33078308E-37
  0.19400000E+02  0.71197192E-20 -0.32751255E-37
  0.19500000E+02  0.70511900E-20 -0.32428949E-37
  0.19600000E+02  0.69836270E-20 -0.32111300E-37
  0.19700000E+02  0.69170124E-20 -0.31798220E-37
  0.19800000E+02  0.68513289E-20 -0.31489624E-37
  0.19900000E+02  0.67865595E-20 -0.31185428E-37
  0.20000000E+02  0.67226877E-20 -0.30885551E-37
  0.20100000E+02  0.66596972E-20 -0.30589912E-37
  0.20200000E+02  0.65975721E-20 -0.30298434E-37
  0.20300000E+02  0.65362970E-20 -0.30011039E-37
  0.20400000E+02  0.64758568E-20 -0.29727654E-37
  0.20500000E+02  0.64162365E-20 -0.29448206E-37
  0.20600000E+02  0.63574216E-20 -0.29172622E-37
  0.20700000E+02  0.62993980E-20 -0.28900834E-37
  0.20800000E+02  0.62421518E-20 -0.28632772E-37
  0.20900000E+02  0.61856693E-20 -0.28368371E-37
  0.21000000E+02  0.61299373E-20 -0.28107565E-37
  0.21100000E+02  0.60749428E-20 -0.27850290E-37
  0.21200000E+02  0.60206729E-20 -0.27596484E-37
  0.21300000E+02  0.59671153E-20 -0.27346086E-37
  0.21400000E+02  0.59142578E-20 -0.27099035E-37
  0.21500000E+02  0.58620882E-20 -0.26855273E-37
  0.21600000E+02  0.58105951E-20 -0.26614743E-37
  0.21700000E+02  0.57597668E-20 -0.26377390E-37
  0.21800000E+02  0.57095923E-20 -0.26143157E-37
  0.21900000E+02  0.56600604E-20 -0.25911991E-37
  0.22000000E+02  0.56111605E-20 -0.25683841E-37
  0.22100000E+02  0.55628819E-20 -0.25458653E-37
  0.22200000E+02  0.55152144E-20 -0.25236379E-37
  0.22300000E+02  0.54681479E-20 -0.25016968E-37
  0.22400000E+02  0.54216724E-20 -0.24800372E-37
  0.22500000E+02  0.53757782E-20 -0.24586545E-37
  0.22600000E+02  0.53304558E-20 -0.24375439E-37
  0.22700000E+02  0.52856959E-20 -0.24167009E-37
  0.22800000E+02  0.52414893E-20 -0.23961211E-37
  0.22900000E+02  0.51978272E-20 -0.23758001E-37
  0.23000000E+02  0.51547006E-20 -0.23557337E-37
  0.23100000E+02  0.51121011E-20 -0.23359176E-37
  0.23200000E+02  0.50700201E-20 -0.23163479E-37
  0.23300000E+02  0.50284495E-20 -0.22970203E-37
  0.23400000E+02  0.49873810E-20 -0.22779311E-37
  0.23500000E+02  0.49468068E-20 -0.22590764E-37
  0.23600000E+02  0.49067191E-20 -0.22404524E-37
  0.23700000E+02  0.48671102E-20 -0.22220553E-37
  0.23800000E+02  0.48279726E-20 -0.22038817E-37
  0.23900000E+02  0.47892990E-20 -0.21859278E-37
  0.24000000E+02  0.47510822E-20 -0.21681902E-37
  0.24100000E+02  0.47133151E-20 -0.21506655E-37
  0.24200000E+02  0.46759907E-20 -0.21333504E-37
  0.24300000E+02  0.46391022E-20 -0.21162414E-37
  0.24400000E+02  0.46026431E-20 -0.20993355E-37
  0.24500000E+02  0.45666066E-20 -0.20826295E-37
  0.24600000E+02  0.45309865E-20 -0.20661202E-37
  0.24700000E+02  0.44957763E-20 -0.20498046E-37
  0.24800000E+02  0.44609699E-20 -0.20336797E-37
  0.24900000E+02  0.44265612E-20 -0.20177426E-37
  0.25000000E+02  0.43925443E-20 -0.20019904E-37
  0.25100000E+02  0.43589133E-20 -0.19864203E-37
  0.25200000E+02  0.43256624E-20 -0.19710295E-37
  0.25300000E+02  0.42927861E-20 -0.19558153E-37
  0.25400000E+02  0.42602787E-20 -0.19407750E-37
  0.25500000E+02  0.42281349E-20 -0.19259061E-37
  0.25600000E+02  0.41963492E-20 -0.19112060E-37
  0.25700000E+02  0.41649166E-20 -0.18966720E-37
  0.25800000E+02  0.41338317E-20 -0.18823019E-37
  0.25900000E+02  0.41030896E-20 -0.18680931E-37
  0.26000000E+02  0.40726853E-20 -0.18540432E-37
  0.26100000E+02  0.40426139E-20 -0.18401499E-37
  0.26200000E+02  0.40128706E-20 -0.18264110E-37
  0.26300000E+02  0.39834508E-20 -0.18128241E-37
  0.26400000E+02  0.39543497E-20 -0.17993871E-37
  0.26500000E+02  0.39255629E-20 -0.17860977E-37
  0.26600000E+02  0.38970860E-20 -0.17729538E-37
  0.26700000E+02  0.38689144E-20 -0.17599534E-37
  0.26800000E+02  0.38410440E-20 -0.17470944E-37
  0.26900000E+02  0.38134704E-20 -0.17343747E-37
  0.27000000E+02  0.37861896E-20 -0.17217924E-37
  0.27100000E+02  0.37591974E-20 -0.17093454E-37
  0.27200000E+02  0.37324898E-20 -0.16970320E-37
  0.27300000E+02  0.37060629E-20 -0.16848501E-37
  0.27400000E+02  0.36799128E-20 -0.16727980E-37
  0.27500000E+02  0.36540357E-20 -0.16608738E-37
  0.27600000E+02  0.36284279E-20 -0.16490757E-37
  0.27700000E+02  0.36030855E-20 -0.16374020E-37
  0.27800000E+02  0.35780052E-20 -0.16258510E-37
  0.27900000E+02  0.35531832E-20 -0.16144209E-37
  0.28000000E+02  0.35286160E-20 -0.16031101E-37
  0.28100000E+02  0.35043003E-20 -0.15919169E-37
  0.28200000E+02  0.34802326E-20 -0.15808398E-37
  0.28300000E+02  0.34564096E-20 -0.15698770E-37
  0.28400000E+02  0.34328281E-20 -0.15590272E-37
  0.28500000E+02  0.34094847E-20 -0.15482887E-37
  0.28600000E+02  0.33863764E-20 -0.15376600E-37
  0.28700000E+02  0.33635001E-20 -0.15271397E-37
  0.28800000E+02  0.33408526E-20 -0.15167263E-37
  0.28900000E+02  0.33184309E-20 -0.15064184E-37
  0.29000000E+02  0.32962322E-20 -0.14962145E-37
  0.29100000E+02  0.32742534E-20 -0.14861133E-37
  0.29200000E+02  0.32524917E-20 -0.14761134E-37
  0.29300000E+02  0.32309442E-20 -0.14662135E-37
  0.29400000E+02  0.32096083E-20 -0.14564122E-37
  0.29500000E+02  0.31884811E-20 -0.14467082E-37
  0.29600000E+02  0.31675600E-20 -0.14371004E-37
  0.29700000E+02  0.31468423E-20 -0.14275873E-37
  0.29800000E+02  0.31263255E-20 -0.14181679E-37
  0.29900000E+02  0.31060069E-20 -0.14088408E-37
  0.30000000E+02  0.30858840E-20 -0.13996049E-37
  0.30100000E+02  0.30659543E-20 -0.13904589E-37
  0.30200000E+02  0.30462155E-20 -0.13814018E-37
  0.30300000E+02  0.30266650E-20 -0.13724324E-37
  0.30400000E+02  0.30073006E-20 -0.13635496E-37
  0.30500000E+02  0.29881198E-20 -0.13547523E-37
  0.30600000E+02  0.29691205E-20 -0.13460393E-37
  0.30700000E+02  0.29503002E-20 -0.13374097E-37
  0.30800000E+02  0.29316569E-20 -0.13288623E-37
  0.30900000E+02  0.29131883E-20 -0.13203961E-37
  0.31000000E+02  0.28948922E-20 -0.13120102E-37
  0.31100000E+02  0.28767666E-20 -0.13037035E-37
  0.31200000E+02  0.28588093E-20 -0.12954749E-37
  0.31300000E+02  0.28410183E-20 -0.12873237E-37
  0.31400000E+02  0.28233915E-20 -0.12792487E-37
  0.31500000E+02  0.28059269E-20 -0.12712490E-37
  0.31600000E+02  0.27886226E-20 -0.12633238E-37
  0.31700000E+02  0.27714767E-20 -0.12554720E-37
  0.31800000E+02  0.27544872E-20 -0.12476929E-37
  0.31900000E+02  0.27376522E-20 -0.12399855E-37
  0.32000000E+02  0.27209699E-20 -0.12323489E-37
  0.32100000E+02  0.27044385E-20 -0.12247823E-37
  0.32200000E+02  0.26880561E-20 -0.12172848E-37
  0.32300000E+02  0.26718210E-20 -0.12098556E-37
  0.32400000E+02  0.26557315E-20 -0.12024938E-37
  0.32500000E+02  0.26397858E-20 -0.11951988E-37
  0.32600000E+02  0.26239822E-20 -0.11879696E-37
  0.32700000E+02  0.26083190E-20 -0.11808054E-37
  0.32800000E+02  0.25927946E-20 -0.11737056E-37
  0.32900000E+02  0.25774075E-20 -0.11666693E-37
  0.33000000E+02  0.25621559E-20 -0.11596958E-37
  0.33100000E+02  0.25470383E-20 -0.11527844E-37
  0.33200000E+02  0.25320531E-20 -0.11459342E-37
  0.33300000E+02  0.25171989E-20 -0.11391447E-37
  0.33400000E+02  0.25024741E-20 -0.11324150E-37
  0.33500000E+02  0.24878772E-20 -0.11257445E-37
  0.33600000E+02  0.24734067E-20 -0.11191326E-37
  0.33700000E+02  0.24590613E-20 -0.11125784E-37
  0.33800000E+02  0.24448394E-20 -0.11060814E-37
  0.33900000E+02  0.24307397E-20 -0.10996409E-37
  0.34000000E+02  0.24167608E-20 -0.10932562E-37
  0.34100000E+02  0.24029013E-20 -0.10869268E-37
  0.34200000E+02  0.23891599E-20 -0.10806519E-37
  0.34300000E+02  0.23755352E-20 -0.10744309E-37
  0.34400000E+02  0.23620260E-20 -0.10682633E-37
  0.34500000E+02  0.23486309E-20 -0.10621484E-37
  0.34600000E+02  0.23353487E-20 -0.10560857E-37
  0.34700000E+02  0.23221781E-20 -0.10500745E-37
  0.34800000E+02  0.23091178E-20 -0.10441142E-37
  0.34900000E+02  0.22961668E-20 -0.10382044E-37
  0.35000000E+02  0.22833236E-20 -0.10323443E-37
  0.35100000E+02  0.22705873E-20 -0.10265336E-37
  0.35200000E+02  0.22579565E-20 -0.10207716E-37
  0.35300000E+02  0.22454301E-20 -0.10150577E-37
  0.35400000E+02  0.22330071E-20 -0.10093915E-37
  0.35500000E+02  0.22206862E-20 -0.10037724E-37
  0.35600000E+02  0.22084663E-20 -0.99819997E-38
  0.35700000E+02  0.21963464E-20 -0.99267360E-38
  0.35800000E+02  0.21843254E-20 -0.98719281E-38
  0.35900000E+02  0.21724022E-20 -0.98175711E-38
  0.36000000E+02  0.21605758E-20 -0.97636602E-38
  0.36100000E+02  0.21488451E-20 -0.97101903E-38
  0.36200000E+02  0.21372091E-20 -0.96571569E-38
  0.36300000E+02  0.21256667E-20 -0.96045550E-38
  0.36400000E+02  0.21142171E-20 -0.95523802E-38
  0.36500000E+02  0.21028592E-20 -0.95006278E-38
  0.36600000E+02  0.20915920E-20 -0.94492933E-38
  0.36700000E+02  0.20804146E-20 -0.93983721E-38
  0.36800000E+02  0.20693260E-20 -0.93478600E-38
  0.36900000E+02  0.20583253E-20 -0.92977525E-38
  0.37000000E+02  0.20474116E-20 -0.92480454E-38
  0.37100000E+02  0.20365839E-20 -0.91987344E-38
  0.37200000E+02  0.20258415E-20 -0.91498153E-38
  0.37300000E+02  0.20151833E-20 -0.91012840E-38
  0.37400000E+02  0.20046085E-20 -0.90531365E-38
  0.37500000E+02  0.19941163E-20 -0.90053687E-38
  0.37600000E+02  0.19837058E-20 -0.89579766E-38
  0.37700000E+02  0.19733761E-20 -0.89109564E-38
  0.37800000E+02  0.19631264E-20 -0.88643041E-38
  0.37900000E+02  0.19529560E-20 -0.88180160E-38
  0.38000000E+02  0.19428639E-20 -0.87720883E-38
  0.38100000E+02  0.19328495E-20 -0.87265172E-38
  0.38200000E+02  0.19229118E-20 -0.86812992E-38
  0.38300000E+02  0.19130502E-20 -0.86364305E-38
  0.38400000E+02  0.19032638E-20 -0.85919076E-38
  0.38500000E+02  0.18935520E-20 -0.85477270E-38
  0.38600000E+02  0.18839138E-20 -0.85038851E-38
  0.38700000E+02  0.18743487E-20 -0.84603786E-38
  0.38800000E+02  0.18648559E-20 -0.84172040E-38
  0.38900000E+02  0.18554346E-20 -0.83743581E-38
  0.39000000E+02  0.18460841E-20 -0.83318373E-38
  0.39100000E+02  0.18368038E-20 -0.82896386E-38
  0.39200000E+02  0.18275930E-20 -0.82477587E-38
  0.39300000E+02  0.18184508E-20 -0.82061943E-38
  0.39400000E+02  0.18093768E-20 -0.81649423E-38
  0.39500000E+02  0.18003701E-20 -0.81239996E-38
  0.39600000E+02  0.17914302E-20 -0.80833632E-38
  0.39700000E+02  0.17825564E-20 -0.80430300E-38
  0.39800000E+02  0.17737480E-20 -0.80029969E-38
  0.39900000E+02  0.17650044E-20 -0.79632611E-38
  0.40000000E+02  0.17563250E-20 -0.79238196E-38
