  0.00000000E+00 -0.30304791E-23  0.14841183E-35
  0.10000000E+00 -0.30210225E-23  0.14747009E-35
  0.20000000E+00 -0.29927399E-23  0.14441833E-35
  0.30000000E+00 -0.29459088E-23  0.13950135E-35
  0.40000000E+00 -0.28810363E-23  0.13337409E-35
  0.50000000E+00 -0.27989040E-23  0.12631029E-35
  0.60000000E+00 -0.27005974E-23  0.11849827E-35
  0.70000000E+00 -0.25875065E-23  0.11055027E-35
  0.80000000E+00 -0.24612937E-23  0.10300546E-35
  0.90000000E+00 -0.23238344E-23  0.95533694E-36
  0.10000000E+01 -0.21771406E-23  0.88573602E-36
  0.11000000E+01 -0.20232801E-23  0.81941142E-36
  0.12000000E+01 -0.18642997E-23  0.76187298E-36
  0.13000000E+01 -0.17021596E-23  0.70631714E-36
  0.14000000E+01 -0.15386833E-23  0.65782394E-36
  0.15000000E+01 -0.13755215E-23  0.61288405E-36
  0.16000000E+01 -0.12141313E-23  0.57223379E-36
  0.17000000E+01 -0.10557678E-23  0.53516674E-36
  0.18000000E+01 -0.90148433E-24  0.50256454E-36
  0.19000000E+01 -0.75214123E-24  0.47215150E-36
  0.20000000E+01 -0.60841879E-24  0.44485618E-36
  0.21000000E+01 -0.47083361E-24  0.41818802E-36
  0.22000000E+01 -0.33975636E-24  0.39493942E-36
  0.23000000E+01 -0.21543006E-24  0.37397761E-36
  0.24000000E+01 -0.97987837E-25  0.35367944E-36
  0.25000000E+01  0.12530151E-25  0.33613197E-36
  0.26000000E+01  0.11616124E-24  0.31827396E-36
  0.27000000E+01  0.21300620E-24  0.30349637E-36
  0.28000000E+01  0.30321675E-24  0.28879963E-36
  0.29000000E+01  0.38698462E-24  0.27478890E-36
  0.30000000E+01  0.46453208E-24  0.26195337E-36
  0.31000000E+01  0.53610387E-24  0.24981683E-36
  0.32000000E+01  0.60196027E-24  0.23902512E-36
  0.33000000E+01  0.66237144E-24  0.22857972E-36
  0.34000000E+01  0.71761261E-24  0.21827373E-36
  0.35000000E+01  0.76796019E-24  0.20942147E-36
  0.36000000E+01  0.81368863E-24  0.20031762E-36
  0.37000000E+01  0.85506792E-24  0.19211894E-36
  0.38000000E+01  0.89236158E-24  0.18450610E-36
  0.39000000E+01  0.92582521E-24  0.17688758E-36
  0.40000000E+01  0.95570534E-24  0.17024998E-36
  0.41000000E+01  0.98223865E-24  0.16326262E-36
  0.42000000E+01  0.10056514E-23  0.15745334E-36
  0.43000000E+01  0.10261593E-23  0.15108477E-36
  0.44000000E+01  0.10439670E-23  0.14541027E-36
  0.45000000E+01  0.10592685E-23  0.13975495E-36
  0.46000000E+01  0.10722471E-23  0.13517974E-36
  0.47000000E+01  0.10830757E-23  0.12979018E-36
  0.48000000E+01  0.10919168E-23  0.12585863E-36
  0.49000000E+01  0.10989232E-23  0.12070432E-36
  0.50000000E+01  0.11042382E-23  0.11711808E-36
  0.51000000E+01  0.11079960E-23  0.11300400E-36
  0.52000000E+01  0.11103222E-23  0.10916823E-36
  0.53000000E+01  0.11113339E-23  0.10567252E-36
  0.54000000E+01  0.11111408E-23  0.10193632E-36
  0.55000000E+01  0.11098448E-23  0.98617287E-37
  0.56000000E+01  0.11075409E-23  0.95892535E-37
  0.57000000E+01  0.11043176E-23  0.92768378E-37
  0.58000000E+01  0.11002571E-23  0.89814150E-37
  0.59000000E+01  0.10954358E-23  0.87491713E-37
  0.60000000E+01  0.10899246E-23  0.84691297E-37
  0.61000000E+01  0.10837893E-23  0.82358061E-37
  0.62000000E+01  0.10770909E-23  0.79874924E-37
  0.63000000E+01  0.10698859E-23  0.77597385E-37
  0.64000000E+01  0.10622266E-23  0.75173596E-37
  0.65000000E+01  0.10541614E-23  0.73463541E-37
  0.66000000E+01  0.10457350E-23  0.71250937E-37
  0.67000000E+01  0.10369888E-23  0.69193220E-37
  0.68000000E+01  0.10279609E-23  0.67461026E-37
  0.69000000E+01  0.10186866E-23  0.65437448E-37
  0.70000000E+01  0.10091982E-23  0.63431690E-37
  0.71000000E+01  0.99952580E-24  0.61817263E-37
  0.72000000E+01  0.98969685E-24  0.60531997E-37
  0.73000000E+01  0.97973671E-24  0.58939626E-37
  0.74000000E+01  0.96966867E-24  0.57174995E-37
  0.75000000E+01  0.95951411E-24  0.55928254E-37
  0.76000000E+01  0.94929268E-24  0.54367843E-37
  0.77000000E+01  0.93902236E-24  0.53103844E-37
  0.78000000E+01  0.92871962E-24  0.51783584E-37
  0.79000000E+01  0.91839955E-24  0.50868890E-37
  0.80000000E+01  0.90807591E-24  0.49307846E-37
  0.81000000E+01  0.89776126E-24  0.48232304E-37
  0.82000000E+01  0.88746705E-24  0.47267960E-37
  0.83000000E+01  0.87720368E-24  0.46071529E-37
  0.84000000E+01  0.86698063E-24  0.45373789E-37
  0.85000000E+01  0.85680645E-24  0.44113855E-37
  0.86000000E+01  0.84668889E-24  0.42739089E-37
  0.87000000E+01  0.83663496E-24  0.41899457E-37
  0.88000000E+01  0.82665095E-24  0.41114637E-37
  0.89000000E+01  0.81674251E-24  0.40353862E-37
  0.90000000E+01  0.80691470E-24  0.39397491E-37
  0.91000000E+01  0.79717201E-24  0.38413437E-37
  0.92000000E+01  0.78751845E-24  0.37793325E-37
  0.93000000E+01  0.77795754E-24  0.36985292E-37
  0.94000000E+01  0.76849239E-24  0.36207786E-37
  0.95000000E+01  0.75912569E-24  0.35547893E-37
  0.96000000E+01  0.74985978E-24  0.34896280E-37
  0.97000000E+01  0.74069666E-24  0.34167940E-37
  0.98000000E+01  0.73163801E-24  0.33233233E-37
  0.99000000E+01  0.72268524E-24  0.32836632E-37
  0.10000000E+02  0.71383949E-24  0.31976916E-37
  0.10100000E+02  0.70510167E-24  0.31298720E-37
  0.10200000E+02  0.69647247E-24  0.30831901E-37
  0.10300000E+02  0.68795235E-24  0.30300366E-37
  0.10400000E+02  0.67954164E-24  0.29721890E-37
  0.10500000E+02  0.67124045E-24  0.29143342E-37
  0.10600000E+02  0.66304877E-24  0.28676126E-37
  0.10700000E+02  0.65496644E-24  0.28062222E-37
  0.10800000E+02  0.64699316E-24  0.27535236E-37
  0.10900000E+02  0.63912854E-24  0.27198747E-37
  0.11000000E+02  0.63137206E-24  0.26618570E-37
  0.11100000E+02  0.62372313E-24  0.26162839E-37
  0.11200000E+02  0.61618106E-24  0.25753811E-37
  0.11300000E+02  0.60874507E-24  0.25303818E-37
  0.11400000E+02  0.60141434E-24  0.24734967E-37
  0.11500000E+02  0.59418797E-24  0.24354208E-37
  0.11600000E+02  0.58706500E-24  0.24088718E-37
  0.11700000E+02  0.58004444E-24  0.23601255E-37
  0.11800000E+02  0.57312525E-24  0.23184367E-37
  0.11900000E+02  0.56630633E-24  0.22926698E-37
  0.12000000E+02  0.55958658E-24  0.22321280E-37
  0.12100000E+02  0.55296484E-24  0.22183041E-37
  0.12200000E+02  0.54643996E-24  0.21741002E-37
  0.12300000E+02  0.54001074E-24  0.21288660E-37
  0.12400000E+02  0.53367597E-24  0.21022712E-37
  0.12500000E+02  0.52743443E-24  0.20601459E-37
  0.12600000E+02  0.52128488E-24  0.20389418E-37
  0.12700000E+02  0.51522610E-24  0.20133950E-37
  0.12800000E+02  0.50925682E-24  0.19716104E-37
  0.12900000E+02  0.50337579E-24  0.19505456E-37
  0.13000000E+02  0.49758177E-24  0.19133469E-37
  0.13100000E+02  0.49187349E-24  0.18857904E-37
  0.13200000E+02  0.48624971E-24  0.18550849E-37
  0.13300000E+02  0.48070917E-24  0.18319759E-37
  0.13400000E+02  0.47525063E-24  0.17940328E-37
  0.13500000E+02  0.46987285E-24  0.17674209E-37
  0.13600000E+02  0.46457461E-24  0.17500006E-37
  0.13700000E+02  0.45935467E-24  0.17245449E-37
  0.13800000E+02  0.45421182E-24  0.17076758E-37
  0.13900000E+02  0.44914486E-24  0.16817925E-37
  0.14000000E+02  0.44415259E-24  0.16546193E-37
  0.14100000E+02  0.43923384E-24  0.16309979E-37
  0.14200000E+02  0.43438743E-24  0.16013860E-37
  0.14300000E+02  0.42961220E-24  0.15888993E-37
  0.14400000E+02  0.42490701E-24  0.15646842E-37
  0.14500000E+02  0.42027072E-24  0.15372814E-37
  0.14600000E+02  0.41570223E-24  0.15315538E-37
  0.14700000E+02  0.41120042E-24  0.15006508E-37
  0.14800000E+02  0.40676421E-24  0.14784136E-37
  0.14900000E+02  0.40239252E-24  0.14581718E-37
  0.15000000E+02  0.39808429E-24  0.14392375E-37
  0.15100000E+02  0.39383847E-24  0.14257790E-37
  0.15200000E+02  0.38965405E-24  0.14017342E-37
  0.15300000E+02  0.38552999E-24  0.13886393E-37
  0.15400000E+02  0.38146530E-24  0.13571581E-37
  0.15500000E+02  0.37745900E-24  0.13521061E-37
  0.15600000E+02  0.37351012E-24  0.13371674E-37
  0.15700000E+02  0.36961769E-24  0.13183903E-37
  0.15800000E+02  0.36578079E-24  0.12981389E-37
  0.15900000E+02  0.36199847E-24  0.12878147E-37
  0.16000000E+02  0.35826985E-24  0.12779783E-37
  0.16100000E+02  0.35459401E-24  0.12469685E-37
  0.16200000E+02  0.35097009E-24  0.12397544E-37
  0.16300000E+02  0.34739721E-24  0.12251130E-37
  0.16400000E+02  0.34387452E-24  0.12115845E-37
  0.16500000E+02  0.34040118E-24  0.11873815E-37
  0.16600000E+02  0.33697638E-24  0.11825313E-37
  0.16700000E+02  0.33359930E-24  0.11614878E-37
  0.16800000E+02  0.33026915E-24  0.11461704E-37
  0.16900000E+02  0.32698514E-24  0.11442543E-37
  0.17000000E+02  0.32374651E-24  0.11247098E-37
  0.17100000E+02  0.32055251E-24  0.11158635E-37
  0.17200000E+02  0.31740239E-24  0.10885046E-37
  0.17300000E+02  0.31429543E-24  0.10820384E-37
  0.17400000E+02  0.31123091E-24  0.10755675E-37
  0.17500000E+02  0.30820812E-24  0.10574867E-37
  0.17600000E+02  0.30522639E-24  0.10531835E-37
  0.17700000E+02  0.30228502E-24  0.10417538E-37
  0.17800000E+02  0.29938335E-24  0.10315833E-37
  0.17900000E+02  0.29652074E-24  0.10134064E-37
  0.18000000E+02  0.29369653E-24  0.10001249E-37
  0.18100000E+02  0.29091010E-24  0.99260194E-38
  0.18200000E+02  0.28816083E-24  0.98183725E-38
  0.18300000E+02  0.28544811E-24  0.97336904E-38
  0.18400000E+02  0.28277134E-24  0.95816745E-38
  0.18500000E+02  0.28012993E-24  0.95114240E-38
  0.18600000E+02  0.27752332E-24  0.94015312E-38
  0.18700000E+02  0.27495094E-24  0.92894776E-38
  0.18800000E+02  0.27241222E-24  0.92091942E-38
  0.18900000E+02  0.26990663E-24  0.91507730E-38
  0.19000000E+02  0.26743363E-24  0.89718103E-38
  0.19100000E+02  0.26499270E-24  0.89342209E-38
  0.19200000E+02  0.26258332E-24  0.88142219E-38
  0.19300000E+02  0.26020498E-24  0.87464942E-38
  0.19400000E+02  0.25785719E-24  0.86369474E-38
  0.19500000E+02  0.25553945E-24  0.85072487E-38
  0.19600000E+02  0.25325129E-24  0.84179582E-38
  0.19700000E+02  0.25099224E-24  0.83572941E-38
  0.19800000E+02  0.24876184E-24  0.83068936E-38
  0.19900000E+02  0.24655963E-24  0.82597965E-38
  0.20000000E+02  0.24438516E-24  0.81299592E-38
  0.20100000E+02  0.24223800E-24  0.79969063E-38
  0.20200000E+02  0.24011772E-24  0.79795735E-38
  0.20300000E+02  0.23802390E-24  0.78832153E-38
  0.20400000E+02  0.23595613E-24  0.78273676E-38
  0.20500000E+02  0.23391399E-24  0.77572098E-38
  0.20600000E+02  0.23189708E-24  0.77307814E-38
  0.20700000E+02  0.22990502E-24  0.76072575E-38
  0.20800000E+02  0.22793743E-24  0.75419475E-38
  0.20900000E+02  0.22599391E-24  0.74929767E-38
  0.21000000E+02  0.22407410E-24  0.73665316E-38
  0.21100000E+02  0.22217764E-24  0.72824089E-38
  0.21200000E+02  0.22030417E-24  0.72292641E-38
  0.21300000E+02  0.21845333E-24  0.71622725E-38
  0.21400000E+02  0.21662478E-24  0.71342297E-38
  0.21500000E+02  0.21481818E-24  0.70584631E-38
  0.21600000E+02  0.21303320E-24  0.70068433E-38
  0.21700000E+02  0.21126951E-24  0.69604914E-38
  0.21800000E+02  0.20952678E-24  0.68932997E-38
  0.21900000E+02  0.20780471E-24  0.68129433E-38
  0.22000000E+02  0.20610298E-24  0.67538914E-38
  0.22100000E+02  0.20442128E-24  0.66923145E-38
  0.22200000E+02  0.20275933E-24  0.66116307E-38
  0.22300000E+02  0.20111681E-24  0.65279302E-38
  0.22400000E+02  0.19949345E-24  0.65020799E-38
  0.22500000E+02  0.19788896E-24  0.64353026E-38
  0.22600000E+02  0.19630305E-24  0.63331762E-38
  0.22700000E+02  0.19473547E-24  0.62702604E-38
  0.22800000E+02  0.19318593E-24  0.63027042E-38
  0.22900000E+02  0.19165417E-24  0.62058151E-38
  0.23000000E+02  0.19013994E-24  0.61636699E-38
  0.23100000E+02  0.18864297E-24  0.61300530E-38
  0.23200000E+02  0.18716301E-24  0.60822375E-38
  0.23300000E+02  0.18569983E-24  0.60172366E-38
  0.23400000E+02  0.18425317E-24  0.59286568E-38
  0.23500000E+02  0.18282279E-24  0.59059423E-38
  0.23600000E+02  0.18140847E-24  0.58523405E-38
  0.23700000E+02  0.18000997E-24  0.57876610E-38
  0.23800000E+02  0.17862707E-24  0.57779815E-38
  0.23900000E+02  0.17725953E-24  0.56985480E-38
  0.24000000E+02  0.17590716E-24  0.56431708E-38
  0.24100000E+02  0.17456972E-24  0.56284948E-38
  0.24200000E+02  0.17324701E-24  0.56091949E-38
  0.24300000E+02  0.17193881E-24  0.54883736E-38
  0.24400000E+02  0.17064494E-24  0.54736832E-38
  0.24500000E+02  0.16936517E-24  0.54127450E-38
  0.24600000E+02  0.16809933E-24  0.53999834E-38
  0.24700000E+02  0.16684720E-24  0.53270244E-38
  0.24800000E+02  0.16560861E-24  0.52762849E-38
  0.24900000E+02  0.16438336E-24  0.52651598E-38
  0.25000000E+02  0.16317127E-24  0.52011682E-38
  0.25100000E+02  0.16197216E-24  0.51689364E-38
  0.25200000E+02  0.16078584E-24  0.51370364E-38
  0.25300000E+02  0.15961215E-24  0.50894834E-38
  0.25400000E+02  0.15845090E-24  0.50881901E-38
  0.25500000E+02  0.15730194E-24  0.50112754E-38
  0.25600000E+02  0.15616509E-24  0.49764427E-38
  0.25700000E+02  0.15504018E-24  0.49521412E-38
  0.25800000E+02  0.15392706E-24  0.48853073E-38
  0.25900000E+02  0.15282557E-24  0.48859801E-38
  0.26000000E+02  0.15173555E-24  0.48237023E-38
  0.26100000E+02  0.15065685E-24  0.47948651E-38
  0.26200000E+02  0.14958931E-24  0.47435710E-38
  0.26300000E+02  0.14853278E-24  0.47257956E-38
  0.26400000E+02  0.14748713E-24  0.46858197E-38
  0.26500000E+02  0.14645219E-24  0.46345469E-38
  0.26600000E+02  0.14542784E-24  0.46252181E-38
  0.26700000E+02  0.14441394E-24  0.45883878E-38
  0.26800000E+02  0.14341034E-24  0.45409467E-38
  0.26900000E+02  0.14241690E-24  0.45060335E-38
  0.27000000E+02  0.14143351E-24  0.44796063E-38
  0.27100000E+02  0.14046002E-24  0.44728697E-38
  0.27200000E+02  0.13949631E-24  0.43986154E-38
  0.27300000E+02  0.13854224E-24  0.43912439E-38
  0.27400000E+02  0.13759770E-24  0.43720571E-38
  0.27500000E+02  0.13666256E-24  0.43393990E-38
  0.27600000E+02  0.13573670E-24  0.42858495E-38
  0.27700000E+02  0.13482000E-24  0.42573723E-38
  0.27800000E+02  0.13391235E-24  0.42016480E-38
  0.27900000E+02  0.13301362E-24  0.41975829E-38
  0.28000000E+02  0.13212371E-24  0.41665261E-38
  0.28100000E+02  0.13124249E-24  0.41501834E-38
  0.28200000E+02  0.13036987E-24  0.40888054E-38
  0.28300000E+02  0.12950573E-24  0.40810466E-38
  0.28400000E+02  0.12864997E-24  0.40667437E-38
  0.28500000E+02  0.12780248E-24  0.40277764E-38
  0.28600000E+02  0.12696316E-24  0.39900580E-38
  0.28700000E+02  0.12613190E-24  0.39744689E-38
  0.28800000E+02  0.12530860E-24  0.39174339E-38
  0.28900000E+02  0.12449317E-24  0.38968639E-38
  0.29000000E+02  0.12368551E-24  0.38861442E-38
  0.29100000E+02  0.12288552E-24  0.38483526E-38
  0.29200000E+02  0.12209310E-24  0.38100002E-38
  0.29300000E+02  0.12130817E-24  0.37984110E-38
  0.29400000E+02  0.12053063E-24  0.37395181E-38
  0.29500000E+02  0.11976040E-24  0.37357894E-38
  0.29600000E+02  0.11899737E-24  0.37380078E-38
  0.29700000E+02  0.11824147E-24  0.36981548E-38
  0.29800000E+02  0.11749260E-24  0.36742606E-38
  0.29900000E+02  0.11675069E-24  0.36499908E-38
  0.30000000E+02  0.11601565E-24  0.36563548E-38
  0.30100000E+02  0.11528739E-24  0.36142208E-38
  0.30200000E+02  0.11456584E-24  0.35588401E-38
  0.30300000E+02  0.11385091E-24  0.35498226E-38
  0.30400000E+02  0.11314252E-24  0.35337679E-38
  0.30500000E+02  0.11244060E-24  0.34783587E-38
  0.30600000E+02  0.11174508E-24  0.35035837E-38
  0.30700000E+02  0.11105586E-24  0.34760694E-38
  0.30800000E+02  0.11037289E-24  0.34401244E-38
  0.30900000E+02  0.10969608E-24  0.34421343E-38
  0.31000000E+02  0.10902536E-24  0.33866906E-38
  0.31100000E+02  0.10836067E-24  0.33831146E-38
  0.31200000E+02  0.10770192E-24  0.33642998E-38
  0.31300000E+02  0.10704906E-24  0.33477563E-38
  0.31400000E+02  0.10640202E-24  0.33017714E-38
  0.31500000E+02  0.10576071E-24  0.32952672E-38
  0.31600000E+02  0.10512509E-24  0.32528902E-38
  0.31700000E+02  0.10449508E-24  0.32498592E-38
  0.31800000E+02  0.10387062E-24  0.32284850E-38
  0.31900000E+02  0.10325165E-24  0.32323047E-38
  0.32000000E+02  0.10263809E-24  0.31777910E-38
  0.32100000E+02  0.10202990E-24  0.31548490E-38
  0.32200000E+02  0.10142701E-24  0.31412399E-38
  0.32300000E+02  0.10082935E-24  0.31257911E-38
  0.32400000E+02  0.10023688E-24  0.31063791E-38
  0.32500000E+02  0.99649524E-25  0.30867665E-38
  0.32600000E+02  0.99067233E-25  0.30721606E-38
  0.32700000E+02  0.98489948E-25  0.30699028E-38
  0.32800000E+02  0.97917613E-25  0.30382138E-38
  0.32900000E+02  0.97350172E-25  0.30252753E-38
  0.33000000E+02  0.96787570E-25  0.29925386E-38
  0.33100000E+02  0.96229754E-25  0.29760647E-38
  0.33200000E+02  0.95676671E-25  0.29666241E-38
  0.33300000E+02  0.95128268E-25  0.29537035E-38
  0.33400000E+02  0.94584493E-25  0.29368810E-38
  0.33500000E+02  0.94045295E-25  0.29138769E-38
  0.33600000E+02  0.93510624E-25  0.29282716E-38
  0.33700000E+02  0.92980430E-25  0.28624439E-38
  0.33800000E+02  0.92454663E-25  0.28494376E-38
  0.33900000E+02  0.91933277E-25  0.28476243E-38
  0.34000000E+02  0.91416222E-25  0.28141121E-38
  0.34100000E+02  0.90903452E-25  0.28062929E-38
  0.34200000E+02  0.90394921E-25  0.27906105E-38
  0.34300000E+02  0.89890582E-25  0.27549200E-38
  0.34400000E+02  0.89390390E-25  0.27657822E-38
  0.34500000E+02  0.88894301E-25  0.27235601E-38
  0.34600000E+02  0.88402270E-25  0.27346253E-38
  0.34700000E+02  0.87914254E-25  0.27143649E-38
  0.34800000E+02  0.87430211E-25  0.27105856E-38
  0.34900000E+02  0.86950097E-25  0.26741460E-38
  0.35000000E+02  0.86473872E-25  0.26849416E-38
  0.35100000E+02  0.86001493E-25  0.26423390E-38
  0.35200000E+02  0.85532920E-25  0.26341442E-38
  0.35300000E+02  0.85068114E-25  0.26186706E-38
  0.35400000E+02  0.84607033E-25  0.26018591E-38
  0.35500000E+02  0.84149640E-25  0.25798004E-38
  0.35600000E+02  0.83695895E-25  0.25876359E-38
  0.35700000E+02  0.83245760E-25  0.25603104E-38
  0.35800000E+02  0.82799198E-25  0.25582266E-38
  0.35900000E+02  0.82356172E-25  0.25300161E-38
  0.36000000E+02  0.81916644E-25  0.24969806E-38
  0.36100000E+02  0.81480579E-25  0.25124161E-38
  0.36200000E+02  0.81047941E-25  0.24922845E-38
  0.36300000E+02  0.80618694E-25  0.24741835E-38
  0.36400000E+02  0.80192804E-25  0.24573932E-38
  0.36500000E+02  0.79770236E-25  0.24518624E-38
  0.36600000E+02  0.79350956E-25  0.24486503E-38
  0.36700000E+02  0.78934931E-25  0.24172655E-38
  0.36800000E+02  0.78522127E-25  0.24216748E-38
  0.36900000E+02  0.78112512E-25  0.23999044E-38
  0.37000000E+02  0.77706053E-25  0.23812370E-38
  0.37100000E+02  0.77302719E-25  0.23638748E-38
  0.37200000E+02  0.76902478E-25  0.23711688E-38
  0.37300000E+02  0.76505299E-25  0.23620117E-38
  0.37400000E+02  0.76111151E-25  0.23256657E-38
  0.37500000E+02  0.75720004E-25  0.23269461E-38
  0.37600000E+02  0.75331827E-25  0.23284088E-38
  0.37700000E+02  0.74946592E-25  0.23089765E-38
  0.37800000E+02  0.74564268E-25  0.22684350E-38
  0.37900000E+02  0.74184827E-25  0.22665599E-38
  0.38000000E+02  0.73808241E-25  0.22472225E-38
  0.38100000E+02  0.73434481E-25  0.22478663E-38
  0.38200000E+02  0.73063520E-25  0.22279546E-38
  0.38300000E+02  0.72695329E-25  0.22329299E-38
  0.38400000E+02  0.72329882E-25  0.21972609E-38
  0.38500000E+02  0.71967151E-25  0.21951980E-38
  0.38600000E+02  0.71607111E-25  0.21919498E-38
  0.38700000E+02  0.71249735E-25  0.21795209E-38
  0.38800000E+02  0.70894997E-25  0.21602446E-38
  0.38900000E+02  0.70542872E-25  0.21526433E-38
  0.39000000E+02  0.70193333E-25  0.21427263E-38
  0.39100000E+02  0.69846357E-25  0.21373703E-38
  0.39200000E+02  0.69501919E-25  0.21181643E-38
  0.39300000E+02  0.69159994E-25  0.21147244E-38
  0.39400000E+02  0.68820558E-25  0.20871866E-38
  0.39500000E+02  0.68483587E-25  0.20818930E-38
  0.39600000E+02  0.68149058E-25  0.20854773E-38
  0.39700000E+02  0.67816947E-25  0.20811564E-38
  0.39800000E+02  0.67487232E-25  0.20775924E-38
  0.39900000E+02  0.67159889E-25  0.20522811E-38
  0.40000000E+02  0.66834897E-25  0.20344508E-38
