  0.00000000E+00  0.82760251E-22  0.51095262E-36
  0.10000000E+00  0.82732448E-22  0.50904211E-36
  0.20000000E+00  0.82648832E-22  0.50470892E-36
  0.30000000E+00  0.82508815E-22  0.50096411E-36
  0.40000000E+00  0.82311543E-22  0.49740338E-36
  0.50000000E+00  0.82056075E-22  0.48962830E-36
  0.60000000E+00  0.81741599E-22  0.48272742E-36
  0.70000000E+00  0.81367660E-22  0.47198093E-36
  0.80000000E+00  0.80934342E-22  0.46521859E-36
  0.90000000E+00  0.80442390E-22  0.45460133E-36
  0.10000000E+01  0.79893243E-22  0.44230266E-36
  0.11000000E+01  0.79289006E-22  0.43358719E-36
  0.12000000E+01  0.78632357E-22  0.42124851E-36
  0.13000000E+01  0.77926434E-22  0.41209991E-36
  0.14000000E+01  0.77174707E-22  0.39911502E-36
  0.15000000E+01  0.76380856E-22  0.39070997E-36
  0.16000000E+01  0.75548665E-22  0.38356757E-36
  0.17000000E+01  0.74681930E-22  0.37184320E-36
  0.18000000E+01  0.73784396E-22  0.36015666E-36
  0.19000000E+01  0.72859697E-22  0.35144721E-36
  0.20000000E+01  0.71911327E-22  0.34019674E-36
  0.21000000E+01  0.70942612E-22  0.33109953E-36
  0.22000000E+01  0.69956695E-22  0.32203221E-36
  0.23000000E+01  0.68956532E-22  0.31093303E-36
  0.24000000E+01  0.67944890E-22  0.30165714E-36
  0.25000000E+01  0.66924345E-22  0.29476729E-36
  0.26000000E+01  0.65897293E-22  0.28351046E-36
  0.27000000E+01  0.64865951E-22  0.27623768E-36
  0.28000000E+01  0.63832367E-22  0.26737902E-36
  0.29000000E+01  0.62798429E-22  0.26024012E-36
  0.30000000E+01  0.61765869E-22  0.24980367E-36
  0.31000000E+01  0.60736278E-22  0.24463732E-36
  0.32000000E+01  0.59711106E-22  0.23580604E-36
  0.33000000E+01  0.58691676E-22  0.22854163E-36
  0.34000000E+01  0.57679190E-22  0.22396915E-36
  0.35000000E+01  0.56674736E-22  0.21404696E-36
  0.36000000E+01  0.55679293E-22  0.20851846E-36
  0.37000000E+01  0.54693742E-22  0.20211791E-36
  0.38000000E+01  0.53718870E-22  0.19484982E-36
  0.39000000E+01  0.52755375E-22  0.19025478E-36
  0.40000000E+01  0.51803874E-22  0.18426768E-36
  0.41000000E+01  0.50864909E-22  0.17726725E-36
  0.42000000E+01  0.49938949E-22  0.17402184E-36
  0.43000000E+01  0.49026398E-22  0.16791271E-36
  0.44000000E+01  0.48127598E-22  0.16231501E-36
  0.45000000E+01  0.47242836E-22  0.15822928E-36
  0.46000000E+01  0.46372345E-22  0.15331341E-36
  0.47000000E+01  0.45516311E-22  0.14766820E-36
  0.48000000E+01  0.44674874E-22  0.14491136E-36
  0.49000000E+01  0.43848135E-22  0.13907121E-36
  0.50000000E+01  0.43036157E-22  0.13515658E-36
  0.51000000E+01  0.42238967E-22  0.13129571E-36
  0.52000000E+01  0.41456562E-22  0.12780189E-36
  0.53000000E+01  0.40688912E-22  0.12392830E-36
  0.54000000E+01  0.39935959E-22  0.12003084E-36
  0.55000000E+01  0.39197623E-22  0.11640553E-36
  0.56000000E+01  0.38473801E-22  0.11465646E-36
  0.57000000E+01  0.37764374E-22  0.11048947E-36
  0.58000000E+01  0.37069205E-22  0.10712739E-36
  0.59000000E+01  0.36388142E-22  0.10432822E-36
  0.60000000E+01  0.35721019E-22  0.10088341E-36
  0.61000000E+01  0.35067658E-22  0.98228882E-37
  0.62000000E+01  0.34427874E-22  0.95782162E-37
  0.63000000E+01  0.33801470E-22  0.92290796E-37
  0.64000000E+01  0.33188242E-22  0.90391073E-37
  0.65000000E+01  0.32587982E-22  0.87853087E-37
  0.66000000E+01  0.32000472E-22  0.86077150E-37
  0.67000000E+01  0.31425495E-22  0.83247703E-37
  0.68000000E+01  0.30862828E-22  0.81547121E-37
  0.69000000E+01  0.30312244E-22  0.78627488E-37
  0.70000000E+01  0.29773517E-22  0.77897962E-37
  0.71000000E+01  0.29246418E-22  0.75091459E-37
  0.72000000E+01  0.28730717E-22  0.73159620E-37
  0.73000000E+01  0.28226187E-22  0.70769066E-37
  0.74000000E+01  0.27732599E-22  0.68978478E-37
  0.75000000E+01  0.27249723E-22  0.68039670E-37
  0.76000000E+01  0.26777336E-22  0.65747746E-37
  0.77000000E+01  0.26315211E-22  0.63889566E-37
  0.78000000E+01  0.25863127E-22  0.62568550E-37
  0.79000000E+01  0.25420862E-22  0.61165477E-37
  0.80000000E+01  0.24988200E-22  0.59753466E-37
  0.81000000E+01  0.24564926E-22  0.57384349E-37
  0.82000000E+01  0.24150827E-22  0.56371898E-37
  0.83000000E+01  0.23745694E-22  0.54574559E-37
  0.84000000E+01  0.23349323E-22  0.54434038E-37
  0.85000000E+01  0.22961510E-22  0.52643206E-37
  0.86000000E+01  0.22582058E-22  0.51206155E-37
  0.87000000E+01  0.22210772E-22  0.50294091E-37
  0.88000000E+01  0.21847459E-22  0.48785470E-37
  0.89000000E+01  0.21491932E-22  0.48334583E-37
  0.90000000E+01  0.21144006E-22  0.47267223E-37
  0.91000000E+01  0.20803503E-22  0.45878429E-37
  0.92000000E+01  0.20470244E-22  0.45044861E-37
  0.93000000E+01  0.20144058E-22  0.43806568E-37
  0.94000000E+01  0.19824775E-22  0.42735349E-37
  0.95000000E+01  0.19512229E-22  0.41892278E-37
  0.96000000E+01  0.19206259E-22  0.40638720E-37
  0.97000000E+01  0.18906707E-22  0.40391798E-37
  0.98000000E+01  0.18613419E-22  0.39553849E-37
  0.99000000E+01  0.18326244E-22  0.38680566E-37
  0.10000000E+02  0.18045034E-22  0.37418190E-37
  0.10100000E+02  0.17769647E-22  0.36376988E-37
  0.10200000E+02  0.17499941E-22  0.36352227E-37
  0.10300000E+02  0.17235779E-22  0.35233673E-37
  0.10400000E+02  0.16977029E-22  0.34354140E-37
  0.10500000E+02  0.16723561E-22  0.33897082E-37
  0.10600000E+02  0.16475246E-22  0.33436002E-37
  0.10700000E+02  0.16231961E-22  0.32549920E-37
  0.10800000E+02  0.15993586E-22  0.31982845E-37
  0.10900000E+02  0.15760003E-22  0.31280664E-37
  0.11000000E+02  0.15531097E-22  0.30885669E-37
  0.11100000E+02  0.15306756E-22  0.29995749E-37
  0.11200000E+02  0.15086872E-22  0.29575726E-37
  0.11300000E+02  0.14871337E-22  0.29062214E-37
  0.11400000E+02  0.14660050E-22  0.28499728E-37
  0.11500000E+02  0.14452908E-22  0.27824348E-37
  0.11600000E+02  0.14249813E-22  0.27180400E-37
  0.11700000E+02  0.14050671E-22  0.27030795E-37
  0.11800000E+02  0.13855388E-22  0.26318866E-37
  0.11900000E+02  0.13663873E-22  0.25849814E-37
  0.12000000E+02  0.13476037E-22  0.25348993E-37
  0.12100000E+02  0.13291795E-22  0.24856075E-37
  0.12200000E+02  0.13111062E-22  0.24306715E-37
  0.12300000E+02  0.12933757E-22  0.23879177E-37
  0.12400000E+02  0.12759800E-22  0.23688871E-37
  0.12500000E+02  0.12589114E-22  0.23485950E-37
  0.12600000E+02  0.12421623E-22  0.22815520E-37
  0.12700000E+02  0.12257254E-22  0.22645920E-37
  0.12800000E+02  0.12095934E-22  0.21938753E-37
  0.12900000E+02  0.11937595E-22  0.21543370E-37
  0.13000000E+02  0.11782167E-22  0.21459879E-37
  0.13100000E+02  0.11629586E-22  0.20906584E-37
  0.13200000E+02  0.11479786E-22  0.20727302E-37
  0.13300000E+02  0.11332704E-22  0.20244627E-37
  0.13400000E+02  0.11188280E-22  0.19999631E-37
  0.13500000E+02  0.11046453E-22  0.19636859E-37
  0.13600000E+02  0.10907165E-22  0.19481837E-37
  0.13700000E+02  0.10770360E-22  0.19161421E-37
  0.13800000E+02  0.10635983E-22  0.19128672E-37
  0.13900000E+02  0.10503980E-22  0.18068933E-37
  0.14000000E+02  0.10374298E-22  0.18073279E-37
  0.14100000E+02  0.10246887E-22  0.17916261E-37
  0.14200000E+02  0.10121696E-22  0.17495125E-37
  0.14300000E+02  0.99986770E-23  0.17310829E-37
  0.14400000E+02  0.98777831E-23  0.17265033E-37
  0.14500000E+02  0.97589679E-23  0.16873203E-37
  0.14600000E+02  0.96421866E-23  0.16539623E-37
  0.14700000E+02  0.95273953E-23  0.16399106E-37
  0.14800000E+02  0.94145514E-23  0.16147758E-37
  0.14900000E+02  0.93036132E-23  0.15674151E-37
  0.15000000E+02  0.91945402E-23  0.15611843E-37
  0.15100000E+02  0.90872928E-23  0.15433739E-37
  0.15200000E+02  0.89818324E-23  0.15105049E-37
  0.15300000E+02  0.88781214E-23  0.14679511E-37
  0.15400000E+02  0.87761230E-23  0.14822021E-37
  0.15500000E+02  0.86758016E-23  0.14378269E-37
  0.15600000E+02  0.85771221E-23  0.14278221E-37
  0.15700000E+02  0.84800506E-23  0.14055564E-37
  0.15800000E+02  0.83845538E-23  0.13885479E-37
  0.15900000E+02  0.82905992E-23  0.13706147E-37
  0.16000000E+02  0.81981553E-23  0.13517654E-37
  0.16100000E+02  0.81071912E-23  0.13413256E-37
  0.16200000E+02  0.80176767E-23  0.13145423E-37
  0.16300000E+02  0.79295826E-23  0.12882194E-37
  0.16400000E+02  0.78428800E-23  0.12863620E-37
  0.16500000E+02  0.77575411E-23  0.12540812E-37
  0.16600000E+02  0.76735384E-23  0.12522526E-37
  0.16700000E+02  0.75908453E-23  0.12282642E-37
  0.16800000E+02  0.75094357E-23  0.12125421E-37
  0.16900000E+02  0.74292843E-23  0.12017112E-37
  0.17000000E+02  0.73503661E-23  0.11775394E-37
  0.17100000E+02  0.72726570E-23  0.11742303E-37
  0.17200000E+02  0.71961333E-23  0.11607563E-37
  0.17300000E+02  0.71207717E-23  0.11455146E-37
  0.17400000E+02  0.70465499E-23  0.11375656E-37
  0.17500000E+02  0.69734456E-23  0.11190447E-37
  0.17600000E+02  0.69014373E-23  0.10935486E-37
  0.17700000E+02  0.68305040E-23  0.10934360E-37
  0.17800000E+02  0.67606251E-23  0.10684362E-37
  0.17900000E+02  0.66917805E-23  0.10445664E-37
  0.18000000E+02  0.66239505E-23  0.10349199E-37
  0.18100000E+02  0.65571160E-23  0.10322547E-37
  0.18200000E+02  0.64912582E-23  0.10114315E-37
  0.18300000E+02  0.64263587E-23  0.10044024E-37
  0.18400000E+02  0.63623997E-23  0.99452098E-38
  0.18500000E+02  0.62993636E-23  0.99280643E-38
  0.18600000E+02  0.62372332E-23  0.96622248E-38
  0.18700000E+02  0.61759919E-23  0.94975124E-38
  0.18800000E+02  0.61156233E-23  0.95475724E-38
  0.18900000E+02  0.60561112E-23  0.93816349E-38
  0.19000000E+02  0.59974402E-23  0.94827437E-38
  0.19100000E+02  0.59395949E-23  0.91670456E-38
  0.19200000E+02  0.58825602E-23  0.89911904E-38
  0.19300000E+02  0.58263216E-23  0.91063759E-38
  0.19400000E+02  0.57708647E-23  0.89505739E-38
  0.19500000E+02  0.57161755E-23  0.87535169E-38
  0.19600000E+02  0.56622402E-23  0.86568852E-38
  0.19700000E+02  0.56090456E-23  0.85604627E-38
  0.19800000E+02  0.55565783E-23  0.83947227E-38
  0.19900000E+02  0.55048256E-23  0.84653501E-38
  0.20000000E+02  0.54537748E-23  0.81982436E-38
  0.20100000E+02  0.54034138E-23  0.82328414E-38
  0.20200000E+02  0.53537304E-23  0.81679266E-38
  0.20300000E+02  0.53047128E-23  0.80139017E-38
  0.20400000E+02  0.52563495E-23  0.78902614E-38
  0.20500000E+02  0.52086292E-23  0.79115015E-38
  0.20600000E+02  0.51615407E-23  0.76749356E-38
  0.20700000E+02  0.51150734E-23  0.77465057E-38
  0.20800000E+02  0.50692166E-23  0.76184902E-38
  0.20900000E+02  0.50239598E-23  0.75195708E-38
  0.21000000E+02  0.49792929E-23  0.74700659E-38
  0.21100000E+02  0.49352059E-23  0.73252037E-38
  0.21200000E+02  0.48916891E-23  0.72969865E-38
  0.21300000E+02  0.48487329E-23  0.71712654E-38
  0.21400000E+02  0.48063280E-23  0.71638142E-38
  0.21500000E+02  0.47644651E-23  0.71093945E-38
  0.21600000E+02  0.47231352E-23  0.70086850E-38
  0.21700000E+02  0.46823296E-23  0.69838500E-38
  0.21800000E+02  0.46420397E-23  0.69304400E-38
  0.21900000E+02  0.46022568E-23  0.69232341E-38
  0.22000000E+02  0.45629728E-23  0.67892671E-38
  0.22100000E+02  0.45241796E-23  0.67520372E-38
  0.22200000E+02  0.44858691E-23  0.66395486E-38
  0.22300000E+02  0.44480335E-23  0.64487505E-38
  0.22400000E+02  0.44106653E-23  0.65070704E-38
  0.22500000E+02  0.43737568E-23  0.64130272E-38
  0.22600000E+02  0.43373007E-23  0.63300753E-38
  0.22700000E+02  0.43012899E-23  0.63242000E-38
  0.22800000E+02  0.42657172E-23  0.62491912E-38
  0.22900000E+02  0.42305757E-23  0.62136756E-38
  0.23000000E+02  0.41958586E-23  0.60604168E-38
  0.23100000E+02  0.41615591E-23  0.61138054E-38
  0.23200000E+02  0.41276709E-23  0.59277448E-38
  0.23300000E+02  0.40941874E-23  0.59540232E-38
  0.23400000E+02  0.40611024E-23  0.59855210E-38
  0.23500000E+02  0.40284096E-23  0.58051679E-38
  0.23600000E+02  0.39961031E-23  0.57798571E-38
  0.23700000E+02  0.39641768E-23  0.57439431E-38
  0.23800000E+02  0.39326249E-23  0.56208792E-38
  0.23900000E+02  0.39014418E-23  0.56441115E-38
  0.24000000E+02  0.38706217E-23  0.55329173E-38
  0.24100000E+02  0.38401592E-23  0.56045274E-38
  0.24200000E+02  0.38100488E-23  0.54393653E-38
  0.24300000E+02  0.37802853E-23  0.54523615E-38
  0.24400000E+02  0.37508634E-23  0.53679159E-38
  0.24500000E+02  0.37217780E-23  0.52874075E-38
  0.24600000E+02  0.36930241E-23  0.52818248E-38
  0.24700000E+02  0.36645967E-23  0.52511369E-38
  0.24800000E+02  0.36364911E-23  0.51886449E-38
  0.24900000E+02  0.36087023E-23  0.52015691E-38
  0.25000000E+02  0.35812259E-23  0.51041193E-38
  0.25100000E+02  0.35540572E-23  0.51177802E-38
  0.25200000E+02  0.35271917E-23  0.50004949E-38
  0.25300000E+02  0.35006249E-23  0.50276124E-38
  0.25400000E+02  0.34743525E-23  0.48793095E-38
  0.25500000E+02  0.34483704E-23  0.48662779E-38
  0.25600000E+02  0.34226742E-23  0.47773853E-38
  0.25700000E+02  0.33972598E-23  0.48225248E-38
  0.25800000E+02  0.33721233E-23  0.47646998E-38
  0.25900000E+02  0.33472605E-23  0.47365441E-38
  0.26000000E+02  0.33226678E-23  0.46625846E-38
  0.26100000E+02  0.32983411E-23  0.47047638E-38
  0.26200000E+02  0.32742768E-23  0.46059492E-38
  0.26300000E+02  0.32504711E-23  0.46750969E-38
  0.26400000E+02  0.32269204E-23  0.46430572E-38
  0.26500000E+02  0.32036211E-23  0.45322542E-38
  0.26600000E+02  0.31805697E-23  0.45172520E-38
  0.26700000E+02  0.31577627E-23  0.44612731E-38
  0.26800000E+02  0.31351968E-23  0.44314967E-38
  0.26900000E+02  0.31128687E-23  0.43419091E-38
  0.27000000E+02  0.30907749E-23  0.44019879E-38
  0.27100000E+02  0.30689124E-23  0.43330147E-38
  0.27200000E+02  0.30472779E-23  0.42744603E-38
  0.27300000E+02  0.30258683E-23  0.42507076E-38
  0.27400000E+02  0.30046806E-23  0.42303098E-38
  0.27500000E+02  0.29837118E-23  0.41716127E-38
  0.27600000E+02  0.29629588E-23  0.41585374E-38
  0.27700000E+02  0.29424188E-23  0.41030230E-38
  0.27800000E+02  0.29220889E-23  0.40826568E-38
  0.27900000E+02  0.29019663E-23  0.40082635E-38
  0.28000000E+02  0.28820482E-23  0.39551420E-38
  0.28100000E+02  0.28623319E-23  0.39979177E-38
  0.28200000E+02  0.28428147E-23  0.39368747E-38
  0.28300000E+02  0.28234939E-23  0.39807089E-38
  0.28400000E+02  0.28043671E-23  0.39544539E-38
  0.28500000E+02  0.27854315E-23  0.38779713E-38
  0.28600000E+02  0.27666848E-23  0.38561409E-38
  0.28700000E+02  0.27481244E-23  0.38512795E-38
  0.28800000E+02  0.27297479E-23  0.37500808E-38
  0.28900000E+02  0.27115529E-23  0.38332525E-38
  0.29000000E+02  0.26935371E-23  0.36900835E-38
  0.29100000E+02  0.26756982E-23  0.37493690E-38
  0.29200000E+02  0.26580338E-23  0.37015133E-38
  0.29300000E+02  0.26405417E-23  0.36230013E-38
  0.29400000E+02  0.26232198E-23  0.36148923E-38
  0.29500000E+02  0.26060658E-23  0.35104472E-38
  0.29600000E+02  0.25890776E-23  0.35366920E-38
  0.29700000E+02  0.25722530E-23  0.35019635E-38
  0.29800000E+02  0.25555902E-23  0.35589760E-38
  0.29900000E+02  0.25390869E-23  0.35325944E-38
  0.30000000E+02  0.25227412E-23  0.34716506E-38
  0.30100000E+02  0.25065511E-23  0.34328908E-38
  0.30200000E+02  0.24905146E-23  0.34299045E-38
  0.30300000E+02  0.24746299E-23  0.33897832E-38
  0.30400000E+02  0.24588950E-23  0.33724617E-38
  0.30500000E+02  0.24433081E-23  0.33675054E-38
  0.30600000E+02  0.24278674E-23  0.32867593E-38
  0.30700000E+02  0.24125711E-23  0.33123219E-38
  0.30800000E+02  0.23974173E-23  0.33088945E-38
  0.30900000E+02  0.23824044E-23  0.32728450E-38
  0.31000000E+02  0.23675306E-23  0.32722766E-38
  0.31100000E+02  0.23527942E-23  0.31835424E-38
  0.31200000E+02  0.23381936E-23  0.32229291E-38
  0.31300000E+02  0.23237270E-23  0.31793351E-38
  0.31400000E+02  0.23093930E-23  0.31601516E-38
  0.31500000E+02  0.22951898E-23  0.31752794E-38
  0.31600000E+02  0.22811160E-23  0.30689571E-38
  0.31700000E+02  0.22671700E-23  0.31122801E-38
  0.31800000E+02  0.22533501E-23  0.30845564E-38
  0.31900000E+02  0.22396550E-23  0.30510523E-38
  0.32000000E+02  0.22260832E-23  0.29900008E-38
  0.32100000E+02  0.22126332E-23  0.30400045E-38
  0.32200000E+02  0.21993035E-23  0.30078766E-38
  0.32300000E+02  0.21860928E-23  0.29587551E-38
  0.32400000E+02  0.21729996E-23  0.29071162E-38
  0.32500000E+02  0.21600226E-23  0.29263898E-38
  0.32600000E+02  0.21471604E-23  0.29225458E-38
  0.32700000E+02  0.21344116E-23  0.28659729E-38
  0.32800000E+02  0.21217750E-23  0.28729530E-38
  0.32900000E+02  0.21092493E-23  0.28370430E-38
  0.33000000E+02  0.20968331E-23  0.28486569E-38
  0.33100000E+02  0.20845253E-23  0.28358309E-38
  0.33200000E+02  0.20723245E-23  0.28530060E-38
  0.33300000E+02  0.20602296E-23  0.27477276E-38
  0.33400000E+02  0.20482393E-23  0.28035806E-38
  0.33500000E+02  0.20363524E-23  0.27508980E-38
  0.33600000E+02  0.20245678E-23  0.27558816E-38
  0.33700000E+02  0.20128843E-23  0.27152091E-38
  0.33800000E+02  0.20013007E-23  0.27219116E-38
  0.33900000E+02  0.19898160E-23  0.26619091E-38
  0.34000000E+02  0.19784290E-23  0.27036640E-38
  0.34100000E+02  0.19671387E-23  0.26614781E-38
  0.34200000E+02  0.19559438E-23  0.26329119E-38
  0.34300000E+02  0.19448435E-23  0.26283474E-38
  0.34400000E+02  0.19338366E-23  0.26566074E-38
  0.34500000E+02  0.19229221E-23  0.25903347E-38
  0.34600000E+02  0.19120989E-23  0.25473887E-38
  0.34700000E+02  0.19013661E-23  0.25298949E-38
  0.34800000E+02  0.18907227E-23  0.25781888E-38
  0.34900000E+02  0.18801677E-23  0.25225442E-38
  0.35000000E+02  0.18697001E-23  0.25485839E-38
  0.35100000E+02  0.18593189E-23  0.25385552E-38
  0.35200000E+02  0.18490233E-23  0.24738021E-38
  0.35300000E+02  0.18388122E-23  0.24749854E-38
  0.35400000E+02  0.18286849E-23  0.24338346E-38
  0.35500000E+02  0.18186403E-23  0.24739183E-38
  0.35600000E+02  0.18086776E-23  0.24616228E-38
  0.35700000E+02  0.17987958E-23  0.24477921E-38
  0.35800000E+02  0.17889943E-23  0.24346845E-38
  0.35900000E+02  0.17792720E-23  0.23603363E-38
  0.36000000E+02  0.17696281E-23  0.23701190E-38
  0.36100000E+02  0.17600618E-23  0.23462208E-38
  0.36200000E+02  0.17505722E-23  0.23354925E-38
  0.36300000E+02  0.17411587E-23  0.23252781E-38
  0.36400000E+02  0.17318203E-23  0.22848399E-38
  0.36500000E+02  0.17225562E-23  0.22951928E-38
  0.36600000E+02  0.17133657E-23  0.22826768E-38
  0.36700000E+02  0.17042481E-23  0.22927923E-38
  0.36800000E+02  0.16952025E-23  0.22781573E-38
  0.36900000E+02  0.16862281E-23  0.22446055E-38
  0.37000000E+02  0.16773244E-23  0.22210553E-38
  0.37100000E+02  0.16684904E-23  0.22592579E-38
  0.37200000E+02  0.16597256E-23  0.22400219E-38
  0.37300000E+02  0.16510291E-23  0.22284323E-38
  0.37400000E+02  0.16424003E-23  0.21832783E-38
  0.37500000E+02  0.16338386E-23  0.21944172E-38
  0.37600000E+02  0.16253431E-23  0.21742815E-38
  0.37700000E+02  0.16169132E-23  0.21672354E-38
  0.37800000E+02  0.16085483E-23  0.21710207E-38
  0.37900000E+02  0.16002477E-23  0.21081264E-38
  0.38000000E+02  0.15920107E-23  0.21099660E-38
  0.38100000E+02  0.15838367E-23  0.21207153E-38
  0.38200000E+02  0.15757250E-23  0.21019107E-38
  0.38300000E+02  0.15676751E-23  0.20760248E-38
  0.38400000E+02  0.15596864E-23  0.20839349E-38
  0.38500000E+02  0.15517581E-23  0.20598131E-38
  0.38600000E+02  0.15438897E-23  0.20598702E-38
  0.38700000E+02  0.15360805E-23  0.20408496E-38
  0.38800000E+02  0.15283301E-23  0.20315304E-38
  0.38900000E+02  0.15206379E-23  0.20041880E-38
  0.39000000E+02  0.15130031E-23  0.20521865E-38
  0.39100000E+02  0.15054254E-23  0.20029407E-38
  0.39200000E+02  0.14979040E-23  0.19890234E-38
  0.39300000E+02  0.14904385E-23  0.19828110E-38
  0.39400000E+02  0.14830283E-23  0.19553505E-38
  0.39500000E+02  0.14756729E-23  0.19344559E-38
  0.39600000E+02  0.14683718E-23  0.19927279E-38
  0.39700000E+02  0.14611243E-23  0.19473592E-38
  0.39800000E+02  0.14539300E-23  0.19461921E-38
  0.39900000E+02  0.14467884E-23  0.18947418E-38
  0.40000000E+02  0.14396990E-23  0.18924927E-38
