  0.00000000E+00 -0.19164767E-22  0.41266390E-36
  0.10000000E+00 -0.19160216E-22  0.41205897E-36
  0.20000000E+00 -0.19147047E-22  0.41125316E-36
  0.30000000E+00 -0.19126539E-22  0.40892082E-36
  0.40000000E+00 -0.19100349E-22  0.40650554E-36
  0.50000000E+00 -0.19069994E-22  0.40304237E-36
  0.60000000E+00 -0.19036410E-22  0.40209956E-36
  0.70000000E+00 -0.18999707E-22  0.40075523E-36
  0.80000000E+00 -0.18959139E-22  0.39610489E-36
  0.90000000E+00 -0.18913247E-22  0.39322209E-36
  0.10000000E+01 -0.18860100E-22  0.39074935E-36
  0.11000000E+01 -0.18797557E-22  0.38952173E-36
  0.12000000E+01 -0.18723508E-22  0.38557931E-36
  0.13000000E+01 -0.18636062E-22  0.38135154E-36
  0.14000000E+01 -0.18533667E-22  0.38052070E-36
  0.15000000E+01 -0.18415181E-22  0.37593441E-36
  0.16000000E+01 -0.18279892E-22  0.37729192E-36
  0.17000000E+01 -0.18127504E-22  0.37389385E-36
  0.18000000E+01 -0.17958104E-22  0.36920265E-36
  0.19000000E+01 -0.17772111E-22  0.36807174E-36
  0.20000000E+01 -0.17570221E-22  0.36456969E-36
  0.21000000E+01 -0.17353352E-22  0.36168341E-36
  0.22000000E+01 -0.17122592E-22  0.35737116E-36
  0.23000000E+01 -0.16879149E-22  0.35457588E-36
  0.24000000E+01 -0.16624305E-22  0.35005795E-36
  0.25000000E+01 -0.16359385E-22  0.34848087E-36
  0.26000000E+01 -0.16085723E-22  0.34225103E-36
  0.27000000E+01 -0.15804635E-22  0.33925171E-36
  0.28000000E+01 -0.15517404E-22  0.33546910E-36
  0.29000000E+01 -0.15225260E-22  0.33249174E-36
  0.30000000E+01 -0.14929370E-22  0.32692353E-36
  0.31000000E+01 -0.14630833E-22  0.32214609E-36
  0.32000000E+01 -0.14330670E-22  0.31789796E-36
  0.33000000E+01 -0.14029824E-22  0.31325221E-36
  0.34000000E+01 -0.13729161E-22  0.30970631E-36
  0.35000000E+01 -0.13429465E-22  0.30316220E-36
  0.36000000E+01 -0.13131448E-22  0.29900216E-36
  0.37000000E+01 -0.12835744E-22  0.29500407E-36
  0.38000000E+01 -0.12542918E-22  0.29162882E-36
  0.39000000E+01 -0.12253469E-22  0.28546667E-36
  0.40000000E+01 -0.11967831E-22  0.27981568E-36
  0.41000000E+01 -0.11686383E-22  0.27723516E-36
  0.42000000E+01 -0.11409446E-22  0.27243725E-36
  0.43000000E+01 -0.11137293E-22  0.26801549E-36
  0.44000000E+01 -0.10870153E-22  0.26273674E-36
  0.45000000E+01 -0.10608210E-22  0.25864514E-36
  0.46000000E+01 -0.10351610E-22  0.25451499E-36
  0.47000000E+01 -0.10100469E-22  0.24916989E-36
  0.48000000E+01 -0.98548663E-23  0.24584759E-36
  0.49000000E+01 -0.96148577E-23  0.24036782E-36
  0.50000000E+01 -0.93804726E-23  0.23666240E-36
  0.51000000E+01 -0.91517186E-23  0.23291951E-36
  0.52000000E+01 -0.89285841E-23  0.22638513E-36
  0.53000000E+01 -0.87110403E-23  0.22406331E-36
  0.54000000E+01 -0.84990434E-23  0.21963341E-36
  0.55000000E+01 -0.82925370E-23  0.21661079E-36
  0.56000000E+01 -0.80914530E-23  0.21199595E-36
  0.57000000E+01 -0.78957142E-23  0.20885093E-36
  0.58000000E+01 -0.77052349E-23  0.20389890E-36
  0.59000000E+01 -0.75199229E-23  0.20097446E-36
  0.60000000E+01 -0.73396801E-23  0.19759686E-36
  0.61000000E+01 -0.71644040E-23  0.19358372E-36
  0.62000000E+01 -0.69939885E-23  0.18994845E-36
  0.63000000E+01 -0.68283245E-23  0.18611709E-36
  0.64000000E+01 -0.66673010E-23  0.18318678E-36
  0.65000000E+01 -0.65108057E-23  0.18112637E-36
  0.66000000E+01 -0.63587254E-23  0.17660556E-36
  0.67000000E+01 -0.62109466E-23  0.17372870E-36
  0.68000000E+01 -0.60673560E-23  0.17026136E-36
  0.69000000E+01 -0.59278408E-23  0.16755377E-36
  0.70000000E+01 -0.57922891E-23  0.16459938E-36
  0.71000000E+01 -0.56605903E-23  0.16209635E-36
  0.72000000E+01 -0.55326351E-23  0.15787633E-36
  0.73000000E+01 -0.54083158E-23  0.15586652E-36
  0.74000000E+01 -0.52875266E-23  0.15350821E-36
  0.75000000E+01 -0.51701637E-23  0.15038995E-36
  0.76000000E+01 -0.50561253E-23  0.14811247E-36
  0.77000000E+01 -0.49453118E-23  0.14544687E-36
  0.78000000E+01 -0.48376258E-23  0.14258887E-36
  0.79000000E+01 -0.47329724E-23  0.14096777E-36
  0.80000000E+01 -0.46312588E-23  0.13792661E-36
  0.81000000E+01 -0.45323948E-23  0.13556127E-36
  0.82000000E+01 -0.44362925E-23  0.13338361E-36
  0.83000000E+01 -0.43428663E-23  0.13060424E-36
  0.84000000E+01 -0.42520331E-23  0.12913066E-36
  0.85000000E+01 -0.41637123E-23  0.12713674E-36
  0.86000000E+01 -0.40778254E-23  0.12379106E-36
  0.87000000E+01 -0.39942963E-23  0.12272803E-36
  0.88000000E+01 -0.39130512E-23  0.12033691E-36
  0.89000000E+01 -0.38340188E-23  0.11827162E-36
  0.90000000E+01 -0.37571295E-23  0.11661152E-36
  0.91000000E+01 -0.36823163E-23  0.11445692E-36
  0.92000000E+01 -0.36095142E-23  0.11285895E-36
  0.93000000E+01 -0.35386601E-23  0.11109290E-36
  0.94000000E+01 -0.34696932E-23  0.10935637E-36
  0.95000000E+01 -0.34025545E-23  0.10784486E-36
  0.96000000E+01 -0.33371869E-23  0.10598176E-36
  0.97000000E+01 -0.32735352E-23  0.10425027E-36
  0.98000000E+01 -0.32115462E-23  0.10251949E-36
  0.99000000E+01 -0.31511681E-23  0.10138350E-36
  0.10000000E+02 -0.30923511E-23  0.99466989E-37
  0.10100000E+02 -0.30350469E-23  0.97937004E-37
  0.10200000E+02 -0.29792089E-23  0.96806601E-37
  0.10300000E+02 -0.29247921E-23  0.94892833E-37
  0.10400000E+02 -0.28717528E-23  0.93483688E-37
  0.10500000E+02 -0.28200489E-23  0.92302738E-37
  0.10600000E+02 -0.27696398E-23  0.90807357E-37
  0.10700000E+02 -0.27204862E-23  0.89179840E-37
  0.10800000E+02 -0.26725499E-23  0.88133193E-37
  0.10900000E+02 -0.26257943E-23  0.87024515E-37
  0.11000000E+02 -0.25801839E-23  0.85187831E-37
  0.11100000E+02 -0.25356844E-23  0.84143519E-37
  0.11200000E+02 -0.24922626E-23  0.82801360E-37
  0.11300000E+02 -0.24498865E-23  0.81627782E-37
  0.11400000E+02 -0.24085251E-23  0.80743472E-37
  0.11500000E+02 -0.23681484E-23  0.79429894E-37
  0.11600000E+02 -0.23287275E-23  0.78531868E-37
  0.11700000E+02 -0.22902346E-23  0.76997899E-37
  0.11800000E+02 -0.22526424E-23  0.76454148E-37
  0.11900000E+02 -0.22159249E-23  0.74996428E-37
  0.12000000E+02 -0.21800567E-23  0.74088359E-37
  0.12100000E+02 -0.21450136E-23  0.72957674E-37
  0.12200000E+02 -0.21107717E-23  0.71961356E-37
  0.12300000E+02 -0.20773083E-23  0.71142380E-37
  0.12400000E+02 -0.20446013E-23  0.70051504E-37
  0.12500000E+02 -0.20126293E-23  0.68840533E-37
  0.12600000E+02 -0.19813715E-23  0.68404425E-37
  0.12700000E+02 -0.19508080E-23  0.67533677E-37
  0.12800000E+02 -0.19209195E-23  0.66376198E-37
  0.12900000E+02 -0.18916871E-23  0.65631027E-37
  0.13000000E+02 -0.18630928E-23  0.65048725E-37
  0.13100000E+02 -0.18351190E-23  0.64301714E-37
  0.13200000E+02 -0.18077488E-23  0.63207970E-37
  0.13300000E+02 -0.17809656E-23  0.62348110E-37
  0.13400000E+02 -0.17547537E-23  0.61341172E-37
  0.13500000E+02 -0.17290975E-23  0.60863712E-37
  0.13600000E+02 -0.17039821E-23  0.60027948E-37
  0.13700000E+02 -0.16793932E-23  0.59302053E-37
  0.13800000E+02 -0.16553167E-23  0.58428371E-37
  0.13900000E+02 -0.16317390E-23  0.57599023E-37
  0.14000000E+02 -0.16086470E-23  0.57024911E-37
  0.14100000E+02 -0.15860279E-23  0.56231815E-37
  0.14200000E+02 -0.15638695E-23  0.55332688E-37
  0.14300000E+02 -0.15421598E-23  0.54956192E-37
  0.14400000E+02 -0.15208872E-23  0.54223925E-37
  0.14500000E+02 -0.15000404E-23  0.53674262E-37
  0.14600000E+02 -0.14796087E-23  0.52922130E-37
  0.14700000E+02 -0.14595813E-23  0.52414169E-37
  0.14800000E+02 -0.14399480E-23  0.51621462E-37
  0.14900000E+02 -0.14206991E-23  0.51187785E-37
  0.15000000E+02 -0.14018247E-23  0.50649789E-37
  0.15100000E+02 -0.13833155E-23  0.49859902E-37
  0.15200000E+02 -0.13651626E-23  0.49278555E-37
  0.15300000E+02 -0.13473570E-23  0.48790436E-37
  0.15400000E+02 -0.13298903E-23  0.48171632E-37
  0.15500000E+02 -0.13127541E-23  0.47643302E-37
  0.15600000E+02 -0.12959404E-23  0.46939150E-37
  0.15700000E+02 -0.12794414E-23  0.46608620E-37
  0.15800000E+02 -0.12632495E-23  0.45980333E-37
  0.15900000E+02 -0.12473573E-23  0.45590200E-37
  0.16000000E+02 -0.12317577E-23  0.44905116E-37
  0.16100000E+02 -0.12164438E-23  0.44477962E-37
  0.16200000E+02 -0.12014087E-23  0.43981078E-37
  0.16300000E+02 -0.11866459E-23  0.43383769E-37
  0.16400000E+02 -0.11721491E-23  0.42869207E-37
  0.16500000E+02 -0.11579120E-23  0.42517625E-37
  0.16600000E+02 -0.11439287E-23  0.42038056E-37
  0.16700000E+02 -0.11301932E-23  0.41607611E-37
  0.16800000E+02 -0.11166999E-23  0.41136936E-37
  0.16900000E+02 -0.11034432E-23  0.40826767E-37
  0.17000000E+02 -0.10904179E-23  0.40482591E-37
  0.17100000E+02 -0.10776185E-23  0.39796199E-37
  0.17200000E+02 -0.10650401E-23  0.39309874E-37
  0.17300000E+02 -0.10526777E-23  0.38998125E-37
  0.17400000E+02 -0.10405265E-23  0.38588860E-37
  0.17500000E+02 -0.10285817E-23  0.38314969E-37
  0.17600000E+02 -0.10168389E-23  0.37747938E-37
  0.17700000E+02 -0.10052936E-23  0.37401902E-37
  0.17800000E+02 -0.99394143E-24  0.37069436E-37
  0.17900000E+02 -0.98277825E-24  0.36782770E-37
  0.18000000E+02 -0.97179993E-24  0.36275078E-37
  0.18100000E+02 -0.96100250E-24  0.35957247E-37
  0.18200000E+02 -0.95038206E-24  0.35551858E-37
  0.18300000E+02 -0.93993484E-24  0.35179493E-37
  0.18400000E+02 -0.92965716E-24  0.34892161E-37
  0.18500000E+02 -0.91954542E-24  0.34504289E-37
  0.18600000E+02 -0.90959613E-24  0.34190001E-37
  0.18700000E+02 -0.89980589E-24  0.33829739E-37
  0.18800000E+02 -0.89017137E-24  0.33463442E-37
  0.18900000E+02 -0.88068934E-24  0.33160606E-37
  0.19000000E+02 -0.87135665E-24  0.32894307E-37
  0.19100000E+02 -0.86217021E-24  0.32464099E-37
  0.19200000E+02 -0.85312705E-24  0.32232253E-37
  0.19300000E+02 -0.84422423E-24  0.31893773E-37
  0.19400000E+02 -0.83545890E-24  0.31716078E-37
  0.19500000E+02 -0.82682829E-24  0.31368555E-37
  0.19600000E+02 -0.81832969E-24  0.31008844E-37
  0.19700000E+02 -0.80996045E-24  0.30819052E-37
  0.19800000E+02 -0.80171800E-24  0.30566910E-37
  0.19900000E+02 -0.79359981E-24  0.30222793E-37
  0.20000000E+02 -0.78560344E-24  0.29961939E-37
  0.20100000E+02 -0.77772649E-24  0.29568235E-37
  0.20200000E+02 -0.76996662E-24  0.29382665E-37
  0.20300000E+02 -0.76232155E-24  0.29028572E-37
  0.20400000E+02 -0.75478904E-24  0.28919170E-37
  0.20500000E+02 -0.74736694E-24  0.28548458E-37
  0.20600000E+02 -0.74005311E-24  0.28289254E-37
  0.20700000E+02 -0.73284548E-24  0.27989187E-37
  0.20800000E+02 -0.72574203E-24  0.27695866E-37
  0.20900000E+02 -0.71874077E-24  0.27494777E-37
  0.21000000E+02 -0.71183979E-24  0.27254200E-37
  0.21100000E+02 -0.70503718E-24  0.27044221E-37
  0.21200000E+02 -0.69833111E-24  0.26827801E-37
  0.21300000E+02 -0.69171979E-24  0.26563621E-37
  0.21400000E+02 -0.68520143E-24  0.26364505E-37
  0.21500000E+02 -0.67877434E-24  0.26117777E-37
  0.21600000E+02 -0.67243683E-24  0.25889013E-37
  0.21700000E+02 -0.66618726E-24  0.25626190E-37
  0.21800000E+02 -0.66002401E-24  0.25440421E-37
  0.21900000E+02 -0.65394553E-24  0.25184937E-37
  0.22000000E+02 -0.64795028E-24  0.24985417E-37
  0.22100000E+02 -0.64203675E-24  0.24805438E-37
  0.22200000E+02 -0.63620349E-24  0.24588452E-37
  0.22300000E+02 -0.63044906E-24  0.24374016E-37
  0.22400000E+02 -0.62477204E-24  0.24045312E-37
  0.22500000E+02 -0.61917108E-24  0.23949665E-37
  0.22600000E+02 -0.61364483E-24  0.23716993E-37
  0.22700000E+02 -0.60819198E-24  0.23554706E-37
  0.22800000E+02 -0.60281124E-24  0.23356997E-37
  0.22900000E+02 -0.59750135E-24  0.23152124E-37
  0.23000000E+02 -0.59226109E-24  0.22934021E-37
  0.23100000E+02 -0.58708925E-24  0.22734944E-37
  0.23200000E+02 -0.58198465E-24  0.22599549E-37
  0.23300000E+02 -0.57694615E-24  0.22480177E-37
  0.23400000E+02 -0.57197260E-24  0.22288391E-37
  0.23500000E+02 -0.56706291E-24  0.22093584E-37
  0.23600000E+02 -0.56221600E-24  0.21867241E-37
  0.23700000E+02 -0.55743080E-24  0.21653733E-37
  0.23800000E+02 -0.55270628E-24  0.21584682E-37
  0.23900000E+02 -0.54804142E-24  0.21246095E-37
  0.24000000E+02 -0.54343523E-24  0.21210950E-37
  0.24100000E+02 -0.53888674E-24  0.20967922E-37
  0.24200000E+02 -0.53439498E-24  0.20797730E-37
  0.24300000E+02 -0.52995903E-24  0.20640383E-37
  0.24400000E+02 -0.52557797E-24  0.20519286E-37
  0.24500000E+02 -0.52125090E-24  0.20339793E-37
  0.24600000E+02 -0.51697694E-24  0.20176096E-37
  0.24700000E+02 -0.51275524E-24  0.20106211E-37
  0.24800000E+02 -0.50858494E-24  0.19844008E-37
  0.24900000E+02 -0.50446522E-24  0.19749307E-37
  0.25000000E+02 -0.50039527E-24  0.19576839E-37
  0.25100000E+02 -0.49637430E-24  0.19442689E-37
  0.25200000E+02 -0.49240152E-24  0.19316678E-37
  0.25300000E+02 -0.48847617E-24  0.19165911E-37
  0.25400000E+02 -0.48459751E-24  0.18987757E-37
  0.25500000E+02 -0.48076479E-24  0.18840418E-37
  0.25600000E+02 -0.47697730E-24  0.18732071E-37
  0.25700000E+02 -0.47323434E-24  0.18661213E-37
  0.25800000E+02 -0.46953520E-24  0.18389141E-37
  0.25900000E+02 -0.46587922E-24  0.18322581E-37
  0.26000000E+02 -0.46226572E-24  0.18290745E-37
  0.26100000E+02 -0.45869405E-24  0.17962284E-37
  0.26200000E+02 -0.45516358E-24  0.17912043E-37
  0.26300000E+02 -0.45167366E-24  0.17744702E-37
  0.26400000E+02 -0.44822370E-24  0.17659778E-37
  0.26500000E+02 -0.44481307E-24  0.17573637E-37
  0.26600000E+02 -0.44144119E-24  0.17329722E-37
  0.26700000E+02 -0.43810747E-24  0.17301616E-37
  0.26800000E+02 -0.43481134E-24  0.17189001E-37
  0.26900000E+02 -0.43155225E-24  0.17034362E-37
  0.27000000E+02 -0.42832963E-24  0.16920796E-37
  0.27100000E+02 -0.42514296E-24  0.16794647E-37
  0.27200000E+02 -0.42199169E-24  0.16703909E-37
  0.27300000E+02 -0.41887530E-24  0.16608963E-37
  0.27400000E+02 -0.41579330E-24  0.16405496E-37
  0.27500000E+02 -0.41274516E-24  0.16292212E-37
  0.27600000E+02 -0.40973041E-24  0.16210756E-37
  0.27700000E+02 -0.40674855E-24  0.16135701E-37
  0.27800000E+02 -0.40379911E-24  0.15961301E-37
  0.27900000E+02 -0.40088162E-24  0.15902204E-37
  0.28000000E+02 -0.39799563E-24  0.15827535E-37
  0.28100000E+02 -0.39514068E-24  0.15671991E-37
  0.28200000E+02 -0.39231633E-24  0.15549011E-37
  0.28300000E+02 -0.38952215E-24  0.15398630E-37
  0.28400000E+02 -0.38675771E-24  0.15343785E-37
  0.28500000E+02 -0.38402258E-24  0.15275993E-37
  0.28600000E+02 -0.38131636E-24  0.15128185E-37
  0.28700000E+02 -0.37863865E-24  0.15044664E-37
  0.28800000E+02 -0.37598904E-24  0.14957868E-37
  0.28900000E+02 -0.37336714E-24  0.14727091E-37
  0.29000000E+02 -0.37077257E-24  0.14793449E-37
  0.29100000E+02 -0.36820495E-24  0.14656187E-37
  0.29200000E+02 -0.36566391E-24  0.14560438E-37
  0.29300000E+02 -0.36314908E-24  0.14434222E-37
  0.29400000E+02 -0.36066011E-24  0.14359783E-37
  0.29500000E+02 -0.35819664E-24  0.14234970E-37
  0.29600000E+02 -0.35575833E-24  0.14113399E-37
  0.29700000E+02 -0.35334484E-24  0.14113132E-37
  0.29800000E+02 -0.35095582E-24  0.14002134E-37
  0.29900000E+02 -0.34859096E-24  0.13867506E-37
  0.30000000E+02 -0.34624992E-24  0.13798429E-37
  0.30100000E+02 -0.34393240E-24  0.13687091E-37
  0.30200000E+02 -0.34163807E-24  0.13684606E-37
  0.30300000E+02 -0.33936662E-24  0.13515127E-37
  0.30400000E+02 -0.33711776E-24  0.13409007E-37
  0.30500000E+02 -0.33489119E-24  0.13398555E-37
  0.30600000E+02 -0.33268661E-24  0.13238065E-37
  0.30700000E+02 -0.33050373E-24  0.13230753E-37
  0.30800000E+02 -0.32834228E-24  0.13125764E-37
  0.30900000E+02 -0.32620197E-24  0.13067025E-37
  0.31000000E+02 -0.32408252E-24  0.12916740E-37
  0.31100000E+02 -0.32198367E-24  0.12831510E-37
  0.31200000E+02 -0.31990516E-24  0.12760301E-37
  0.31300000E+02 -0.31784672E-24  0.12712095E-37
  0.31400000E+02 -0.31580808E-24  0.12676716E-37
  0.31500000E+02 -0.31378901E-24  0.12592444E-37
  0.31600000E+02 -0.31178925E-24  0.12492540E-37
  0.31700000E+02 -0.30980856E-24  0.12410488E-37
  0.31800000E+02 -0.30784668E-24  0.12375864E-37
  0.31900000E+02 -0.30590340E-24  0.12245718E-37
  0.32000000E+02 -0.30397847E-24  0.12185418E-37
  0.32100000E+02 -0.30207166E-24  0.12131764E-37
  0.32200000E+02 -0.30018274E-24  0.12084013E-37
  0.32300000E+02 -0.29831150E-24  0.11982910E-37
  0.32400000E+02 -0.29645772E-24  0.11887498E-37
  0.32500000E+02 -0.29462116E-24  0.11825112E-37
  0.32600000E+02 -0.29280164E-24  0.11665685E-37
  0.32700000E+02 -0.29099893E-24  0.11688060E-37
  0.32800000E+02 -0.28921282E-24  0.11661524E-37
  0.32900000E+02 -0.28744312E-24  0.11525493E-37
  0.33000000E+02 -0.28568963E-24  0.11437358E-37
  0.33100000E+02 -0.28395214E-24  0.11433072E-37
  0.33200000E+02 -0.28223047E-24  0.11330905E-37
  0.33300000E+02 -0.28052441E-24  0.11237047E-37
  0.33400000E+02 -0.27883380E-24  0.11200271E-37
  0.33500000E+02 -0.27715843E-24  0.11119343E-37
  0.33600000E+02 -0.27549812E-24  0.11085092E-37
  0.33700000E+02 -0.27385270E-24  0.11011871E-37
  0.33800000E+02 -0.27222199E-24  0.10953846E-37
  0.33900000E+02 -0.27060582E-24  0.10868831E-37
  0.34000000E+02 -0.26900400E-24  0.10786920E-37
  0.34100000E+02 -0.26741638E-24  0.10789136E-37
  0.34200000E+02 -0.26584278E-24  0.10689143E-37
  0.34300000E+02 -0.26428304E-24  0.10587937E-37
  0.34400000E+02 -0.26273700E-24  0.10536790E-37
  0.34500000E+02 -0.26120450E-24  0.10496761E-37
  0.34600000E+02 -0.25968537E-24  0.10405343E-37
  0.34700000E+02 -0.25817947E-24  0.10365323E-37
  0.34800000E+02 -0.25668665E-24  0.10346461E-37
  0.34900000E+02 -0.25520674E-24  0.10318460E-37
  0.35000000E+02 -0.25373961E-24  0.10208509E-37
  0.35100000E+02 -0.25228511E-24  0.10180118E-37
  0.35200000E+02 -0.25084308E-24  0.10132520E-37
  0.35300000E+02 -0.24941340E-24  0.10030160E-37
  0.35400000E+02 -0.24799591E-24  0.10000560E-37
  0.35500000E+02 -0.24659049E-24  0.99001207E-38
  0.35600000E+02 -0.24519698E-24  0.98405692E-38
  0.35700000E+02 -0.24381527E-24  0.98309840E-38
  0.35800000E+02 -0.24244522E-24  0.98233537E-38
  0.35900000E+02 -0.24108669E-24  0.97407902E-38
  0.36000000E+02 -0.23973955E-24  0.96515805E-38
  0.36100000E+02 -0.23840369E-24  0.96226897E-38
  0.36200000E+02 -0.23707898E-24  0.95729756E-38
  0.36300000E+02 -0.23576528E-24  0.95046010E-38
  0.36400000E+02 -0.23446248E-24  0.94237822E-38
  0.36500000E+02 -0.23317047E-24  0.94038435E-38
  0.36600000E+02 -0.23188911E-24  0.93585630E-38
  0.36700000E+02 -0.23061829E-24  0.92990956E-38
  0.36800000E+02 -0.22935791E-24  0.92320636E-38
  0.36900000E+02 -0.22810784E-24  0.92630745E-38
  0.37000000E+02 -0.22686797E-24  0.91493181E-38
  0.37100000E+02 -0.22563819E-24  0.91086499E-38
  0.37200000E+02 -0.22441839E-24  0.90898142E-38
  0.37300000E+02 -0.22320847E-24  0.90270622E-38
  0.37400000E+02 -0.22200832E-24  0.89494599E-38
  0.37500000E+02 -0.22081783E-24  0.89442107E-38
  0.37600000E+02 -0.21963690E-24  0.89053557E-38
  0.37700000E+02 -0.21846542E-24  0.88454808E-38
  0.37800000E+02 -0.21730331E-24  0.88254907E-38
  0.37900000E+02 -0.21615045E-24  0.87085005E-38
  0.38000000E+02 -0.21500675E-24  0.87375029E-38
  0.38100000E+02 -0.21387211E-24  0.86746799E-38
  0.38200000E+02 -0.21274644E-24  0.86494891E-38
  0.38300000E+02 -0.21162964E-24  0.85296394E-38
  0.38400000E+02 -0.21052162E-24  0.85278901E-38
  0.38500000E+02 -0.20942229E-24  0.84737966E-38
  0.38600000E+02 -0.20833156E-24  0.83864914E-38
  0.38700000E+02 -0.20724933E-24  0.84270120E-38
  0.38800000E+02 -0.20617553E-24  0.83742345E-38
  0.38900000E+02 -0.20511006E-24  0.83030633E-38
  0.39000000E+02 -0.20405283E-24  0.82598847E-38
  0.39100000E+02 -0.20300377E-24  0.82247500E-38
  0.39200000E+02 -0.20196278E-24  0.81555699E-38
  0.39300000E+02 -0.20092979E-24  0.81557629E-38
  0.39400000E+02 -0.19990471E-24  0.80888195E-38
  0.39500000E+02 -0.19888746E-24  0.80784848E-38
  0.39600000E+02 -0.19787797E-24  0.80196350E-38
  0.39700000E+02 -0.19687615E-24  0.80185255E-38
  0.39800000E+02 -0.19588193E-24  0.79522703E-38
  0.39900000E+02 -0.19489522E-24  0.78787618E-38
  0.40000000E+02 -0.19391597E-24  0.78548705E-38
