  0.00000000E+00 -0.34680493E-23 -0.10275812E-38
  0.10000000E+00 -0.34654121E-23 -0.10090901E-38
  0.20000000E+00 -0.34575483E-23 -0.98973111E-39
  0.30000000E+00 -0.34445916E-23 -0.10048233E-38
  0.40000000E+00 -0.34267359E-23 -0.95074656E-39
  0.50000000E+00 -0.34042095E-23 -0.89958931E-39
  0.60000000E+00 -0.33772591E-23 -0.81957139E-39
  0.70000000E+00 -0.33461461E-23 -0.77238607E-39
  0.80000000E+00 -0.33111505E-23 -0.72309558E-39
  0.90000000E+00 -0.32725740E-23 -0.63968666E-39
  0.10000000E+01 -0.32307415E-23 -0.55692000E-39
  0.11000000E+01 -0.31859967E-23 -0.46515674E-39
  0.12000000E+01 -0.31386950E-23 -0.35244481E-39
  0.13000000E+01 -0.30891947E-23 -0.25996225E-39
  0.14000000E+01 -0.30378489E-23 -0.19745600E-39
  0.15000000E+01 -0.29849976E-23 -0.94835692E-40
  0.16000000E+01 -0.29309628E-23 -0.30148429E-40
  0.17000000E+01 -0.28760443E-23 -0.70169966E-41
  0.18000000E+01 -0.28205172E-23  0.65792863E-40
  0.19000000E+01 -0.27646313E-23  0.13384358E-39
  0.20000000E+01 -0.27086107E-23  0.16159759E-39
  0.21000000E+01 -0.26526544E-23  0.25125967E-39
  0.22000000E+01 -0.25969378E-23  0.26654998E-39
  0.23000000E+01 -0.25416137E-23  0.29993117E-39
  0.24000000E+01 -0.24868141E-23  0.34736116E-39
  0.25000000E+01 -0.24326522E-23  0.37102891E-39
  0.26000000E+01 -0.23792235E-23  0.37152738E-39
  0.27000000E+01 -0.23266081E-23  0.41808796E-39
  0.28000000E+01 -0.22748719E-23  0.43249028E-39
  0.29000000E+01 -0.22240684E-23  0.47296290E-39
  0.30000000E+01 -0.21742400E-23  0.45903390E-39
  0.31000000E+01 -0.21254193E-23  0.47159324E-39
  0.32000000E+01 -0.20776305E-23  0.45993602E-39
  0.33000000E+01 -0.20308900E-23  0.47128330E-39
  0.34000000E+01 -0.19852081E-23  0.48387610E-39
  0.35000000E+01 -0.19405892E-23  0.47360903E-39
  0.36000000E+01 -0.18970330E-23  0.47880909E-39
  0.37000000E+01 -0.18545350E-23  0.48964577E-39
  0.38000000E+01 -0.18130874E-23  0.49807126E-39
  0.39000000E+01 -0.17726792E-23  0.47328655E-39
  0.40000000E+01 -0.17332971E-23  0.49125994E-39
  0.41000000E+01 -0.16949257E-23  0.45092975E-39
  0.42000000E+01 -0.16575479E-23  0.47350012E-39
  0.43000000E+01 -0.16211453E-23  0.46551837E-39
  0.44000000E+01 -0.15856984E-23  0.46156476E-39
  0.45000000E+01 -0.15511867E-23  0.46894726E-39
  0.46000000E+01 -0.15175895E-23  0.45137164E-39
  0.47000000E+01 -0.14848853E-23  0.44697925E-39
  0.48000000E+01 -0.14530523E-23  0.45361581E-39
  0.49000000E+01 -0.14220689E-23  0.42259620E-39
  0.50000000E+01 -0.13919131E-23  0.43442178E-39
  0.51000000E+01 -0.13625632E-23  0.41644428E-39
  0.52000000E+01 -0.13339976E-23  0.40793044E-39
  0.53000000E+01 -0.13061947E-23  0.41759489E-39
  0.54000000E+01 -0.12791335E-23  0.40982592E-39
  0.55000000E+01 -0.12527931E-23  0.39984207E-39
  0.56000000E+01 -0.12271530E-23  0.39021079E-39
  0.57000000E+01 -0.12021933E-23  0.38331639E-39
  0.58000000E+01 -0.11778942E-23  0.38437721E-39
  0.59000000E+01 -0.11542365E-23  0.36446746E-39
  0.60000000E+01 -0.11312014E-23  0.36978094E-39
  0.61000000E+01 -0.11087706E-23  0.36938441E-39
  0.62000000E+01 -0.10869263E-23  0.34752405E-39
  0.63000000E+01 -0.10656510E-23  0.34617353E-39
  0.64000000E+01 -0.10449280E-23  0.32684912E-39
  0.65000000E+01 -0.10247406E-23  0.33281300E-39
  0.66000000E+01 -0.10050731E-23  0.32052537E-39
  0.67000000E+01 -0.98590978E-24  0.32585872E-39
  0.68000000E+01 -0.96723570E-24  0.31659585E-39
  0.69000000E+01 -0.94903624E-24  0.30347276E-39
  0.70000000E+01 -0.93129724E-24  0.30627632E-39
  0.71000000E+01 -0.91400497E-24  0.30180460E-39
  0.72000000E+01 -0.89714612E-24  0.28996305E-39
  0.73000000E+01 -0.88070782E-24  0.29470176E-39
  0.74000000E+01 -0.86467757E-24  0.28257001E-39
  0.75000000E+01 -0.84904328E-24  0.27468989E-39
  0.76000000E+01 -0.83379325E-24  0.27683083E-39
  0.77000000E+01 -0.81891615E-24  0.26343058E-39
  0.78000000E+01 -0.80440099E-24  0.26256442E-39
  0.79000000E+01 -0.79023717E-24  0.26521773E-39
  0.80000000E+01 -0.77641439E-24  0.25909316E-39
  0.81000000E+01 -0.76292272E-24  0.25535694E-39
  0.82000000E+01 -0.74975253E-24  0.24572303E-39
  0.83000000E+01 -0.73689450E-24  0.24809494E-39
  0.84000000E+01 -0.72433961E-24  0.23373855E-39
  0.85000000E+01 -0.71207914E-24  0.24017018E-39
  0.86000000E+01 -0.70010465E-24  0.22819260E-39
  0.87000000E+01 -0.68840796E-24  0.22532159E-39
  0.88000000E+01 -0.67698118E-24  0.22387495E-39
  0.89000000E+01 -0.66581665E-24  0.21943449E-39
  0.90000000E+01 -0.65490697E-24  0.21129137E-39
  0.91000000E+01 -0.64424497E-24  0.21095617E-39
  0.92000000E+01 -0.63382371E-24  0.20351376E-39
  0.93000000E+01 -0.62363649E-24  0.20563981E-39
  0.94000000E+01 -0.61367680E-24  0.19875716E-39
  0.95000000E+01 -0.60393834E-24  0.19952507E-39
  0.96000000E+01 -0.59441504E-24  0.19510457E-39
  0.97000000E+01 -0.58510098E-24  0.19006050E-39
  0.98000000E+01 -0.57599047E-24  0.19276947E-39
  0.99000000E+01 -0.56707796E-24  0.18393903E-39
  0.10000000E+02 -0.55835811E-24  0.18433089E-39
  0.10100000E+02 -0.54982572E-24  0.17701559E-39
  0.10200000E+02 -0.54147578E-24  0.17711679E-39
  0.10300000E+02 -0.53330340E-24  0.17407894E-39
  0.10400000E+02 -0.52530387E-24  0.17136254E-39
  0.10500000E+02 -0.51747263E-24  0.16344975E-39
  0.10600000E+02 -0.50980524E-24  0.16522939E-39
  0.10700000E+02 -0.50229741E-24  0.16524821E-39
  0.10800000E+02 -0.49494498E-24  0.15809693E-39
  0.10900000E+02 -0.48774392E-24  0.15525629E-39
  0.11000000E+02 -0.48069030E-24  0.15762519E-39
  0.11100000E+02 -0.47378035E-24  0.15703637E-39
  0.11200000E+02 -0.46701039E-24  0.15160398E-39
  0.11300000E+02 -0.46037684E-24  0.14908692E-39
  0.11400000E+02 -0.45387625E-24  0.14789645E-39
  0.11500000E+02 -0.44750526E-24  0.14727968E-39
  0.11600000E+02 -0.44126062E-24  0.14358188E-39
  0.11700000E+02 -0.43513916E-24  0.14257295E-39
  0.11800000E+02 -0.42913783E-24  0.14048782E-39
  0.11900000E+02 -0.42325364E-24  0.13571169E-39
  0.12000000E+02 -0.41748371E-24  0.13572836E-39
  0.12100000E+02 -0.41182523E-24  0.13380061E-39
  0.12200000E+02 -0.40627548E-24  0.13557642E-39
  0.12300000E+02 -0.40083182E-24  0.13072086E-39
  0.12400000E+02 -0.39549168E-24  0.12711856E-39
  0.12500000E+02 -0.39025257E-24  0.12557927E-39
  0.12600000E+02 -0.38511206E-24  0.12306954E-39
  0.12700000E+02 -0.38006781E-24  0.12338129E-39
  0.12800000E+02 -0.37511752E-24  0.12282315E-39
  0.12900000E+02 -0.37025898E-24  0.11838897E-39
  0.13000000E+02 -0.36549002E-24  0.11874721E-39
  0.13100000E+02 -0.36080856E-24  0.11777558E-39
  0.13200000E+02 -0.35621254E-24  0.11254917E-39
  0.13300000E+02 -0.35169998E-24  0.11420692E-39
  0.13400000E+02 -0.34726897E-24  0.11428792E-39
  0.13500000E+02 -0.34291762E-24  0.11572429E-39
  0.13600000E+02 -0.33864410E-24  0.10764666E-39
  0.13700000E+02 -0.33444666E-24  0.10754915E-39
  0.13800000E+02 -0.33032355E-24  0.10593349E-39
  0.13900000E+02 -0.32627312E-24  0.10719582E-39
  0.14000000E+02 -0.32229371E-24  0.10536126E-39
  0.14100000E+02 -0.31838374E-24  0.10241829E-39
  0.14200000E+02 -0.31454167E-24  0.10293424E-39
  0.14300000E+02 -0.31076599E-24  0.99160622E-40
  0.14400000E+02 -0.30705523E-24  0.99682228E-40
  0.14500000E+02 -0.30340798E-24  0.95866011E-40
  0.14600000E+02 -0.29982283E-24  0.93758758E-40
  0.14700000E+02 -0.29629845E-24  0.95705927E-40
  0.14800000E+02 -0.29283350E-24  0.95234585E-40
  0.14900000E+02 -0.28942672E-24  0.94892426E-40
  0.15000000E+02 -0.28607685E-24  0.90369046E-40
  0.15100000E+02 -0.28278266E-24  0.91787850E-40
  0.15200000E+02 -0.27954299E-24  0.90443097E-40
  0.15300000E+02 -0.27635667E-24  0.86736685E-40
  0.15400000E+02 -0.27322257E-24  0.87826259E-40
  0.15500000E+02 -0.27013960E-24  0.86600741E-40
  0.15600000E+02 -0.26710670E-24  0.87096656E-40
  0.15700000E+02 -0.26412280E-24  0.85170237E-40
  0.15800000E+02 -0.26118691E-24  0.85295460E-40
  0.15900000E+02 -0.25829803E-24  0.81954240E-40
  0.16000000E+02 -0.25545519E-24  0.81962312E-40
  0.16100000E+02 -0.25265745E-24  0.81461575E-40
  0.16200000E+02 -0.24990390E-24  0.79899112E-40
  0.16300000E+02 -0.24719363E-24  0.78965185E-40
  0.16400000E+02 -0.24452576E-24  0.78738992E-40
  0.16500000E+02 -0.24189946E-24  0.79325818E-40
  0.16600000E+02 -0.23931388E-24  0.76637789E-40
  0.16700000E+02 -0.23676821E-24  0.76182709E-40
  0.16800000E+02 -0.23426166E-24  0.76387351E-40
  0.16900000E+02 -0.23179346E-24  0.75390202E-40
  0.17000000E+02 -0.22936285E-24  0.72717093E-40
  0.17100000E+02 -0.22696909E-24  0.73089884E-40
  0.17200000E+02 -0.22461146E-24  0.72099721E-40
  0.17300000E+02 -0.22228927E-24  0.70862999E-40
  0.17400000E+02 -0.22000182E-24  0.70364844E-40
  0.17500000E+02 -0.21774844E-24  0.68201980E-40
  0.17600000E+02 -0.21552848E-24  0.67630120E-40
  0.17700000E+02 -0.21334131E-24  0.67547845E-40
  0.17800000E+02 -0.21118628E-24  0.67284333E-40
  0.17900000E+02 -0.20906281E-24  0.67066622E-40
  0.18000000E+02 -0.20697029E-24  0.65601871E-40
  0.18100000E+02 -0.20490813E-24  0.63763295E-40
  0.18200000E+02 -0.20287577E-24  0.64578913E-40
  0.18300000E+02 -0.20087265E-24  0.65035302E-40
  0.18400000E+02 -0.19889823E-24  0.63713412E-40
  0.18500000E+02 -0.19695198E-24  0.61588963E-40
  0.18600000E+02 -0.19503338E-24  0.62236668E-40
  0.18700000E+02 -0.19314192E-24  0.60664186E-40
  0.18800000E+02 -0.19127710E-24  0.60343003E-40
  0.18900000E+02 -0.18943844E-24  0.60263548E-40
  0.19000000E+02 -0.18762546E-24  0.58513044E-40
  0.19100000E+02 -0.18583771E-24  0.58331849E-40
  0.19200000E+02 -0.18407472E-24  0.58628286E-40
  0.19300000E+02 -0.18233605E-24  0.58465673E-40
  0.19400000E+02 -0.18062126E-24  0.57979578E-40
  0.19500000E+02 -0.17892994E-24  0.55054103E-40
  0.19600000E+02 -0.17726167E-24  0.56958849E-40
  0.19700000E+02 -0.17561603E-24  0.55313194E-40
  0.19800000E+02 -0.17399264E-24  0.56899840E-40
  0.19900000E+02 -0.17239109E-24  0.54349685E-40
  0.20000000E+02 -0.17081102E-24  0.55327955E-40
  0.20100000E+02 -0.16925205E-24  0.53631762E-40
  0.20200000E+02 -0.16771380E-24  0.52645088E-40
  0.20300000E+02 -0.16619593E-24  0.53296767E-40
  0.20400000E+02 -0.16469809E-24  0.53559137E-40
  0.20500000E+02 -0.16321993E-24  0.51093945E-40
  0.20600000E+02 -0.16176111E-24  0.51958748E-40
  0.20700000E+02 -0.16032131E-24  0.51213040E-40
  0.20800000E+02 -0.15890020E-24  0.50835089E-40
  0.20900000E+02 -0.15749748E-24  0.49999787E-40
  0.21000000E+02 -0.15611283E-24  0.49741342E-40
  0.21100000E+02 -0.15474594E-24  0.48203494E-40
  0.21200000E+02 -0.15339653E-24  0.47931647E-40
  0.21300000E+02 -0.15206430E-24  0.48273472E-40
  0.21400000E+02 -0.15074897E-24  0.46897205E-40
  0.21500000E+02 -0.14945026E-24  0.47213283E-40
  0.21600000E+02 -0.14816789E-24  0.47798062E-40
  0.21700000E+02 -0.14690161E-24  0.47238242E-40
  0.21800000E+02 -0.14565114E-24  0.46571442E-40
  0.21900000E+02 -0.14441623E-24  0.46173474E-40
  0.22000000E+02 -0.14319663E-24  0.44653841E-40
  0.22100000E+02 -0.14199209E-24  0.46147286E-40
  0.22200000E+02 -0.14080237E-24  0.43729435E-40
  0.22300000E+02 -0.13962723E-24  0.44414250E-40
  0.22400000E+02 -0.13846644E-24  0.43358258E-40
  0.22500000E+02 -0.13731977E-24  0.42220685E-40
  0.22600000E+02 -0.13618700E-24  0.43654000E-40
  0.22700000E+02 -0.13506791E-24  0.42107501E-40
  0.22800000E+02 -0.13396228E-24  0.43271176E-40
  0.22900000E+02 -0.13286990E-24  0.41992628E-40
  0.23000000E+02 -0.13179057E-24  0.42301951E-40
  0.23100000E+02 -0.13072408E-24  0.41257970E-40
  0.23200000E+02 -0.12967023E-24  0.40125587E-40
  0.23300000E+02 -0.12862883E-24  0.40278718E-40
  0.23400000E+02 -0.12759969E-24  0.40295129E-40
  0.23500000E+02 -0.12658261E-24  0.39431772E-40
  0.23600000E+02 -0.12557742E-24  0.40684843E-40
  0.23700000E+02 -0.12458393E-24  0.39447848E-40
  0.23800000E+02 -0.12360197E-24  0.38484837E-40
  0.23900000E+02 -0.12263135E-24  0.38243658E-40
  0.24000000E+02 -0.12167191E-24  0.38216434E-40
  0.24100000E+02 -0.12072349E-24  0.37014422E-40
  0.24200000E+02 -0.11978591E-24  0.38085388E-40
  0.24300000E+02 -0.11885901E-24  0.36581071E-40
  0.24400000E+02 -0.11794264E-24  0.36791614E-40
  0.24500000E+02 -0.11703664E-24  0.38156425E-40
  0.24600000E+02 -0.11614086E-24  0.36755039E-40
  0.24700000E+02 -0.11525514E-24  0.35855076E-40
  0.24800000E+02 -0.11437934E-24  0.35930296E-40
  0.24900000E+02 -0.11351331E-24  0.35798199E-40
  0.25000000E+02 -0.11265691E-24  0.35364969E-40
  0.25100000E+02 -0.11181000E-24  0.35081653E-40
  0.25200000E+02 -0.11097245E-24  0.34992589E-40
  0.25300000E+02 -0.11014411E-24  0.34399980E-40
  0.25400000E+02 -0.10932486E-24  0.34207014E-40
  0.25500000E+02 -0.10851456E-24  0.33817341E-40
  0.25600000E+02 -0.10771310E-24  0.34589735E-40
  0.25700000E+02 -0.10692033E-24  0.34386086E-40
  0.25800000E+02 -0.10613614E-24  0.33465354E-40
  0.25900000E+02 -0.10536041E-24  0.32652655E-40
  0.26000000E+02 -0.10459301E-24  0.32662273E-40
  0.26100000E+02 -0.10383384E-24  0.32658555E-40
  0.26200000E+02 -0.10308277E-24  0.32189574E-40
  0.26300000E+02 -0.10233969E-24  0.32197079E-40
  0.26400000E+02 -0.10160449E-24  0.32103277E-40
  0.26500000E+02 -0.10087706E-24  0.31348501E-40
  0.26600000E+02 -0.10015730E-24  0.31918711E-40
  0.26700000E+02 -0.99445097E-25  0.31354186E-40
  0.26800000E+02 -0.98740346E-25  0.30993754E-40
  0.26900000E+02 -0.98042947E-25  0.30790249E-40
  0.27000000E+02 -0.97352800E-25  0.30624814E-40
  0.27100000E+02 -0.96669805E-25  0.29954903E-40
  0.27200000E+02 -0.95993866E-25  0.29870307E-40
  0.27300000E+02 -0.95324887E-25  0.29976671E-40
  0.27400000E+02 -0.94662775E-25  0.30062455E-40
  0.27500000E+02 -0.94007437E-25  0.29336701E-40
  0.27600000E+02 -0.93358782E-25  0.28951006E-40
  0.27700000E+02 -0.92716721E-25  0.29524309E-40
  0.27800000E+02 -0.92081166E-25  0.28439794E-40
  0.27900000E+02 -0.91452031E-25  0.29005275E-40
  0.28000000E+02 -0.90829231E-25  0.28705169E-40
  0.28100000E+02 -0.90212681E-25  0.28786251E-40
  0.28200000E+02 -0.89602301E-25  0.28014506E-40
  0.28300000E+02 -0.88998009E-25  0.28810579E-40
  0.28400000E+02 -0.88399725E-25  0.27283027E-40
  0.28500000E+02 -0.87807371E-25  0.27824320E-40
  0.28600000E+02 -0.87220870E-25  0.27493057E-40
  0.28700000E+02 -0.86640147E-25  0.26697898E-40
  0.28800000E+02 -0.86065126E-25  0.26883098E-40
  0.28900000E+02 -0.85495734E-25  0.27418236E-40
  0.29000000E+02 -0.84931898E-25  0.27132715E-40
  0.29100000E+02 -0.84373549E-25  0.26848458E-40
  0.29200000E+02 -0.83820615E-25  0.26105440E-40
  0.29300000E+02 -0.83273028E-25  0.25894701E-40
  0.29400000E+02 -0.82730719E-25  0.25965590E-40
  0.29500000E+02 -0.82193623E-25  0.25731520E-40
  0.29600000E+02 -0.81661673E-25  0.25110527E-40
  0.29700000E+02 -0.81134805E-25  0.25382325E-40
  0.29800000E+02 -0.80612954E-25  0.25546743E-40
  0.29900000E+02 -0.80096059E-25  0.25637595E-40
  0.30000000E+02 -0.79584057E-25  0.24956281E-40
  0.30100000E+02 -0.79076888E-25  0.24720878E-40
  0.30200000E+02 -0.78574492E-25  0.24146118E-40
  0.30300000E+02 -0.78076809E-25  0.24527776E-40
  0.30400000E+02 -0.77583781E-25  0.24560865E-40
  0.30500000E+02 -0.77095353E-25  0.24738753E-40
  0.30600000E+02 -0.76611466E-25  0.23984570E-40
  0.30700000E+02 -0.76132066E-25  0.23489561E-40
  0.30800000E+02 -0.75657098E-25  0.23850775E-40
  0.30900000E+02 -0.75186508E-25  0.24183543E-40
  0.31000000E+02 -0.74720243E-25  0.23687338E-40
  0.31100000E+02 -0.74258251E-25  0.23398116E-40
  0.31200000E+02 -0.73800480E-25  0.23135778E-40
  0.31300000E+02 -0.73346880E-25  0.23488906E-40
  0.31400000E+02 -0.72897401E-25  0.22516892E-40
  0.31500000E+02 -0.72451994E-25  0.22826590E-40
  0.31600000E+02 -0.72010610E-25  0.22117118E-40
  0.31700000E+02 -0.71573201E-25  0.21754507E-40
  0.31800000E+02 -0.71139720E-25  0.22235830E-40
  0.31900000E+02 -0.70710122E-25  0.22051367E-40
  0.32000000E+02 -0.70284359E-25  0.22214596E-40
  0.32100000E+02 -0.69862388E-25  0.21954085E-40
  0.32200000E+02 -0.69444163E-25  0.22005161E-40
  0.32300000E+02 -0.69029641E-25  0.21579916E-40
  0.32400000E+02 -0.68618780E-25  0.21852874E-40
  0.32500000E+02 -0.68211535E-25  0.21164166E-40
  0.32600000E+02 -0.67807867E-25  0.21893320E-40
  0.32700000E+02 -0.67407732E-25  0.20947809E-40
  0.32800000E+02 -0.67011091E-25  0.20716204E-40
  0.32900000E+02 -0.66617903E-25  0.21213089E-40
  0.33000000E+02 -0.66228129E-25  0.20216041E-40
  0.33100000E+02 -0.65841730E-25  0.20551120E-40
  0.33200000E+02 -0.65458667E-25  0.20568491E-40
  0.33300000E+02 -0.65078903E-25  0.20015960E-40
  0.33400000E+02 -0.64702400E-25  0.20358468E-40
  0.33500000E+02 -0.64329121E-25  0.20059135E-40
  0.33600000E+02 -0.63959030E-25  0.20397975E-40
  0.33700000E+02 -0.63592091E-25  0.19602237E-40
  0.33800000E+02 -0.63228269E-25  0.19793839E-40
  0.33900000E+02 -0.62867529E-25  0.19649998E-40
  0.34000000E+02 -0.62509836E-25  0.19817122E-40
  0.34100000E+02 -0.62155156E-25  0.19949050E-40
  0.34200000E+02 -0.61803457E-25  0.19308085E-40
  0.34300000E+02 -0.61454706E-25  0.19479848E-40
  0.34400000E+02 -0.61108868E-25  0.18964575E-40
  0.34500000E+02 -0.60765914E-25  0.19003137E-40
  0.34600000E+02 -0.60425810E-25  0.18828521E-40
  0.34700000E+02 -0.60088526E-25  0.18578519E-40
  0.34800000E+02 -0.59754032E-25  0.18812169E-40
  0.34900000E+02 -0.59422295E-25  0.18442433E-40
  0.35000000E+02 -0.59093288E-25  0.18246697E-40
  0.35100000E+02 -0.58766979E-25  0.18033908E-40
  0.35200000E+02 -0.58443340E-25  0.18261349E-40
  0.35300000E+02 -0.58122343E-25  0.18090318E-40
  0.35400000E+02 -0.57803958E-25  0.17590291E-40
  0.35500000E+02 -0.57488158E-25  0.17968335E-40
  0.35600000E+02 -0.57174914E-25  0.18212057E-40
  0.35700000E+02 -0.56864201E-25  0.17035635E-40
  0.35800000E+02 -0.56555990E-25  0.17290773E-40
  0.35900000E+02 -0.56250256E-25  0.17642835E-40
  0.36000000E+02 -0.55946972E-25  0.17403909E-40
  0.36100000E+02 -0.55646112E-25  0.17459593E-40
  0.36200000E+02 -0.55347650E-25  0.17224564E-40
  0.36300000E+02 -0.55051562E-25  0.17560177E-40
  0.36400000E+02 -0.54757823E-25  0.17474708E-40
  0.36500000E+02 -0.54466408E-25  0.16696505E-40
  0.36600000E+02 -0.54177292E-25  0.16899333E-40
  0.36700000E+02 -0.53890452E-25  0.16870791E-40
  0.36800000E+02 -0.53605864E-25  0.16697293E-40
  0.36900000E+02 -0.53323505E-25  0.17004284E-40
  0.37000000E+02 -0.53043352E-25  0.16693833E-40
  0.37100000E+02 -0.52765383E-25  0.16720911E-40
  0.37200000E+02 -0.52489574E-25  0.16299172E-40
  0.37300000E+02 -0.52215903E-25  0.16242007E-40
  0.37400000E+02 -0.51944349E-25  0.16009954E-40
  0.37500000E+02 -0.51674890E-25  0.16652483E-40
  0.37600000E+02 -0.51407506E-25  0.16284828E-40
  0.37700000E+02 -0.51142173E-25  0.15911215E-40
  0.37800000E+02 -0.50878873E-25  0.15782240E-40
  0.37900000E+02 -0.50617584E-25  0.15950264E-40
  0.38000000E+02 -0.50358286E-25  0.15809411E-40
  0.38100000E+02 -0.50100960E-25  0.15749541E-40
  0.38200000E+02 -0.49845585E-25  0.15492451E-40
  0.38300000E+02 -0.49592141E-25  0.15467277E-40
  0.38400000E+02 -0.49340610E-25  0.15764823E-40
  0.38500000E+02 -0.49090973E-25  0.15200106E-40
  0.38600000E+02 -0.48843210E-25  0.15294353E-40
  0.38700000E+02 -0.48597304E-25  0.15098377E-40
  0.38800000E+02 -0.48353235E-25  0.14875220E-40
  0.38900000E+02 -0.48110986E-25  0.15019822E-40
  0.39000000E+02 -0.47870538E-25  0.14888619E-40
  0.39100000E+02 -0.47631875E-25  0.14632409E-40
  0.39200000E+02 -0.47394978E-25  0.14987590E-40
  0.39300000E+02 -0.47159831E-25  0.14776948E-40
  0.39400000E+02 -0.46926416E-25  0.15093295E-40
  0.39500000E+02 -0.46694716E-25  0.14612173E-40
  0.39600000E+02 -0.46464715E-25  0.14513381E-40
  0.39700000E+02 -0.46236396E-25  0.14003738E-40
  0.39800000E+02 -0.46009744E-25  0.14497359E-40
  0.39900000E+02 -0.45784741E-25  0.14224932E-40
  0.40000000E+02 -0.45561373E-25  0.14478302E-40
