  0.00000000E+00  0.10403940E-23 -0.92588759E-37
  0.10000000E+00  0.10370696E-23 -0.91414175E-37
  0.20000000E+00  0.10271816E-23 -0.91306882E-37
  0.30000000E+00  0.10109809E-23 -0.89771336E-37
  0.40000000E+00  0.98887201E-24 -0.88428962E-37
  0.50000000E+00  0.96139284E-24 -0.86062243E-37
  0.60000000E+00  0.92918684E-24 -0.86997705E-37
  0.70000000E+00  0.89297055E-24 -0.85206476E-37
  0.80000000E+00  0.85349854E-24 -0.83605764E-37
  0.90000000E+00  0.81152942E-24 -0.82118585E-37
  0.10000000E+01  0.76779574E-24 -0.81268921E-37
  0.11000000E+01  0.72297998E-24 -0.80355457E-37
  0.12000000E+01  0.67769751E-24 -0.79064833E-37
  0.13000000E+01  0.63248651E-24 -0.76575502E-37
  0.14000000E+01  0.58780397E-24 -0.75358194E-37
  0.15000000E+01  0.54402664E-24 -0.75635053E-37
  0.16000000E+01  0.50145549E-24 -0.73938077E-37
  0.17000000E+01  0.46032238E-24 -0.72510149E-37
  0.18000000E+01  0.42079808E-24 -0.71488365E-37
  0.19000000E+01  0.38300064E-24 -0.70098616E-37
  0.20000000E+01  0.34700363E-24 -0.70116834E-37
  0.21000000E+01  0.31284382E-24 -0.67246546E-37
  0.22000000E+01  0.28052822E-24 -0.66897419E-37
  0.23000000E+01  0.25004017E-24 -0.65557432E-37
  0.24000000E+01  0.22134465E-24 -0.64314853E-37
  0.25000000E+01  0.19439276E-24 -0.63327053E-37
  0.26000000E+01  0.16912543E-24 -0.62547627E-37
  0.27000000E+01  0.14547649E-24 -0.60418259E-37
  0.28000000E+01  0.12337517E-24 -0.59105961E-37
  0.29000000E+01  0.10274806E-24 -0.57213520E-37
  0.30000000E+01  0.83520650E-25 -0.56059421E-37
  0.31000000E+01  0.65618589E-25 -0.55493890E-37
  0.32000000E+01  0.48968582E-25 -0.53567351E-37
  0.33000000E+01  0.33499086E-25 -0.53023411E-37
  0.34000000E+01  0.19140812E-25 -0.51838237E-37
  0.35000000E+01  0.58270771E-26 -0.49937031E-37
  0.36000000E+01 -0.65059699E-26 -0.48994647E-37
  0.37000000E+01 -0.17919210E-25 -0.47246951E-37
  0.38000000E+01 -0.28470493E-25 -0.45819322E-37
  0.39000000E+01 -0.38214631E-25 -0.45073676E-37
  0.40000000E+01 -0.47203435E-25 -0.44249195E-37
  0.41000000E+01 -0.55485785E-25 -0.43149074E-37
  0.42000000E+01 -0.63107716E-25 -0.41865826E-37
  0.43000000E+01 -0.70112529E-25 -0.41213212E-37
  0.44000000E+01 -0.76540904E-25 -0.39763660E-37
  0.45000000E+01 -0.82431024E-25 -0.38650876E-37
  0.46000000E+01 -0.87818700E-25 -0.38201272E-37
  0.47000000E+01 -0.92737497E-25 -0.37118316E-37
  0.48000000E+01 -0.97218857E-25 -0.36533633E-37
  0.49000000E+01 -0.10129222E-24 -0.34865082E-37
  0.50000000E+01 -0.10498516E-24 -0.33772227E-37
  0.51000000E+01 -0.10832344E-24 -0.33553779E-37
  0.52000000E+01 -0.11133121E-24 -0.32529869E-37
  0.53000000E+01 -0.11403102E-24 -0.31950189E-37
  0.54000000E+01 -0.11644399E-24 -0.30988563E-37
  0.55000000E+01 -0.11858985E-24 -0.30495433E-37
  0.56000000E+01 -0.12048706E-24 -0.29708533E-37
  0.57000000E+01 -0.12215287E-24 -0.28531994E-37
  0.58000000E+01 -0.12360342E-24 -0.28738178E-37
  0.59000000E+01 -0.12485379E-24 -0.27343472E-37
  0.60000000E+01 -0.12591808E-24 -0.26670460E-37
  0.61000000E+01 -0.12680946E-24 -0.26067816E-37
  0.62000000E+01 -0.12754027E-24 -0.25508289E-37
  0.63000000E+01 -0.12812202E-24 -0.25093207E-37
  0.64000000E+01 -0.12856548E-24 -0.24602849E-37
  0.65000000E+01 -0.12888072E-24 -0.23937769E-37
  0.66000000E+01 -0.12907714E-24 -0.23640764E-37
  0.67000000E+01 -0.12916353E-24 -0.22820893E-37
  0.68000000E+01 -0.12914813E-24 -0.22489863E-37
  0.69000000E+01 -0.12903861E-24 -0.21452392E-37
  0.70000000E+01 -0.12884215E-24 -0.21548274E-37
  0.71000000E+01 -0.12856546E-24 -0.20887751E-37
  0.72000000E+01 -0.12821481E-24 -0.20249181E-37
  0.73000000E+01 -0.12779607E-24 -0.19816967E-37
  0.74000000E+01 -0.12731470E-24 -0.19573389E-37
  0.75000000E+01 -0.12677583E-24 -0.19389174E-37
  0.76000000E+01 -0.12618422E-24 -0.18728763E-37
  0.77000000E+01 -0.12554434E-24 -0.18383726E-37
  0.78000000E+01 -0.12486035E-24 -0.17865475E-37
  0.79000000E+01 -0.12413616E-24 -0.17699010E-37
  0.80000000E+01 -0.12337538E-24 -0.17437899E-37
  0.81000000E+01 -0.12258141E-24 -0.16632966E-37
  0.82000000E+01 -0.12175742E-24 -0.16576851E-37
  0.83000000E+01 -0.12090635E-24 -0.16045648E-37
  0.84000000E+01 -0.12003095E-24 -0.15916702E-37
  0.85000000E+01 -0.11913380E-24 -0.15666478E-37
  0.86000000E+01 -0.11821728E-24 -0.15287374E-37
  0.87000000E+01 -0.11728363E-24 -0.14958679E-37
  0.88000000E+01 -0.11633493E-24 -0.14695082E-37
  0.89000000E+01 -0.11537310E-24 -0.14485327E-37
  0.90000000E+01 -0.11439994E-24 -0.14122835E-37
  0.91000000E+01 -0.11341714E-24 -0.13821409E-37
  0.92000000E+01 -0.11242625E-24 -0.13526005E-37
  0.93000000E+01 -0.11142872E-24 -0.13359763E-37
  0.94000000E+01 -0.11042588E-24 -0.13127315E-37
  0.95000000E+01 -0.10941901E-24 -0.12932586E-37
  0.96000000E+01 -0.10840924E-24 -0.12475834E-37
  0.97000000E+01 -0.10739765E-24 -0.12396275E-37
  0.98000000E+01 -0.10638525E-24 -0.12351730E-37
  0.99000000E+01 -0.10537294E-24 -0.11836497E-37
  0.10000000E+02 -0.10436159E-24 -0.11776321E-37
  0.10100000E+02 -0.10335198E-24 -0.11703594E-37
  0.10200000E+02 -0.10234483E-24 -0.11264286E-37
  0.10300000E+02 -0.10134082E-24 -0.11165584E-37
  0.10400000E+02 -0.10034056E-24 -0.10873147E-37
  0.10500000E+02 -0.99344626E-25 -0.10667373E-37
  0.10600000E+02 -0.98353529E-25 -0.10445991E-37
  0.10700000E+02 -0.97367750E-25 -0.10320096E-37
  0.10800000E+02 -0.96387725E-25 -0.10156405E-37
  0.10900000E+02 -0.95413853E-25 -0.10055850E-37
  0.11000000E+02 -0.94446497E-25 -0.99042596E-38
  0.11100000E+02 -0.93485986E-25 -0.97519063E-38
  0.11200000E+02 -0.92532621E-25 -0.95894895E-38
  0.11300000E+02 -0.91586670E-25 -0.94242389E-38
  0.11400000E+02 -0.90648377E-25 -0.93309446E-38
  0.11500000E+02 -0.89717960E-25 -0.90921699E-38
  0.11600000E+02 -0.88795613E-25 -0.88001540E-38
  0.11700000E+02 -0.87881508E-25 -0.88473866E-38
  0.11800000E+02 -0.86975797E-25 -0.87200526E-38
  0.11900000E+02 -0.86078612E-25 -0.86395805E-38
  0.12000000E+02 -0.85190070E-25 -0.84433144E-38
  0.12100000E+02 -0.84310267E-25 -0.83368247E-38
  0.12200000E+02 -0.83439288E-25 -0.80990164E-38
  0.12300000E+02 -0.82577201E-25 -0.80958679E-38
  0.12400000E+02 -0.81724062E-25 -0.79080667E-38
  0.12500000E+02 -0.80879912E-25 -0.78145325E-38
  0.12600000E+02 -0.80044785E-25 -0.77226265E-38
  0.12700000E+02 -0.79218700E-25 -0.76301256E-38
  0.12800000E+02 -0.78401669E-25 -0.74951600E-38
  0.12900000E+02 -0.77593693E-25 -0.73676167E-38
  0.13000000E+02 -0.76794766E-25 -0.72664447E-38
  0.13100000E+02 -0.76004873E-25 -0.71351685E-38
  0.13200000E+02 -0.75223993E-25 -0.71393104E-38
  0.13300000E+02 -0.74452097E-25 -0.69947933E-38
  0.13400000E+02 -0.73689151E-25 -0.69535721E-38
  0.13500000E+02 -0.72935114E-25 -0.67176111E-38
  0.13600000E+02 -0.72189941E-25 -0.66947204E-38
  0.13700000E+02 -0.71453582E-25 -0.65352326E-38
  0.13800000E+02 -0.70725983E-25 -0.64147026E-38
  0.13900000E+02 -0.70007084E-25 -0.64609944E-38
  0.14000000E+02 -0.69296824E-25 -0.63597545E-38
  0.14100000E+02 -0.68595137E-25 -0.62126371E-38
  0.14200000E+02 -0.67901955E-25 -0.61559142E-38
  0.14300000E+02 -0.67217206E-25 -0.60612490E-38
  0.14400000E+02 -0.66540818E-25 -0.59847204E-38
  0.14500000E+02 -0.65872715E-25 -0.59168689E-38
  0.14600000E+02 -0.65212818E-25 -0.58625970E-38
  0.14700000E+02 -0.64561049E-25 -0.56635875E-38
  0.14800000E+02 -0.63917326E-25 -0.56831145E-38
  0.14900000E+02 -0.63281568E-25 -0.55890100E-38
  0.15000000E+02 -0.62653690E-25 -0.55934439E-38
  0.15100000E+02 -0.62033610E-25 -0.55090680E-38
  0.15200000E+02 -0.61421240E-25 -0.54453433E-38
  0.15300000E+02 -0.60816497E-25 -0.53328965E-38
  0.15400000E+02 -0.60219293E-25 -0.53014015E-38
  0.15500000E+02 -0.59629541E-25 -0.51352283E-38
  0.15600000E+02 -0.59047155E-25 -0.51370004E-38
  0.15700000E+02 -0.58472046E-25 -0.50724103E-38
  0.15800000E+02 -0.57904129E-25 -0.49450391E-38
  0.15900000E+02 -0.57343314E-25 -0.49472432E-38
  0.16000000E+02 -0.56789515E-25 -0.49631709E-38
  0.16100000E+02 -0.56242645E-25 -0.47869395E-38
  0.16200000E+02 -0.55702617E-25 -0.47837620E-38
  0.16300000E+02 -0.55169344E-25 -0.47447346E-38
  0.16400000E+02 -0.54642739E-25 -0.46469428E-38
  0.16500000E+02 -0.54122717E-25 -0.46013003E-38
  0.16600000E+02 -0.53609193E-25 -0.46200622E-38
  0.16700000E+02 -0.53102082E-25 -0.45118886E-38
  0.16800000E+02 -0.52601298E-25 -0.45127197E-38
  0.16900000E+02 -0.52106759E-25 -0.43631803E-38
  0.17000000E+02 -0.51618381E-25 -0.44130059E-38
  0.17100000E+02 -0.51136082E-25 -0.43445371E-38
  0.17200000E+02 -0.50659781E-25 -0.43247907E-38
  0.17300000E+02 -0.50189395E-25 -0.42585353E-38
  0.17400000E+02 -0.49724846E-25 -0.41436053E-38
  0.17500000E+02 -0.49266053E-25 -0.41454563E-38
  0.17600000E+02 -0.48812938E-25 -0.40814626E-38
  0.17700000E+02 -0.48365422E-25 -0.40261379E-38
  0.17800000E+02 -0.47923430E-25 -0.40333976E-38
  0.17900000E+02 -0.47486883E-25 -0.39581207E-38
  0.18000000E+02 -0.47055709E-25 -0.38761888E-38
  0.18100000E+02 -0.46629831E-25 -0.38726098E-38
  0.18200000E+02 -0.46209176E-25 -0.38788507E-38
  0.18300000E+02 -0.45793671E-25 -0.38064515E-38
  0.18400000E+02 -0.45383245E-25 -0.37239242E-38
  0.18500000E+02 -0.44977826E-25 -0.37428372E-38
  0.18600000E+02 -0.44577345E-25 -0.36627596E-38
  0.18700000E+02 -0.44181731E-25 -0.36833469E-38
  0.18800000E+02 -0.43790918E-25 -0.35870992E-38
  0.18900000E+02 -0.43404836E-25 -0.35573397E-38
  0.19000000E+02 -0.43023421E-25 -0.35499484E-38
  0.19100000E+02 -0.42646605E-25 -0.34765869E-38
  0.19200000E+02 -0.42274325E-25 -0.34745065E-38
  0.19300000E+02 -0.41906515E-25 -0.33869333E-38
  0.19400000E+02 -0.41543114E-25 -0.33612773E-38
  0.19500000E+02 -0.41184060E-25 -0.33543709E-38
  0.19600000E+02 -0.40829289E-25 -0.33316431E-38
  0.19700000E+02 -0.40478743E-25 -0.32489542E-38
  0.19800000E+02 -0.40132362E-25 -0.31952502E-38
  0.19900000E+02 -0.39790087E-25 -0.32359714E-38
  0.20000000E+02 -0.39451859E-25 -0.31869944E-38
  0.20100000E+02 -0.39117623E-25 -0.31348149E-38
  0.20200000E+02 -0.38787321E-25 -0.31693570E-38
  0.20300000E+02 -0.38460898E-25 -0.30563123E-38
  0.20400000E+02 -0.38138299E-25 -0.30777768E-38
  0.20500000E+02 -0.37819472E-25 -0.29898255E-38
  0.20600000E+02 -0.37504362E-25 -0.29872316E-38
  0.20700000E+02 -0.37192917E-25 -0.30196738E-38
  0.20800000E+02 -0.36885086E-25 -0.29264589E-38
  0.20900000E+02 -0.36580818E-25 -0.29278528E-38
  0.21000000E+02 -0.36280064E-25 -0.28810003E-38
  0.21100000E+02 -0.35982773E-25 -0.28820848E-38
  0.21200000E+02 -0.35688898E-25 -0.28123522E-38
  0.21300000E+02 -0.35398390E-25 -0.28559797E-38
  0.21400000E+02 -0.35111203E-25 -0.27588550E-38
  0.21500000E+02 -0.34827291E-25 -0.28254707E-38
  0.21600000E+02 -0.34546607E-25 -0.27400205E-38
  0.21700000E+02 -0.34269107E-25 -0.27124954E-38
  0.21800000E+02 -0.33994747E-25 -0.26564423E-38
  0.21900000E+02 -0.33723482E-25 -0.27148939E-38
  0.22000000E+02 -0.33455271E-25 -0.26214929E-38
  0.22100000E+02 -0.33190070E-25 -0.26065449E-38
  0.22200000E+02 -0.32927839E-25 -0.25646894E-38
  0.22300000E+02 -0.32668536E-25 -0.25870572E-38
  0.22400000E+02 -0.32412121E-25 -0.25318461E-38
  0.22500000E+02 -0.32158554E-25 -0.25303808E-38
  0.22600000E+02 -0.31907796E-25 -0.25469373E-38
  0.22700000E+02 -0.31659808E-25 -0.25122370E-38
  0.22800000E+02 -0.31414553E-25 -0.24767208E-38
  0.22900000E+02 -0.31171994E-25 -0.24827642E-38
  0.23000000E+02 -0.30932093E-25 -0.24183947E-38
  0.23100000E+02 -0.30694814E-25 -0.24242225E-38
  0.23200000E+02 -0.30460122E-25 -0.23943218E-38
  0.23300000E+02 -0.30227981E-25 -0.23742868E-38
  0.23400000E+02 -0.29998357E-25 -0.23372607E-38
  0.23500000E+02 -0.29771217E-25 -0.23402680E-38
  0.23600000E+02 -0.29546525E-25 -0.23209407E-38
  0.23700000E+02 -0.29324250E-25 -0.22908643E-38
  0.23800000E+02 -0.29104359E-25 -0.22466726E-38
  0.23900000E+02 -0.28886821E-25 -0.22420148E-38
  0.24000000E+02 -0.28671602E-25 -0.22622649E-38
  0.24100000E+02 -0.28458673E-25 -0.22092880E-38
  0.24200000E+02 -0.28248003E-25 -0.21734507E-38
  0.24300000E+02 -0.28039562E-25 -0.21362727E-38
  0.24400000E+02 -0.27833319E-25 -0.21264469E-38
  0.24500000E+02 -0.27629247E-25 -0.21166314E-38
  0.24600000E+02 -0.27427317E-25 -0.21471130E-38
  0.24700000E+02 -0.27227499E-25 -0.21241445E-38
  0.24800000E+02 -0.27029767E-25 -0.20869903E-38
  0.24900000E+02 -0.26834092E-25 -0.20594981E-38
  0.25000000E+02 -0.26640449E-25 -0.20730117E-38
  0.25100000E+02 -0.26448809E-25 -0.20704937E-38
  0.25200000E+02 -0.26259147E-25 -0.19902002E-38
  0.25300000E+02 -0.26071438E-25 -0.20344771E-38
  0.25400000E+02 -0.25885656E-25 -0.20472140E-38
  0.25500000E+02 -0.25701775E-25 -0.19631203E-38
  0.25600000E+02 -0.25519772E-25 -0.19724604E-38
  0.25700000E+02 -0.25339621E-25 -0.19333843E-38
  0.25800000E+02 -0.25161300E-25 -0.19487830E-38
  0.25900000E+02 -0.24984784E-25 -0.19133614E-38
  0.26000000E+02 -0.24810050E-25 -0.19124380E-38
  0.26100000E+02 -0.24637076E-25 -0.19069676E-38
  0.26200000E+02 -0.24465839E-25 -0.18786415E-38
  0.26300000E+02 -0.24296316E-25 -0.18849333E-38
  0.26400000E+02 -0.24128487E-25 -0.18743066E-38
  0.26500000E+02 -0.23962329E-25 -0.18432192E-38
  0.26600000E+02 -0.23797821E-25 -0.18278791E-38
  0.26700000E+02 -0.23634943E-25 -0.18059292E-38
  0.26800000E+02 -0.23473674E-25 -0.17540090E-38
  0.26900000E+02 -0.23313993E-25 -0.17669653E-38
  0.27000000E+02 -0.23155882E-25 -0.17656145E-38
  0.27100000E+02 -0.22999319E-25 -0.17724042E-38
  0.27200000E+02 -0.22844286E-25 -0.17325104E-38
  0.27300000E+02 -0.22690764E-25 -0.16992719E-38
  0.27400000E+02 -0.22538733E-25 -0.16910755E-38
  0.27500000E+02 -0.22388176E-25 -0.17169687E-38
  0.27600000E+02 -0.22239074E-25 -0.17092389E-38
  0.27700000E+02 -0.22091409E-25 -0.16628874E-38
  0.27800000E+02 -0.21945163E-25 -0.16603450E-38
  0.27900000E+02 -0.21800320E-25 -0.16550728E-38
  0.28000000E+02 -0.21656861E-25 -0.16607098E-38
  0.28100000E+02 -0.21514770E-25 -0.16292790E-38
  0.28200000E+02 -0.21374030E-25 -0.16088557E-38
  0.28300000E+02 -0.21234625E-25 -0.16037667E-38
  0.28400000E+02 -0.21096538E-25 -0.16049129E-38
  0.28500000E+02 -0.20959753E-25 -0.15949908E-38
  0.28600000E+02 -0.20824256E-25 -0.15799258E-38
  0.28700000E+02 -0.20690029E-25 -0.15719071E-38
  0.28800000E+02 -0.20557059E-25 -0.15472438E-38
  0.28900000E+02 -0.20425329E-25 -0.15208679E-38
  0.29000000E+02 -0.20294825E-25 -0.15232599E-38
  0.29100000E+02 -0.20165532E-25 -0.15056432E-38
  0.29200000E+02 -0.20037436E-25 -0.15195566E-38
  0.29300000E+02 -0.19910523E-25 -0.14949557E-38
  0.29400000E+02 -0.19784778E-25 -0.14915944E-38
  0.29500000E+02 -0.19660188E-25 -0.14711228E-38
  0.29600000E+02 -0.19536738E-25 -0.14762657E-38
  0.29700000E+02 -0.19414417E-25 -0.14771251E-38
  0.29800000E+02 -0.19293210E-25 -0.14682866E-38
  0.29900000E+02 -0.19173104E-25 -0.14457534E-38
  0.30000000E+02 -0.19054086E-25 -0.14610825E-38
  0.30100000E+02 -0.18936144E-25 -0.14368471E-38
  0.30200000E+02 -0.18819265E-25 -0.14140846E-38
  0.30300000E+02 -0.18703437E-25 -0.13955391E-38
  0.30400000E+02 -0.18588648E-25 -0.13870138E-38
  0.30500000E+02 -0.18474885E-25 -0.14048235E-38
  0.30600000E+02 -0.18362137E-25 -0.13694333E-38
  0.30700000E+02 -0.18250392E-25 -0.13900960E-38
  0.30800000E+02 -0.18139639E-25 -0.13903132E-38
  0.30900000E+02 -0.18029865E-25 -0.13414846E-38
  0.31000000E+02 -0.17921061E-25 -0.13657272E-38
  0.31100000E+02 -0.17813214E-25 -0.13383232E-38
  0.31200000E+02 -0.17706315E-25 -0.13320479E-38
  0.31300000E+02 -0.17600352E-25 -0.13308602E-38
  0.31400000E+02 -0.17495314E-25 -0.13013315E-38
  0.31500000E+02 -0.17391192E-25 -0.12916211E-38
  0.31600000E+02 -0.17287975E-25 -0.12912809E-38
  0.31700000E+02 -0.17185652E-25 -0.12891942E-38
  0.31800000E+02 -0.17084214E-25 -0.12810986E-38
  0.31900000E+02 -0.16983651E-25 -0.12789733E-38
  0.32000000E+02 -0.16883952E-25 -0.12571051E-38
  0.32100000E+02 -0.16785110E-25 -0.12511836E-38
  0.32200000E+02 -0.16687113E-25 -0.12337764E-38
  0.32300000E+02 -0.16589952E-25 -0.12207178E-38
  0.32400000E+02 -0.16493619E-25 -0.12308540E-38
  0.32500000E+02 -0.16398104E-25 -0.12273355E-38
  0.32600000E+02 -0.16303398E-25 -0.12283064E-38
  0.32700000E+02 -0.16209492E-25 -0.12290112E-38
  0.32800000E+02 -0.16116378E-25 -0.12089364E-38
  0.32900000E+02 -0.16024047E-25 -0.12002969E-38
  0.33000000E+02 -0.15932489E-25 -0.12096023E-38
  0.33100000E+02 -0.15841698E-25 -0.11681027E-38
  0.33200000E+02 -0.15751664E-25 -0.11608905E-38
  0.33300000E+02 -0.15662380E-25 -0.11773635E-38
  0.33400000E+02 -0.15573836E-25 -0.11369701E-38
  0.33500000E+02 -0.15486026E-25 -0.11494644E-38
  0.33600000E+02 -0.15398942E-25 -0.11598661E-38
  0.33700000E+02 -0.15312575E-25 -0.11317974E-38
  0.33800000E+02 -0.15226917E-25 -0.11264827E-38
  0.33900000E+02 -0.15141962E-25 -0.11150060E-38
  0.34000000E+02 -0.15057702E-25 -0.11222149E-38
  0.34100000E+02 -0.14974129E-25 -0.11067213E-38
  0.34200000E+02 -0.14891237E-25 -0.11060810E-38
  0.34300000E+02 -0.14809017E-25 -0.10852975E-38
  0.34400000E+02 -0.14727463E-25 -0.10945237E-38
  0.34500000E+02 -0.14646568E-25 -0.10880838E-38
  0.34600000E+02 -0.14566325E-25 -0.11086486E-38
  0.34700000E+02 -0.14486727E-25 -0.10710352E-38
  0.34800000E+02 -0.14407768E-25 -0.10856357E-38
  0.34900000E+02 -0.14329440E-25 -0.10720666E-38
  0.35000000E+02 -0.14251736E-25 -0.10585921E-38
  0.35100000E+02 -0.14174652E-25 -0.10343480E-38
  0.35200000E+02 -0.14098180E-25 -0.10413697E-38
  0.35300000E+02 -0.14022313E-25 -0.10424699E-38
  0.35400000E+02 -0.13947046E-25 -0.10347136E-38
  0.35500000E+02 -0.13872373E-25 -0.10455302E-38
  0.35600000E+02 -0.13798287E-25 -0.10211390E-38
  0.35700000E+02 -0.13724782E-25 -0.10232547E-38
  0.35800000E+02 -0.13651852E-25 -0.10224975E-38
  0.35900000E+02 -0.13579492E-25 -0.10033694E-38
  0.36000000E+02 -0.13507696E-25 -0.10048345E-38
  0.36100000E+02 -0.13436457E-25 -0.99490819E-39
  0.36200000E+02 -0.13365771E-25 -0.99870052E-39
  0.36300000E+02 -0.13295632E-25 -0.98426402E-39
  0.36400000E+02 -0.13226033E-25 -0.98026309E-39
  0.36500000E+02 -0.13156971E-25 -0.97749761E-39
  0.36600000E+02 -0.13088439E-25 -0.96187698E-39
  0.36700000E+02 -0.13020432E-25 -0.95696229E-39
  0.36800000E+02 -0.12952944E-25 -0.95870416E-39
  0.36900000E+02 -0.12885972E-25 -0.95047483E-39
  0.37000000E+02 -0.12819508E-25 -0.94265729E-39
  0.37100000E+02 -0.12753549E-25 -0.93220460E-39
  0.37200000E+02 -0.12688090E-25 -0.94186767E-39
  0.37300000E+02 -0.12623125E-25 -0.93714775E-39
  0.37400000E+02 -0.12558650E-25 -0.93683856E-39
  0.37500000E+02 -0.12494659E-25 -0.92231972E-39
  0.37600000E+02 -0.12431149E-25 -0.92774213E-39
  0.37700000E+02 -0.12368114E-25 -0.89761651E-39
  0.37800000E+02 -0.12305549E-25 -0.90354737E-39
  0.37900000E+02 -0.12243451E-25 -0.91776766E-39
  0.38000000E+02 -0.12181814E-25 -0.89605602E-39
  0.38100000E+02 -0.12120634E-25 -0.89571623E-39
  0.38200000E+02 -0.12059907E-25 -0.87969623E-39
  0.38300000E+02 -0.11999628E-25 -0.88966848E-39
  0.38400000E+02 -0.11939793E-25 -0.87850508E-39
  0.38500000E+02 -0.11880397E-25 -0.87707394E-39
  0.38600000E+02 -0.11821437E-25 -0.85851709E-39
  0.38700000E+02 -0.11762909E-25 -0.85414997E-39
  0.38800000E+02 -0.11704807E-25 -0.85460356E-39
  0.38900000E+02 -0.11647128E-25 -0.86829480E-39
  0.39000000E+02 -0.11589869E-25 -0.84695849E-39
  0.39100000E+02 -0.11533024E-25 -0.83938589E-39
  0.39200000E+02 -0.11476591E-25 -0.84270925E-39
  0.39300000E+02 -0.11420564E-25 -0.82880392E-39
  0.39400000E+02 -0.11364942E-25 -0.82280790E-39
  0.39500000E+02 -0.11309718E-25 -0.84205628E-39
  0.39600000E+02 -0.11254890E-25 -0.83207119E-39
  0.39700000E+02 -0.11200455E-25 -0.82103993E-39
  0.39800000E+02 -0.11146408E-25 -0.80858688E-39
  0.39900000E+02 -0.11092745E-25 -0.81872710E-39
  0.40000000E+02 -0.11039464E-25 -0.80814524E-39
