  0.00000000E+00  0.19107238E-22 -0.55737158E-36
  0.10000000E+00  0.19079494E-22 -0.55490234E-36
  0.20000000E+00  0.18997592E-22 -0.55469830E-36
  0.30000000E+00  0.18865280E-22 -0.55274171E-36
  0.40000000E+00  0.18688103E-22 -0.55213976E-36
  0.50000000E+00  0.18472574E-22 -0.54902295E-36
  0.60000000E+00  0.18225381E-22 -0.54655756E-36
  0.70000000E+00  0.17952769E-22 -0.54393595E-36
  0.80000000E+00  0.17660195E-22 -0.53702740E-36
  0.90000000E+00  0.17352196E-22 -0.53441070E-36
  0.10000000E+01  0.17032438E-22 -0.52877359E-36
  0.11000000E+01  0.16703846E-22 -0.52152464E-36
  0.12000000E+01  0.16368767E-22 -0.51253690E-36
  0.13000000E+01  0.16029120E-22 -0.50614949E-36
  0.14000000E+01  0.15686515E-22 -0.49812790E-36
  0.15000000E+01  0.15342343E-22 -0.48874369E-36
  0.16000000E+01  0.14997828E-22 -0.48361961E-36
  0.17000000E+01  0.14654072E-22 -0.47287551E-36
  0.18000000E+01  0.14312064E-22 -0.46269660E-36
  0.19000000E+01  0.13972699E-22 -0.45730406E-36
  0.20000000E+01  0.13636775E-22 -0.44729244E-36
  0.21000000E+01  0.13305003E-22 -0.43839437E-36
  0.22000000E+01  0.12978002E-22 -0.42912881E-36
  0.23000000E+01  0.12656309E-22 -0.41786846E-36
  0.24000000E+01  0.12340378E-22 -0.40873456E-36
  0.25000000E+01  0.12030585E-22 -0.40215695E-36
  0.26000000E+01  0.11727236E-22 -0.39251109E-36
  0.27000000E+01  0.11430568E-22 -0.38152714E-36
  0.28000000E+01  0.11140761E-22 -0.37506237E-36
  0.29000000E+01  0.10857939E-22 -0.36409647E-36
  0.30000000E+01  0.10582179E-22 -0.35634321E-36
  0.31000000E+01  0.10313517E-22 -0.34937363E-36
  0.32000000E+01  0.10051950E-22 -0.34031977E-36
  0.33000000E+01  0.97974456E-23 -0.33414444E-36
  0.34000000E+01  0.95499438E-23 -0.32530576E-36
  0.35000000E+01  0.93093619E-23 -0.31612492E-36
  0.36000000E+01  0.90755985E-23 -0.30797920E-36
  0.37000000E+01  0.88485368E-23 -0.30290715E-36
  0.38000000E+01  0.86280470E-23 -0.29378848E-36
  0.39000000E+01  0.84139899E-23 -0.28843242E-36
  0.40000000E+01  0.82062182E-23 -0.28125165E-36
  0.41000000E+01  0.80045791E-23 -0.27346614E-36
  0.42000000E+01  0.78089156E-23 -0.26686471E-36
  0.43000000E+01  0.76190683E-23 -0.26087259E-36
  0.44000000E+01  0.74348763E-23 -0.25449149E-36
  0.45000000E+01  0.72561783E-23 -0.24689952E-36
  0.46000000E+01  0.70828138E-23 -0.24296194E-36
  0.47000000E+01  0.69146232E-23 -0.23683245E-36
  0.48000000E+01  0.67514493E-23 -0.23098506E-36
  0.49000000E+01  0.65931369E-23 -0.22539630E-36
  0.50000000E+01  0.64395336E-23 -0.21896394E-36
  0.51000000E+01  0.62904903E-23 -0.21431054E-36
  0.52000000E+01  0.61458611E-23 -0.20980972E-36
  0.53000000E+01  0.60055037E-23 -0.20483782E-36
  0.54000000E+01  0.58692795E-23 -0.20001704E-36
  0.55000000E+01  0.57370535E-23 -0.19492237E-36
  0.56000000E+01  0.56086948E-23 -0.19060019E-36
  0.57000000E+01  0.54840762E-23 -0.18616111E-36
  0.58000000E+01  0.53630744E-23 -0.18219521E-36
  0.59000000E+01  0.52455699E-23 -0.17769212E-36
  0.60000000E+01  0.51314470E-23 -0.17411609E-36
  0.61000000E+01  0.50205939E-23 -0.17017158E-36
  0.62000000E+01  0.49129023E-23 -0.16597769E-36
  0.63000000E+01  0.48082677E-23 -0.16271218E-36
  0.64000000E+01  0.47065889E-23 -0.15887240E-36
  0.65000000E+01  0.46077685E-23 -0.15568373E-36
  0.66000000E+01  0.45117120E-23 -0.15153481E-36
  0.67000000E+01  0.44183287E-23 -0.14869259E-36
  0.68000000E+01  0.43275307E-23 -0.14548050E-36
  0.69000000E+01  0.42392333E-23 -0.14239662E-36
  0.70000000E+01  0.41533548E-23 -0.14008603E-36
  0.71000000E+01  0.40698163E-23 -0.13660934E-36
  0.72000000E+01  0.39885419E-23 -0.13357495E-36
  0.73000000E+01  0.39094582E-23 -0.13045773E-36
  0.74000000E+01  0.38324945E-23 -0.12854339E-36
  0.75000000E+01  0.37575826E-23 -0.12595631E-36
  0.76000000E+01  0.36846567E-23 -0.12295713E-36
  0.77000000E+01  0.36136534E-23 -0.12024182E-36
  0.78000000E+01  0.35445115E-23 -0.11765829E-36
  0.79000000E+01  0.34771721E-23 -0.11497871E-36
  0.80000000E+01  0.34115782E-23 -0.11313540E-36
  0.81000000E+01  0.33476750E-23 -0.11129726E-36
  0.82000000E+01  0.32854095E-23 -0.10964282E-36
  0.83000000E+01  0.32247307E-23 -0.10650474E-36
  0.84000000E+01  0.31655893E-23 -0.10476264E-36
  0.85000000E+01  0.31079379E-23 -0.10290678E-36
  0.86000000E+01  0.30517305E-23 -0.10029963E-36
  0.87000000E+01  0.29969228E-23 -0.98950301E-37
  0.88000000E+01  0.29434724E-23 -0.96796079E-37
  0.89000000E+01  0.28913378E-23 -0.95554016E-37
  0.90000000E+01  0.28404794E-23 -0.93302071E-37
  0.91000000E+01  0.27908587E-23 -0.91442494E-37
  0.92000000E+01  0.27424387E-23 -0.89795786E-37
  0.93000000E+01  0.26951837E-23 -0.88549540E-37
  0.94000000E+01  0.26490589E-23 -0.86685760E-37
  0.95000000E+01  0.26040311E-23 -0.85683849E-37
  0.96000000E+01  0.25600681E-23 -0.83861757E-37
  0.97000000E+01  0.25171386E-23 -0.82289725E-37
  0.98000000E+01  0.24752126E-23 -0.80574684E-37
  0.99000000E+01  0.24342610E-23 -0.79389498E-37
  0.10000000E+02  0.23942557E-23 -0.77967500E-37
  0.10100000E+02  0.23551695E-23 -0.76475752E-37
  0.10200000E+02  0.23169763E-23 -0.75493248E-37
  0.10300000E+02  0.22796506E-23 -0.73972475E-37
  0.10400000E+02  0.22431679E-23 -0.72703562E-37
  0.10500000E+02  0.22075045E-23 -0.71572452E-37
  0.10600000E+02  0.21726373E-23 -0.70315534E-37
  0.10700000E+02  0.21385443E-23 -0.69443310E-37
  0.10800000E+02  0.21052040E-23 -0.68258287E-37
  0.10900000E+02  0.20725955E-23 -0.66927757E-37
  0.11000000E+02  0.20406987E-23 -0.66132618E-37
  0.11100000E+02  0.20094943E-23 -0.65225232E-37
  0.11200000E+02  0.19789633E-23 -0.63692658E-37
  0.11300000E+02  0.19490876E-23 -0.62550068E-37
  0.11400000E+02  0.19198495E-23 -0.61865332E-37
  0.11500000E+02  0.18912318E-23 -0.60650526E-37
  0.11600000E+02  0.18632181E-23 -0.59950192E-37
  0.11700000E+02  0.18357923E-23 -0.59272213E-37
  0.11800000E+02  0.18089388E-23 -0.58274098E-37
  0.11900000E+02  0.17826427E-23 -0.57110524E-37
  0.12000000E+02  0.17568893E-23 -0.56403141E-37
  0.12100000E+02  0.17316646E-23 -0.55465652E-37
  0.12200000E+02  0.17069547E-23 -0.54744607E-37
  0.12300000E+02  0.16827465E-23 -0.53863421E-37
  0.12400000E+02  0.16590270E-23 -0.52871688E-37
  0.12500000E+02  0.16357838E-23 -0.52332249E-37
  0.12600000E+02  0.16130048E-23 -0.51498649E-37
  0.12700000E+02  0.15906783E-23 -0.50678429E-37
  0.12800000E+02  0.15687928E-23 -0.49969925E-37
  0.12900000E+02  0.15473373E-23 -0.49380743E-37
  0.13000000E+02  0.15263011E-23 -0.48746752E-37
  0.13100000E+02  0.15056738E-23 -0.48219333E-37
  0.13200000E+02  0.14854453E-23 -0.47342249E-37
  0.13300000E+02  0.14656057E-23 -0.46394816E-37
  0.13400000E+02  0.14461457E-23 -0.46274931E-37
  0.13500000E+02  0.14270559E-23 -0.45085139E-37
  0.13600000E+02  0.14083275E-23 -0.44567948E-37
  0.13700000E+02  0.13899516E-23 -0.44317804E-37
  0.13800000E+02  0.13719198E-23 -0.43494169E-37
  0.13900000E+02  0.13542239E-23 -0.42855473E-37
  0.14000000E+02  0.13368560E-23 -0.42255441E-37
  0.14100000E+02  0.13198082E-23 -0.41728863E-37
  0.14200000E+02  0.13030731E-23 -0.41291954E-37
  0.14300000E+02  0.12866433E-23 -0.40747877E-37
  0.14400000E+02  0.12705116E-23 -0.40193282E-37
  0.14500000E+02  0.12546713E-23 -0.39442213E-37
  0.14600000E+02  0.12391155E-23 -0.39339513E-37
  0.14700000E+02  0.12238377E-23 -0.38615463E-37
  0.14800000E+02  0.12088316E-23 -0.38333638E-37
  0.14900000E+02  0.11940909E-23 -0.37788925E-37
  0.15000000E+02  0.11796097E-23 -0.37378668E-37
  0.15100000E+02  0.11653821E-23 -0.36783251E-37
  0.15200000E+02  0.11514023E-23 -0.36509188E-37
  0.15300000E+02  0.11376650E-23 -0.35915738E-37
  0.15400000E+02  0.11241645E-23 -0.35306073E-37
  0.15500000E+02  0.11108958E-23 -0.34922685E-37
  0.15600000E+02  0.10978537E-23 -0.34678913E-37
  0.15700000E+02  0.10850333E-23 -0.34248457E-37
  0.15800000E+02  0.10724296E-23 -0.33724260E-37
  0.15900000E+02  0.10600380E-23 -0.33328304E-37
  0.16000000E+02  0.10478539E-23 -0.32947133E-37
  0.16100000E+02  0.10358728E-23 -0.32426753E-37
  0.16200000E+02  0.10240904E-23 -0.32120665E-37
  0.16300000E+02  0.10125023E-23 -0.31931793E-37
  0.16400000E+02  0.10011046E-23 -0.31275269E-37
  0.16500000E+02  0.98989311E-24 -0.31267475E-37
  0.16600000E+02  0.97886396E-24 -0.30785529E-37
  0.16700000E+02  0.96801332E-24 -0.30511288E-37
  0.16800000E+02  0.95733746E-24 -0.29997629E-37
  0.16900000E+02  0.94683275E-24 -0.29553777E-37
  0.17000000E+02  0.93649564E-24 -0.29378242E-37
  0.17100000E+02  0.92632269E-24 -0.29051324E-37
  0.17200000E+02  0.91631052E-24 -0.28802292E-37
  0.17300000E+02  0.90645584E-24 -0.28483656E-37
  0.17400000E+02  0.89675547E-24 -0.28013154E-37
  0.17500000E+02  0.88720627E-24 -0.27778657E-37
  0.17600000E+02  0.87780520E-24 -0.27280427E-37
  0.17700000E+02  0.86854929E-24 -0.27171509E-37
  0.17800000E+02  0.85943562E-24 -0.26886050E-37
  0.17900000E+02  0.85046138E-24 -0.26611297E-37
  0.18000000E+02  0.84162380E-24 -0.26318395E-37
  0.18100000E+02  0.83292019E-24 -0.25899427E-37
  0.18200000E+02  0.82434791E-24 -0.25708610E-37
  0.18300000E+02  0.81590440E-24 -0.25506080E-37
  0.18400000E+02  0.80758715E-24 -0.25158542E-37
  0.18500000E+02  0.79939371E-24 -0.25081661E-37
  0.18600000E+02  0.79132169E-24 -0.24717135E-37
  0.18700000E+02  0.78336875E-24 -0.24454816E-37
  0.18800000E+02  0.77553262E-24 -0.24190772E-37
  0.18900000E+02  0.76781107E-24 -0.23945758E-37
  0.19000000E+02  0.76020192E-24 -0.23721972E-37
  0.19100000E+02  0.75270306E-24 -0.23310217E-37
  0.19200000E+02  0.74531239E-24 -0.23049804E-37
  0.19300000E+02  0.73802790E-24 -0.22985412E-37
  0.19400000E+02  0.73084761E-24 -0.22748025E-37
  0.19500000E+02  0.72376956E-24 -0.22360741E-37
  0.19600000E+02  0.71679188E-24 -0.22370805E-37
  0.19700000E+02  0.70991271E-24 -0.22048641E-37
  0.19800000E+02  0.70313024E-24 -0.21926166E-37
  0.19900000E+02  0.69644271E-24 -0.21569917E-37
  0.20000000E+02  0.68984838E-24 -0.21476351E-37
  0.20100000E+02  0.68334556E-24 -0.21251783E-37
  0.20200000E+02  0.67693260E-24 -0.21056749E-37
  0.20300000E+02  0.67060789E-24 -0.20858734E-37
  0.20400000E+02  0.66436984E-24 -0.20613952E-37
  0.20500000E+02  0.65821690E-24 -0.20543037E-37
  0.20600000E+02  0.65214756E-24 -0.20331936E-37
  0.20700000E+02  0.64616034E-24 -0.20022336E-37
  0.20800000E+02  0.64025380E-24 -0.19962350E-37
  0.20900000E+02  0.63442651E-24 -0.19657482E-37
  0.21000000E+02  0.62867709E-24 -0.19488449E-37
  0.21100000E+02  0.62300419E-24 -0.19314671E-37
  0.21200000E+02  0.61740646E-24 -0.19116344E-37
  0.21300000E+02  0.61188262E-24 -0.19052398E-37
  0.21400000E+02  0.60643139E-24 -0.18805690E-37
  0.21500000E+02  0.60105153E-24 -0.18718105E-37
  0.21600000E+02  0.59574181E-24 -0.18446701E-37
  0.21700000E+02  0.59050104E-24 -0.18425588E-37
  0.21800000E+02  0.58532806E-24 -0.18111366E-37
  0.21900000E+02  0.58022171E-24 -0.18010550E-37
  0.22000000E+02  0.57518088E-24 -0.17763281E-37
  0.22100000E+02  0.57020446E-24 -0.17628791E-37
  0.22200000E+02  0.56529139E-24 -0.17424033E-37
  0.22300000E+02  0.56044061E-24 -0.17364280E-37
  0.22400000E+02  0.55565108E-24 -0.17190579E-37
  0.22500000E+02  0.55092179E-24 -0.17122625E-37
  0.22600000E+02  0.54625176E-24 -0.16837861E-37
  0.22700000E+02  0.54164001E-24 -0.16708454E-37
  0.22800000E+02  0.53708560E-24 -0.16608743E-37
  0.22900000E+02  0.53258758E-24 -0.16417642E-37
  0.23000000E+02  0.52814505E-24 -0.16292840E-37
  0.23100000E+02  0.52375710E-24 -0.16254309E-37
  0.23200000E+02  0.51942287E-24 -0.16031506E-37
  0.23300000E+02  0.51514149E-24 -0.15934080E-37
  0.23400000E+02  0.51091212E-24 -0.15885924E-37
  0.23500000E+02  0.50673393E-24 -0.15613576E-37
  0.23600000E+02  0.50260610E-24 -0.15548935E-37
  0.23700000E+02  0.49852785E-24 -0.15410485E-37
  0.23800000E+02  0.49449840E-24 -0.15319405E-37
  0.23900000E+02  0.49051697E-24 -0.15117117E-37
  0.24000000E+02  0.48658282E-24 -0.14999874E-37
  0.24100000E+02  0.48269522E-24 -0.14995694E-37
  0.24200000E+02  0.47885344E-24 -0.14736139E-37
  0.24300000E+02  0.47505677E-24 -0.14675261E-37
  0.24400000E+02  0.47130452E-24 -0.14650369E-37
  0.24500000E+02  0.46759601E-24 -0.14419814E-37
  0.24600000E+02  0.46393057E-24 -0.14381553E-37
  0.24700000E+02  0.46030754E-24 -0.14236186E-37
  0.24800000E+02  0.45672629E-24 -0.14144059E-37
  0.24900000E+02  0.45318617E-24 -0.14028655E-37
  0.25000000E+02  0.44968657E-24 -0.13826973E-37
  0.25100000E+02  0.44622688E-24 -0.13742617E-37
  0.25200000E+02  0.44280650E-24 -0.13667951E-37
  0.25300000E+02  0.43942485E-24 -0.13515401E-37
  0.25400000E+02  0.43608135E-24 -0.13472154E-37
  0.25500000E+02  0.43277544E-24 -0.13353606E-37
  0.25600000E+02  0.42950655E-24 -0.13289914E-37
  0.25700000E+02  0.42627416E-24 -0.13088998E-37
  0.25800000E+02  0.42307772E-24 -0.13010579E-37
  0.25900000E+02  0.41991670E-24 -0.13016815E-37
  0.26000000E+02  0.41679059E-24 -0.12874939E-37
  0.26100000E+02  0.41369889E-24 -0.12721474E-37
  0.26200000E+02  0.41064110E-24 -0.12645957E-37
  0.26300000E+02  0.40761673E-24 -0.12457250E-37
  0.26400000E+02  0.40462529E-24 -0.12418333E-37
  0.26500000E+02  0.40166633E-24 -0.12347461E-37
  0.26600000E+02  0.39873936E-24 -0.12308352E-37
  0.26700000E+02  0.39584395E-24 -0.12192436E-37
  0.26800000E+02  0.39297964E-24 -0.12183863E-37
  0.26900000E+02  0.39014599E-24 -0.12039654E-37
  0.27000000E+02  0.38734258E-24 -0.11927818E-37
  0.27100000E+02  0.38456897E-24 -0.11826998E-37
  0.27200000E+02  0.38182476E-24 -0.11797778E-37
  0.27300000E+02  0.37910952E-24 -0.11557115E-37
  0.27400000E+02  0.37642287E-24 -0.11529128E-37
  0.27500000E+02  0.37376440E-24 -0.11483987E-37
  0.27600000E+02  0.37113372E-24 -0.11452563E-37
  0.27700000E+02  0.36853046E-24 -0.11430218E-37
  0.27800000E+02  0.36595423E-24 -0.11261151E-37
  0.27900000E+02  0.36340467E-24 -0.11177664E-37
  0.28000000E+02  0.36088141E-24 -0.11070357E-37
  0.28100000E+02  0.35838410E-24 -0.10952101E-37
  0.28200000E+02  0.35591239E-24 -0.10976285E-37
  0.28300000E+02  0.35346593E-24 -0.10878498E-37
  0.28400000E+02  0.35104437E-24 -0.10800434E-37
  0.28500000E+02  0.34864740E-24 -0.10752608E-37
  0.28600000E+02  0.34627467E-24 -0.10633718E-37
  0.28700000E+02  0.34392587E-24 -0.10586774E-37
  0.28800000E+02  0.34160067E-24 -0.10459792E-37
  0.28900000E+02  0.33929877E-24 -0.10346706E-37
  0.29000000E+02  0.33701986E-24 -0.10441873E-37
  0.29100000E+02  0.33476364E-24 -0.10291079E-37
  0.29200000E+02  0.33252980E-24 -0.10201770E-37
  0.29300000E+02  0.33031806E-24 -0.10167915E-37
  0.29400000E+02  0.32812813E-24 -0.10088667E-37
  0.29500000E+02  0.32595972E-24 -0.99836931E-38
  0.29600000E+02  0.32381256E-24 -0.99827362E-38
  0.29700000E+02  0.32168637E-24 -0.99304583E-38
  0.29800000E+02  0.31958088E-24 -0.97907142E-38
  0.29900000E+02  0.31749583E-24 -0.97716366E-38
  0.30000000E+02  0.31543096E-24 -0.96670699E-38
  0.30100000E+02  0.31338600E-24 -0.96784405E-38
  0.30200000E+02  0.31136070E-24 -0.95995892E-38
  0.30300000E+02  0.30935482E-24 -0.94470639E-38
  0.30400000E+02  0.30736811E-24 -0.94178773E-38
  0.30500000E+02  0.30540032E-24 -0.93810289E-38
  0.30600000E+02  0.30345123E-24 -0.93343034E-38
  0.30700000E+02  0.30152060E-24 -0.92277464E-38
  0.30800000E+02  0.29960819E-24 -0.92076447E-38
  0.30900000E+02  0.29771377E-24 -0.91057406E-38
  0.31000000E+02  0.29583714E-24 -0.90496233E-38
  0.31100000E+02  0.29397806E-24 -0.90406852E-38
  0.31200000E+02  0.29213632E-24 -0.89537849E-38
  0.31300000E+02  0.29031170E-24 -0.89233542E-38
  0.31400000E+02  0.28850400E-24 -0.89151538E-38
  0.31500000E+02  0.28671301E-24 -0.87687605E-38
  0.31600000E+02  0.28493853E-24 -0.87576157E-38
  0.31700000E+02  0.28318034E-24 -0.86579509E-38
  0.31800000E+02  0.28143827E-24 -0.85890788E-38
  0.31900000E+02  0.27971211E-24 -0.86466581E-38
  0.32000000E+02  0.27800167E-24 -0.85542703E-38
  0.32100000E+02  0.27630676E-24 -0.85358950E-38
  0.32200000E+02  0.27462719E-24 -0.83708145E-38
  0.32300000E+02  0.27296279E-24 -0.83527672E-38
  0.32400000E+02  0.27131336E-24 -0.83232831E-38
  0.32500000E+02  0.26967875E-24 -0.82355776E-38
  0.32600000E+02  0.26805876E-24 -0.82695601E-38
  0.32700000E+02  0.26645322E-24 -0.81606916E-38
  0.32800000E+02  0.26486197E-24 -0.81699155E-38
  0.32900000E+02  0.26328483E-24 -0.80508874E-38
  0.33000000E+02  0.26172165E-24 -0.80247947E-38
  0.33100000E+02  0.26017226E-24 -0.79767179E-38
  0.33200000E+02  0.25863649E-24 -0.79327796E-38
  0.33300000E+02  0.25711420E-24 -0.79042165E-38
  0.33400000E+02  0.25560522E-24 -0.78242235E-38
  0.33500000E+02  0.25410940E-24 -0.77961621E-38
  0.33600000E+02  0.25262658E-24 -0.77842402E-38
  0.33700000E+02  0.25115663E-24 -0.77556567E-38
  0.33800000E+02  0.24969939E-24 -0.76437140E-38
  0.33900000E+02  0.24825471E-24 -0.75859360E-38
  0.34000000E+02  0.24682246E-24 -0.75424976E-38
  0.34100000E+02  0.24540249E-24 -0.74936618E-38
  0.34200000E+02  0.24399467E-24 -0.74774271E-38
  0.34300000E+02  0.24259885E-24 -0.74435745E-38
  0.34400000E+02  0.24121490E-24 -0.73776720E-38
  0.34500000E+02  0.23984269E-24 -0.73810398E-38
  0.34600000E+02  0.23848208E-24 -0.73537224E-38
  0.34700000E+02  0.23713295E-24 -0.72656602E-38
  0.34800000E+02  0.23579517E-24 -0.71964460E-38
  0.34900000E+02  0.23446861E-24 -0.72155324E-38
  0.35000000E+02  0.23315315E-24 -0.71195887E-38
  0.35100000E+02  0.23184866E-24 -0.71460309E-38
  0.35200000E+02  0.23055503E-24 -0.70969583E-38
  0.35300000E+02  0.22927213E-24 -0.69974757E-38
  0.35400000E+02  0.22799985E-24 -0.69802966E-38
  0.35500000E+02  0.22673807E-24 -0.69142166E-38
  0.35600000E+02  0.22548668E-24 -0.69157898E-38
  0.35700000E+02  0.22424555E-24 -0.69282755E-38
  0.35800000E+02  0.22301459E-24 -0.68392516E-38
  0.35900000E+02  0.22179369E-24 -0.67787667E-38
  0.36000000E+02  0.22058272E-24 -0.67580651E-38
  0.36100000E+02  0.21938159E-24 -0.67204710E-38
  0.36200000E+02  0.21819020E-24 -0.66688426E-38
  0.36300000E+02  0.21700842E-24 -0.66217687E-38
  0.36400000E+02  0.21583618E-24 -0.66168144E-38
  0.36500000E+02  0.21467335E-24 -0.65729315E-38
  0.36600000E+02  0.21351984E-24 -0.65371443E-38
  0.36700000E+02  0.21237556E-24 -0.64871783E-38
  0.36800000E+02  0.21124041E-24 -0.65002143E-38
  0.36900000E+02  0.21011428E-24 -0.64503647E-38
  0.37000000E+02  0.20899709E-24 -0.64115858E-38
  0.37100000E+02  0.20788873E-24 -0.64004097E-38
  0.37200000E+02  0.20678913E-24 -0.63349988E-38
  0.37300000E+02  0.20569818E-24 -0.62768515E-38
  0.37400000E+02  0.20461580E-24 -0.62618811E-38
  0.37500000E+02  0.20354189E-24 -0.62201695E-38
  0.37600000E+02  0.20247638E-24 -0.61735304E-38
  0.37700000E+02  0.20141917E-24 -0.61881470E-38
  0.37800000E+02  0.20037017E-24 -0.61218212E-38
  0.37900000E+02  0.19932931E-24 -0.61245536E-38
  0.38000000E+02  0.19829650E-24 -0.60984934E-38
  0.38100000E+02  0.19727165E-24 -0.60382186E-38
  0.38200000E+02  0.19625470E-24 -0.59742571E-38
  0.38300000E+02  0.19524554E-24 -0.59893603E-38
  0.38400000E+02  0.19424411E-24 -0.59525170E-38
  0.38500000E+02  0.19325033E-24 -0.59134479E-38
  0.38600000E+02  0.19226412E-24 -0.59054314E-38
  0.38700000E+02  0.19128541E-24 -0.58920682E-38
  0.38800000E+02  0.19031411E-24 -0.58057982E-38
  0.38900000E+02  0.18935016E-24 -0.58104217E-38
  0.39000000E+02  0.18839348E-24 -0.57528742E-38
  0.39100000E+02  0.18744399E-24 -0.57298120E-38
  0.39200000E+02  0.18650164E-24 -0.57128335E-38
  0.39300000E+02  0.18556634E-24 -0.56518344E-38
  0.39400000E+02  0.18463802E-24 -0.56434208E-38
  0.39500000E+02  0.18371663E-24 -0.55786281E-38
  0.39600000E+02  0.18280208E-24 -0.56097773E-38
  0.39700000E+02  0.18189431E-24 -0.55263468E-38
  0.39800000E+02  0.18099326E-24 -0.54925103E-38
  0.39900000E+02  0.18009885E-24 -0.55076072E-38
  0.40000000E+02  0.17921103E-24 -0.54684455E-38
