  0.00000000E+00  0.39341454E-20  0.16733571E-38
  0.10000000E+00  0.39294831E-20  0.16561481E-38
  0.20000000E+00  0.39156168E-20  0.16578412E-38
  0.30000000E+00  0.38928962E-20  0.17398963E-38
  0.40000000E+00  0.38618684E-20  0.16621548E-38
  0.50000000E+00  0.38232320E-20  0.17383748E-38
  0.60000000E+00  0.37777855E-20  0.17436937E-38
  0.70000000E+00  0.37263788E-20  0.17557041E-38
  0.80000000E+00  0.36698707E-20  0.17743530E-38
  0.90000000E+00  0.36090969E-20  0.18196599E-38
  0.10000000E+01  0.35448463E-20  0.17472185E-38
  0.11000000E+01  0.34778470E-20  0.17079857E-38
  0.12000000E+01  0.34087580E-20  0.16532149E-38
  0.13000000E+01  0.33381670E-20  0.16045520E-38
  0.14000000E+01  0.32665907E-20  0.15675734E-38
  0.15000000E+01  0.31944784E-20  0.15353710E-38
  0.16000000E+01  0.31222165E-20  0.15048773E-38
  0.17000000E+01  0.30501345E-20  0.13784530E-38
  0.18000000E+01  0.29785100E-20  0.13361039E-38
  0.19000000E+01  0.29075752E-20  0.12722243E-38
  0.20000000E+01  0.28375221E-20  0.11779063E-38
  0.21000000E+01  0.27685076E-20  0.11065784E-38
  0.22000000E+01  0.27006581E-20  0.10830935E-38
  0.23000000E+01  0.26340741E-20  0.98354692E-39
  0.24000000E+01  0.25688334E-20  0.95028021E-39
  0.25000000E+01  0.25049951E-20  0.87795359E-39
  0.26000000E+01  0.24426014E-20  0.84059852E-39
  0.27000000E+01  0.23816814E-20  0.80034761E-39
  0.28000000E+01  0.23222522E-20  0.71084367E-39
  0.29000000E+01  0.22643212E-20  0.67588577E-39
  0.30000000E+01  0.22078878E-20  0.65321835E-39
  0.31000000E+01  0.21529445E-20  0.59547200E-39
  0.32000000E+01  0.20994783E-20  0.54764164E-39
  0.33000000E+01  0.20474715E-20  0.52000733E-39
  0.34000000E+01  0.19969026E-20  0.49934459E-39
  0.35000000E+01  0.19477472E-20  0.47941320E-39
  0.36000000E+01  0.18999784E-20  0.43063965E-39
  0.37000000E+01  0.18535675E-20  0.39992332E-39
  0.38000000E+01  0.18084842E-20  0.38252882E-39
  0.39000000E+01  0.17646974E-20  0.35913041E-39
  0.40000000E+01  0.17221749E-20  0.33130670E-39
  0.41000000E+01  0.16808843E-20  0.32196316E-39
  0.42000000E+01  0.16407930E-20  0.29100839E-39
  0.43000000E+01  0.16018680E-20  0.25504419E-39
  0.44000000E+01  0.15640767E-20  0.24888424E-39
  0.45000000E+01  0.15273867E-20  0.22827760E-39
  0.46000000E+01  0.14917659E-20  0.22401057E-39
  0.47000000E+01  0.14571827E-20  0.20746314E-39
  0.48000000E+01  0.14236058E-20  0.19420596E-39
  0.49000000E+01  0.13910048E-20  0.18450012E-39
  0.50000000E+01  0.13593498E-20  0.17314463E-39
  0.51000000E+01  0.13286115E-20  0.16051548E-39
  0.52000000E+01  0.12987613E-20  0.15119934E-39
  0.53000000E+01  0.12697713E-20  0.13943071E-39
  0.54000000E+01  0.12416144E-20  0.13423924E-39
  0.55000000E+01  0.12142643E-20  0.12357948E-39
  0.56000000E+01  0.11876953E-20  0.11630682E-39
  0.57000000E+01  0.11618824E-20  0.11808153E-39
  0.58000000E+01  0.11368014E-20  0.11934334E-39
  0.59000000E+01  0.11124290E-20  0.11659624E-39
  0.60000000E+01  0.10887424E-20  0.94075773E-40
  0.61000000E+01  0.10657196E-20  0.91444118E-40
  0.62000000E+01  0.10433392E-20  0.85085340E-40
  0.63000000E+01  0.10215805E-20  0.83061445E-40
  0.64000000E+01  0.10004237E-20  0.68265384E-40
  0.65000000E+01  0.97984941E-21  0.78237130E-40
  0.66000000E+01  0.95983893E-21  0.65576100E-40
  0.67000000E+01  0.94037421E-21  0.66283994E-40
  0.68000000E+01  0.92143779E-21  0.58316594E-40
  0.69000000E+01  0.90301280E-21  0.48213615E-40
  0.70000000E+01  0.88508296E-21  0.52287790E-40
  0.71000000E+01  0.86763251E-21  0.54083521E-40
  0.72000000E+01  0.85064624E-21  0.40266489E-40
  0.73000000E+01  0.83410948E-21  0.37156109E-40
  0.74000000E+01  0.81800802E-21  0.41269363E-40
  0.75000000E+01  0.80232819E-21  0.37288570E-40
  0.76000000E+01  0.78705674E-21  0.37835425E-40
  0.77000000E+01  0.77218091E-21  0.31346462E-40
  0.78000000E+01  0.75768836E-21  0.33880395E-40
  0.79000000E+01  0.74356719E-21  0.35519442E-40
  0.80000000E+01  0.72980590E-21  0.26992604E-40
  0.81000000E+01  0.71639338E-21  0.21983434E-40
  0.82000000E+01  0.70331892E-21  0.26813003E-40
  0.83000000E+01  0.69057217E-21  0.20945098E-40
  0.84000000E+01  0.67814314E-21  0.24092522E-40
  0.85000000E+01  0.66602216E-21  0.23883380E-40
  0.86000000E+01  0.65419992E-21  0.20742110E-40
  0.87000000E+01  0.64266741E-21  0.20533329E-40
  0.88000000E+01  0.63141595E-21  0.17558310E-40
  0.89000000E+01  0.62043713E-21  0.17559920E-40
  0.90000000E+01  0.60972283E-21  0.14964510E-40
  0.91000000E+01  0.59926523E-21  0.11176487E-40
  0.92000000E+01  0.58905674E-21  0.14417710E-40
  0.93000000E+01  0.57909006E-21  0.12186090E-40
  0.94000000E+01  0.56935811E-21  0.85011190E-41
  0.95000000E+01  0.55985405E-21  0.12416837E-40
  0.96000000E+01  0.55057129E-21  0.12833862E-40
  0.97000000E+01  0.54150343E-21  0.14408613E-40
  0.98000000E+01  0.53264432E-21  0.52964176E-41
  0.99000000E+01  0.52398797E-21  0.10618181E-40
  0.10000000E+02  0.51552863E-21  0.78572150E-41
  0.10100000E+02  0.50726072E-21  0.10038122E-40
  0.10200000E+02  0.49917883E-21  0.10412287E-40
  0.10300000E+02  0.49127776E-21  0.58946670E-41
  0.10400000E+02  0.48355245E-21  0.77705805E-41
  0.10500000E+02  0.47599801E-21  0.67608341E-41
  0.10600000E+02  0.46860973E-21  0.52721495E-41
  0.10700000E+02  0.46138303E-21  0.43778672E-41
  0.10800000E+02  0.45431349E-21  0.32706525E-41
  0.10900000E+02  0.44739681E-21  0.39347200E-41
  0.11000000E+02  0.44062885E-21  0.52151149E-41
  0.11100000E+02  0.43400560E-21  0.29537788E-41
  0.11200000E+02  0.42752317E-21  0.49543884E-41
  0.11300000E+02  0.42117780E-21  0.41072480E-41
  0.11400000E+02  0.41496583E-21  0.19252602E-41
  0.11500000E+02  0.40888373E-21 -0.56292666E-42
  0.11600000E+02  0.40292808E-21  0.65519516E-42
  0.11700000E+02  0.39709557E-21  0.73918615E-41
  0.11800000E+02  0.39138298E-21  0.27288503E-41
  0.11900000E+02  0.38578720E-21 -0.25151550E-41
  0.12000000E+02  0.38030520E-21 -0.19595099E-41
  0.12100000E+02  0.37493406E-21  0.44468927E-42
  0.12200000E+02  0.36967095E-21  0.37178051E-41
  0.12300000E+02  0.36451311E-21 -0.14326410E-42
  0.12400000E+02  0.35945788E-21  0.27926178E-41
  0.12500000E+02  0.35450266E-21 -0.37095369E-42
  0.12600000E+02  0.34964494E-21  0.79982531E-42
  0.12700000E+02  0.34488229E-21 -0.46188968E-41
  0.12800000E+02  0.34021235E-21 -0.81174471E-42
  0.12900000E+02  0.33563282E-21 -0.90241901E-42
  0.13000000E+02  0.33114148E-21  0.19690448E-42
  0.13100000E+02  0.32673617E-21  0.81694716E-42
  0.13200000E+02  0.32241478E-21  0.21572599E-42
  0.13300000E+02  0.31817528E-21 -0.23804796E-41
  0.13400000E+02  0.31401569E-21 -0.17879775E-41
  0.13500000E+02  0.30993410E-21 -0.48821914E-41
  0.13600000E+02  0.30592864E-21  0.14471703E-41
  0.13700000E+02  0.30199749E-21  0.81390311E-42
  0.13800000E+02  0.29813889E-21 -0.52584801E-42
  0.13900000E+02  0.29435114E-21 -0.51586652E-42
  0.14000000E+02  0.29063257E-21 -0.14361290E-41
  0.14100000E+02  0.28698157E-21  0.47992941E-42
  0.14200000E+02  0.28339656E-21 -0.27767983E-41
  0.14300000E+02  0.27987602E-21 -0.36438877E-41
  0.14400000E+02  0.27641846E-21 -0.63716407E-42
  0.14500000E+02  0.27302245E-21 -0.10896728E-41
  0.14600000E+02  0.26968657E-21 -0.35154667E-41
  0.14700000E+02  0.26640946E-21 -0.15553750E-41
  0.14800000E+02  0.26318980E-21 -0.11073136E-41
  0.14900000E+02  0.26002629E-21 -0.22403772E-41
  0.15000000E+02  0.25691767E-21 -0.11293036E-41
  0.15100000E+02  0.25386272E-21 -0.26836076E-41
  0.15200000E+02  0.25086026E-21 -0.42490204E-41
  0.15300000E+02  0.24790912E-21 -0.79965305E-42
  0.15400000E+02  0.24500817E-21 -0.13485956E-41
  0.15500000E+02  0.24215632E-21 -0.14270224E-41
  0.15600000E+02  0.23935250E-21 -0.36510140E-41
  0.15700000E+02  0.23659567E-21 -0.90165997E-42
  0.15800000E+02  0.23388481E-21 -0.30115239E-41
  0.15900000E+02  0.23121894E-21 -0.16254019E-41
  0.16000000E+02  0.22859709E-21 -0.20984892E-41
  0.16100000E+02  0.22601833E-21 -0.20366520E-41
  0.16200000E+02  0.22348175E-21 -0.29559838E-41
  0.16300000E+02  0.22098645E-21 -0.36492906E-41
  0.16400000E+02  0.21853157E-21 -0.21149243E-41
  0.16500000E+02  0.21611626E-21 -0.18393597E-41
  0.16600000E+02  0.21373971E-21 -0.23224614E-41
  0.16700000E+02  0.21140110E-21 -0.53362497E-41
  0.16800000E+02  0.20909966E-21 -0.21267892E-41
  0.16900000E+02  0.20683462E-21 -0.19383898E-41
  0.17000000E+02  0.20460524E-21 -0.42458795E-41
  0.17100000E+02  0.20241079E-21 -0.45829003E-41
  0.17200000E+02  0.20025057E-21 -0.43741196E-41
  0.17300000E+02  0.19812388E-21 -0.10413786E-41
  0.17400000E+02  0.19603006E-21 -0.30710404E-41
  0.17500000E+02  0.19396844E-21 -0.31327257E-41
  0.17600000E+02  0.19193838E-21 -0.46192698E-41
  0.17700000E+02  0.18993926E-21 -0.37160186E-41
  0.17800000E+02  0.18797047E-21 -0.20709230E-41
  0.17900000E+02  0.18603141E-21 -0.18077112E-41
  0.18000000E+02  0.18412150E-21 -0.22476421E-41
  0.18100000E+02  0.18224017E-21 -0.18299259E-41
  0.18200000E+02  0.18038686E-21 -0.25399933E-41
  0.18300000E+02  0.17856105E-21 -0.27958117E-41
  0.18400000E+02  0.17676219E-21 -0.40579849E-41
  0.18500000E+02  0.17498977E-21 -0.38335826E-41
  0.18600000E+02  0.17324328E-21 -0.13576863E-41
  0.18700000E+02  0.17152225E-21 -0.37509521E-41
  0.18800000E+02  0.16982617E-21 -0.25789043E-41
  0.18900000E+02  0.16815459E-21 -0.26265464E-41
  0.19000000E+02  0.16650704E-21 -0.27590021E-41
  0.19100000E+02  0.16488307E-21 -0.26387889E-41
  0.19200000E+02  0.16328225E-21 -0.37499061E-41
  0.19300000E+02  0.16170415E-21 -0.39847807E-41
  0.19400000E+02  0.16014835E-21 -0.19646528E-41
  0.19500000E+02  0.15861443E-21 -0.35720824E-41
  0.19600000E+02  0.15710200E-21 -0.27204845E-41
  0.19700000E+02  0.15561067E-21 -0.20817370E-41
  0.19800000E+02  0.15414005E-21 -0.40186390E-41
  0.19900000E+02  0.15268978E-21 -0.23229447E-41
  0.20000000E+02  0.15125947E-21 -0.36609157E-41
  0.20100000E+02  0.14984878E-21 -0.30868244E-41
  0.20200000E+02  0.14845736E-21 -0.31657207E-41
  0.20300000E+02  0.14708486E-21 -0.18855929E-41
  0.20400000E+02  0.14573094E-21 -0.23385095E-41
  0.20500000E+02  0.14439529E-21 -0.23645036E-41
  0.20600000E+02  0.14307757E-21 -0.27659091E-41
  0.20700000E+02  0.14177748E-21 -0.11469739E-41
  0.20800000E+02  0.14049471E-21 -0.24347809E-41
  0.20900000E+02  0.13922895E-21 -0.24806404E-41
  0.21000000E+02  0.13797991E-21 -0.24256850E-41
  0.21100000E+02  0.13674731E-21 -0.22653955E-41
  0.21200000E+02  0.13553087E-21 -0.23735194E-41
  0.21300000E+02  0.13433029E-21 -0.25871848E-41
  0.21400000E+02  0.13314533E-21 -0.21762711E-41
  0.21500000E+02  0.13197570E-21 -0.37156465E-41
  0.21600000E+02  0.13082116E-21 -0.35196975E-41
  0.21700000E+02  0.12968145E-21 -0.26273457E-41
  0.21800000E+02  0.12855631E-21 -0.21171124E-41
  0.21900000E+02  0.12744552E-21 -0.33634384E-41
  0.22000000E+02  0.12634882E-21 -0.36356132E-41
  0.22100000E+02  0.12526598E-21 -0.28487205E-41
  0.22200000E+02  0.12419678E-21 -0.29033588E-41
  0.22300000E+02  0.12314099E-21 -0.37971222E-41
  0.22400000E+02  0.12209839E-21 -0.30275925E-41
  0.22500000E+02  0.12106876E-21 -0.26331279E-41
  0.22600000E+02  0.12005190E-21 -0.22633949E-41
  0.22700000E+02  0.11904760E-21 -0.27315749E-41
  0.22800000E+02  0.11805565E-21 -0.24678902E-41
  0.22900000E+02  0.11707586E-21 -0.20904819E-41
  0.23000000E+02  0.11610803E-21 -0.21111117E-41
  0.23100000E+02  0.11515197E-21 -0.13892618E-41
  0.23200000E+02  0.11420750E-21 -0.32243160E-41
  0.23300000E+02  0.11327442E-21 -0.35979046E-41
  0.23400000E+02  0.11235256E-21 -0.25639136E-41
  0.23500000E+02  0.11144175E-21 -0.18170163E-41
  0.23600000E+02  0.11054180E-21 -0.16196255E-41
  0.23700000E+02  0.10965256E-21 -0.25128892E-41
  0.23800000E+02  0.10877385E-21 -0.24729995E-41
  0.23900000E+02  0.10790551E-21 -0.17958541E-41
  0.24000000E+02  0.10704738E-21 -0.10914246E-41
  0.24100000E+02  0.10619930E-21 -0.19460133E-41
  0.24200000E+02  0.10536112E-21 -0.22057151E-41
  0.24300000E+02  0.10453268E-21 -0.21520534E-41
  0.24400000E+02  0.10371385E-21 -0.33743882E-41
  0.24500000E+02  0.10290447E-21 -0.21640455E-41
  0.24600000E+02  0.10210440E-21 -0.26327406E-41
  0.24700000E+02  0.10131350E-21 -0.32167025E-41
  0.24800000E+02  0.10053163E-21 -0.21957963E-41
  0.24900000E+02  0.99758653E-22 -0.12291830E-41
  0.25000000E+02  0.98994444E-22 -0.25984587E-41
  0.25100000E+02  0.98238869E-22 -0.22710793E-41
  0.25200000E+02  0.97491799E-22 -0.18457668E-41
  0.25300000E+02  0.96753109E-22 -0.14887551E-41
  0.25400000E+02  0.96022677E-22 -0.19255381E-41
  0.25500000E+02  0.95300380E-22 -0.21125691E-41
  0.25600000E+02  0.94586101E-22 -0.19485121E-41
  0.25700000E+02  0.93879721E-22 -0.14923771E-41
  0.25800000E+02  0.93181127E-22 -0.18293447E-41
  0.25900000E+02  0.92490207E-22 -0.17245921E-41
  0.26000000E+02  0.91806848E-22 -0.20444533E-41
  0.26100000E+02  0.91130944E-22 -0.17746872E-41
  0.26200000E+02  0.90462387E-22 -0.24354196E-41
  0.26300000E+02  0.89801071E-22 -0.15417804E-41
  0.26400000E+02  0.89146896E-22 -0.23202633E-41
  0.26500000E+02  0.88499758E-22 -0.25876556E-41
  0.26600000E+02  0.87859559E-22 -0.17733940E-41
  0.26700000E+02  0.87226200E-22 -0.16278135E-41
  0.26800000E+02  0.86599587E-22 -0.21483692E-41
  0.26900000E+02  0.85979624E-22 -0.17985231E-41
  0.27000000E+02  0.85366220E-22 -0.25421183E-41
  0.27100000E+02  0.84759282E-22 -0.15609226E-41
  0.27200000E+02  0.84158721E-22 -0.17440162E-41
  0.27300000E+02  0.83564449E-22 -0.19018582E-41
  0.27400000E+02  0.82976380E-22 -0.23516610E-41
  0.27500000E+02  0.82394429E-22 -0.11289490E-41
  0.27600000E+02  0.81818511E-22 -0.19654944E-41
  0.27700000E+02  0.81248545E-22 -0.20076202E-41
  0.27800000E+02  0.80684450E-22 -0.20969304E-41
  0.27900000E+02  0.80126146E-22 -0.23211891E-41
  0.28000000E+02  0.79573556E-22 -0.24625506E-41
  0.28100000E+02  0.79026601E-22 -0.24211699E-41
  0.28200000E+02  0.78485208E-22 -0.25720596E-41
  0.28300000E+02  0.77949301E-22 -0.16560065E-41
  0.28400000E+02  0.77418807E-22 -0.11978708E-41
  0.28500000E+02  0.76893654E-22 -0.23484427E-41
  0.28600000E+02  0.76373772E-22 -0.19862366E-41
  0.28700000E+02  0.75859091E-22 -0.11144438E-41
  0.28800000E+02  0.75349543E-22 -0.20430952E-41
  0.28900000E+02  0.74845060E-22 -0.22103661E-41
  0.29000000E+02  0.74345576E-22 -0.19602330E-41
  0.29100000E+02  0.73851026E-22 -0.19856584E-41
  0.29200000E+02  0.73361345E-22 -0.20348956E-41
  0.29300000E+02  0.72876471E-22 -0.15930881E-41
  0.29400000E+02  0.72396342E-22 -0.20063676E-41
  0.29500000E+02  0.71920896E-22 -0.16262775E-41
  0.29600000E+02  0.71450073E-22 -0.21483491E-41
  0.29700000E+02  0.70983814E-22 -0.20775851E-41
  0.29800000E+02  0.70522061E-22 -0.21254225E-41
  0.29900000E+02  0.70064757E-22 -0.15891318E-41
  0.30000000E+02  0.69611844E-22 -0.22482972E-41
  0.30100000E+02  0.69163269E-22 -0.18414447E-41
  0.30200000E+02  0.68718975E-22 -0.16796937E-41
  0.30300000E+02  0.68278909E-22 -0.17911092E-41
  0.30400000E+02  0.67843018E-22 -0.19976298E-41
  0.30500000E+02  0.67411250E-22 -0.23706437E-41
  0.30600000E+02  0.66983554E-22 -0.17680520E-41
  0.30700000E+02  0.66559878E-22 -0.19629217E-41
  0.30800000E+02  0.66140174E-22 -0.21962507E-41
  0.30900000E+02  0.65724391E-22 -0.21439245E-41
  0.31000000E+02  0.65312483E-22 -0.14926574E-41
  0.31100000E+02  0.64904401E-22 -0.14417484E-41
  0.31200000E+02  0.64500098E-22 -0.16440045E-41
  0.31300000E+02  0.64099529E-22 -0.13677058E-41
  0.31400000E+02  0.63702647E-22 -0.21867551E-41
  0.31500000E+02  0.63309409E-22 -0.20861413E-41
  0.31600000E+02  0.62919769E-22 -0.19478755E-41
  0.31700000E+02  0.62533686E-22 -0.11809802E-41
  0.31800000E+02  0.62151115E-22 -0.16681353E-41
  0.31900000E+02  0.61772015E-22 -0.18576268E-41
  0.32000000E+02  0.61396344E-22 -0.14376808E-41
  0.32100000E+02  0.61024061E-22 -0.19681148E-41
  0.32200000E+02  0.60655127E-22 -0.19604458E-41
  0.32300000E+02  0.60289501E-22 -0.15501968E-41
  0.32400000E+02  0.59927144E-22 -0.14127607E-41
  0.32500000E+02  0.59568017E-22 -0.17166561E-41
  0.32600000E+02  0.59212084E-22 -0.12683533E-41
  0.32700000E+02  0.58859305E-22 -0.16031199E-41
  0.32800000E+02  0.58509645E-22 -0.17964585E-41
  0.32900000E+02  0.58163067E-22 -0.17282862E-41
  0.33000000E+02  0.57819536E-22 -0.16500280E-41
  0.33100000E+02  0.57479015E-22 -0.11680294E-41
  0.33200000E+02  0.57141470E-22 -0.16991385E-41
  0.33300000E+02  0.56806867E-22 -0.12634182E-41
  0.33400000E+02  0.56475172E-22 -0.12981864E-41
  0.33500000E+02  0.56146351E-22 -0.12674803E-41
  0.33600000E+02  0.55820372E-22 -0.12919815E-41
  0.33700000E+02  0.55497202E-22 -0.19241261E-41
  0.33800000E+02  0.55176810E-22 -0.16730290E-41
  0.33900000E+02  0.54859164E-22 -0.14606969E-41
  0.34000000E+02  0.54544232E-22 -0.17241559E-41
  0.34100000E+02  0.54231984E-22 -0.18720570E-41
  0.34200000E+02  0.53922391E-22 -0.16224022E-41
  0.34300000E+02  0.53615422E-22 -0.12662301E-41
  0.34400000E+02  0.53311047E-22 -0.15763155E-41
  0.34500000E+02  0.53009239E-22 -0.14447066E-41
  0.34600000E+02  0.52709967E-22 -0.13542959E-41
  0.34700000E+02  0.52413205E-22 -0.12656533E-41
  0.34800000E+02  0.52118925E-22 -0.14459366E-41
  0.34900000E+02  0.51827098E-22 -0.17253119E-41
  0.35000000E+02  0.51537698E-22 -0.13521842E-41
  0.35100000E+02  0.51250699E-22 -0.13133722E-41
  0.35200000E+02  0.50966074E-22 -0.16018781E-41
  0.35300000E+02  0.50683797E-22 -0.13605166E-41
  0.35400000E+02  0.50403842E-22 -0.18221648E-41
  0.35500000E+02  0.50126185E-22 -0.10108153E-41
  0.35600000E+02  0.49850800E-22 -0.10083438E-41
  0.35700000E+02  0.49577663E-22 -0.13340205E-41
  0.35800000E+02  0.49306749E-22 -0.16578384E-41
  0.35900000E+02  0.49038036E-22 -0.15175910E-41
  0.36000000E+02  0.48771498E-22 -0.97034607E-42
  0.36100000E+02  0.48507113E-22 -0.10435167E-41
  0.36200000E+02  0.48244858E-22 -0.10171620E-41
  0.36300000E+02  0.47984710E-22 -0.12029347E-41
  0.36400000E+02  0.47726647E-22 -0.13739576E-41
  0.36500000E+02  0.47470647E-22 -0.14768474E-41
  0.36600000E+02  0.47216688E-22 -0.11954035E-41
  0.36700000E+02  0.46964748E-22 -0.12808471E-41
  0.36800000E+02  0.46714807E-22 -0.13776017E-41
  0.36900000E+02  0.46466842E-22 -0.95969763E-42
  0.37000000E+02  0.46220835E-22 -0.13626971E-41
  0.37100000E+02  0.45976763E-22 -0.14931059E-41
  0.37200000E+02  0.45734608E-22 -0.12043034E-41
  0.37300000E+02  0.45494349E-22 -0.16552891E-41
  0.37400000E+02  0.45255967E-22 -0.11441461E-41
  0.37500000E+02  0.45019441E-22 -0.14151906E-41
  0.37600000E+02  0.44784754E-22 -0.12868044E-41
  0.37700000E+02  0.44551886E-22 -0.12748499E-41
  0.37800000E+02  0.44320819E-22 -0.13098700E-41
  0.37900000E+02  0.44091533E-22 -0.13702676E-41
  0.38000000E+02  0.43864012E-22 -0.14903828E-41
  0.38100000E+02  0.43638237E-22 -0.13867275E-41
  0.38200000E+02  0.43414190E-22 -0.85410319E-42
  0.38300000E+02  0.43191854E-22 -0.14156064E-41
  0.38400000E+02  0.42971211E-22 -0.88164907E-42
  0.38500000E+02  0.42752245E-22 -0.13337833E-41
  0.38600000E+02  0.42534939E-22 -0.15294510E-41
  0.38700000E+02  0.42319276E-22 -0.13833570E-41
  0.38800000E+02  0.42105239E-22 -0.12079541E-41
  0.38900000E+02  0.41892813E-22 -0.11200456E-41
  0.39000000E+02  0.41681981E-22 -0.11752600E-41
  0.39100000E+02  0.41472727E-22 -0.12707941E-41
  0.39200000E+02  0.41265037E-22 -0.11431358E-41
  0.39300000E+02  0.41058894E-22 -0.11389028E-41
  0.39400000E+02  0.40854283E-22 -0.11553282E-41
  0.39500000E+02  0.40651190E-22 -0.10690171E-41
  0.39600000E+02  0.40449598E-22 -0.13585828E-41
  0.39700000E+02  0.40249494E-22 -0.12193207E-41
  0.39800000E+02  0.40050864E-22 -0.10438716E-41
  0.39900000E+02  0.39853692E-22 -0.11834929E-41
  0.40000000E+02  0.39657964E-22 -0.12631164E-41
