  0.00000000E+00  0.46182244E-22  0.11246325E-35
  0.10000000E+00  0.45722130E-22  0.11248133E-35
  0.20000000E+00  0.44379394E-22  0.11195963E-35
  0.30000000E+00  0.42259595E-22  0.11156248E-35
  0.40000000E+00  0.39516992E-22  0.11045576E-35
  0.50000000E+00  0.36329602E-22  0.10938050E-35
  0.60000000E+00  0.32875387E-22  0.10801598E-35
  0.70000000E+00  0.29314347E-22  0.10638454E-35
  0.80000000E+00  0.25778190E-22  0.10459488E-35
  0.90000000E+00  0.22366829E-22  0.10325518E-35
  0.10000000E+01  0.19149757E-22  0.10120641E-35
  0.11000000E+01  0.16170195E-22  0.99293200E-36
  0.12000000E+01  0.13450330E-22  0.97688114E-36
  0.13000000E+01  0.10996545E-22  0.95766375E-36
  0.14000000E+01  0.88040288E-23  0.93672883E-36
  0.15000000E+01  0.68605578E-23  0.91813193E-36
  0.16000000E+01  0.51494100E-23  0.89923427E-36
  0.17000000E+01  0.36515161E-23  0.88000796E-36
  0.18000000E+01  0.23469785E-23  0.86023892E-36
  0.19000000E+01  0.12160978E-23  0.84295280E-36
  0.20000000E+01  0.24002874E-24  0.82430824E-36
  0.21000000E+01 -0.59883235E-24  0.80677594E-36
  0.22000000E+01 -0.13166483E-23  0.79070842E-36
  0.23000000E+01 -0.19280713E-23  0.77311328E-36
  0.24000000E+01 -0.24462566E-23  0.75558332E-36
  0.25000000E+01 -0.28829296E-23  0.73778338E-36
  0.26000000E+01 -0.32484826E-23  0.72197268E-36
  0.27000000E+01 -0.35520869E-23  0.70611929E-36
  0.28000000E+01 -0.38018096E-23  0.68980145E-36
  0.29000000E+01 -0.40047289E-23  0.67553687E-36
  0.30000000E+01 -0.41670437E-23  0.65992949E-36
  0.31000000E+01 -0.42941752E-23  0.64398882E-36
  0.32000000E+01 -0.43908600E-23  0.62928292E-36
  0.33000000E+01 -0.44612333E-23  0.61607502E-36
  0.34000000E+01 -0.45089040E-23  0.60196798E-36
  0.35000000E+01 -0.45370204E-23  0.58836819E-36
  0.36000000E+01 -0.45483286E-23  0.57491375E-36
  0.37000000E+01 -0.45452240E-23  0.56340341E-36
  0.38000000E+01 -0.45297956E-23  0.55089362E-36
  0.39000000E+01 -0.45038653E-23  0.53808203E-36
  0.40000000E+01 -0.44690221E-23  0.52609609E-36
  0.41000000E+01 -0.44266518E-23  0.51412632E-36
  0.42000000E+01 -0.43779625E-23  0.50222169E-36
  0.43000000E+01 -0.43240075E-23  0.49122789E-36
  0.44000000E+01 -0.42657050E-23  0.48052738E-36
  0.45000000E+01 -0.42038544E-23  0.46902236E-36
  0.46000000E+01 -0.41391521E-23  0.45940433E-36
  0.47000000E+01 -0.40722036E-23  0.44993021E-36
  0.48000000E+01 -0.40035353E-23  0.43992114E-36
  0.49000000E+01 -0.39336043E-23  0.43013604E-36
  0.50000000E+01 -0.38628067E-23  0.42038855E-36
  0.51000000E+01 -0.37914852E-23  0.41174752E-36
  0.52000000E+01 -0.37199359E-23  0.40317805E-36
  0.53000000E+01 -0.36484138E-23  0.39464686E-36
  0.54000000E+01 -0.35771379E-23  0.38672743E-36
  0.55000000E+01 -0.35062957E-23  0.37779973E-36
  0.56000000E+01 -0.34360468E-23  0.37024816E-36
  0.57000000E+01 -0.33665268E-23  0.36269420E-36
  0.58000000E+01 -0.32978496E-23  0.35502256E-36
  0.59000000E+01 -0.32301108E-23  0.34789621E-36
  0.60000000E+01 -0.31633894E-23  0.33992134E-36
  0.61000000E+01 -0.30977500E-23  0.33349034E-36
  0.62000000E+01 -0.30332448E-23  0.32647478E-36
  0.63000000E+01 -0.29699150E-23  0.31939881E-36
  0.64000000E+01 -0.29077921E-23  0.31341222E-36
  0.65000000E+01 -0.28468994E-23  0.30655177E-36
  0.66000000E+01 -0.27872527E-23  0.30086851E-36
  0.67000000E+01 -0.27288618E-23  0.29463979E-36
  0.68000000E+01 -0.26717308E-23  0.28940532E-36
  0.69000000E+01 -0.26158591E-23  0.28341225E-36
  0.70000000E+01 -0.25612421E-23  0.27769854E-36
  0.71000000E+01 -0.25078715E-23  0.27252216E-36
  0.72000000E+01 -0.24557364E-23  0.26744694E-36
  0.73000000E+01 -0.24048229E-23  0.26224227E-36
  0.74000000E+01 -0.23551153E-23  0.25718155E-36
  0.75000000E+01 -0.23065960E-23  0.25240713E-36
  0.76000000E+01 -0.22592458E-23  0.24708657E-36
  0.77000000E+01 -0.22130443E-23  0.24305395E-36
  0.78000000E+01 -0.21679704E-23  0.23829272E-36
  0.79000000E+01 -0.21240020E-23  0.23381031E-36
  0.80000000E+01 -0.20811162E-23  0.22962967E-36
  0.81000000E+01 -0.20392901E-23  0.22561117E-36
  0.82000000E+01 -0.19985001E-23  0.22145309E-36
  0.83000000E+01 -0.19587228E-23  0.21745607E-36
  0.84000000E+01 -0.19199345E-23  0.21356916E-36
  0.85000000E+01 -0.18821115E-23  0.20975504E-36
  0.86000000E+01 -0.18452302E-23  0.20581377E-36
  0.87000000E+01 -0.18092674E-23  0.20227703E-36
  0.88000000E+01 -0.17741999E-23  0.19915469E-36
  0.89000000E+01 -0.17400048E-23  0.19582520E-36
  0.90000000E+01 -0.17066595E-23  0.19222612E-36
  0.91000000E+01 -0.16741418E-23  0.18884205E-36
  0.92000000E+01 -0.16424299E-23  0.18545990E-36
  0.93000000E+01 -0.16115023E-23  0.18241521E-36
  0.94000000E+01 -0.15813381E-23  0.17923449E-36
  0.95000000E+01 -0.15519166E-23  0.17628466E-36
  0.96000000E+01 -0.15232177E-23  0.17354960E-36
  0.97000000E+01 -0.14952217E-23  0.17056841E-36
  0.98000000E+01 -0.14679094E-23  0.16777582E-36
  0.99000000E+01 -0.14412620E-23  0.16528514E-36
  0.10000000E+02 -0.14152613E-23  0.16258619E-36
  0.10100000E+02 -0.13898894E-23  0.16002179E-36
  0.10200000E+02 -0.13651288E-23  0.15750590E-36
  0.10300000E+02 -0.13409628E-23  0.15472481E-36
  0.10400000E+02 -0.13173748E-23  0.15233024E-36
  0.10500000E+02 -0.12943488E-23  0.15030539E-36
  0.10600000E+02 -0.12718692E-23  0.14770181E-36
  0.10700000E+02 -0.12499208E-23  0.14565040E-36
  0.10800000E+02 -0.12284891E-23  0.14316970E-36
  0.10900000E+02 -0.12075595E-23  0.14118391E-36
  0.11000000E+02 -0.11871183E-23  0.13908031E-36
  0.11100000E+02 -0.11671520E-23  0.13694722E-36
  0.11200000E+02 -0.11476474E-23  0.13478199E-36
  0.11300000E+02 -0.11285917E-23  0.13277695E-36
  0.11400000E+02 -0.11099728E-23  0.13111348E-36
  0.11500000E+02 -0.10917785E-23  0.12889132E-36
  0.11600000E+02 -0.10739972E-23  0.12697826E-36
  0.11700000E+02 -0.10566177E-23  0.12515475E-36
  0.11800000E+02 -0.10396289E-23  0.12342476E-36
  0.11900000E+02 -0.10230202E-23  0.12158182E-36
  0.12000000E+02 -0.10067814E-23  0.11991244E-36
  0.12100000E+02 -0.99090240E-24  0.11825486E-36
  0.12200000E+02 -0.97537349E-24  0.11653003E-36
  0.12300000E+02 -0.96018526E-24  0.11488152E-36
  0.12400000E+02 -0.94532858E-24  0.11336388E-36
  0.12500000E+02 -0.93079457E-24  0.11170964E-36
  0.12600000E+02 -0.91657464E-24  0.11041289E-36
  0.12700000E+02 -0.90266044E-24  0.10872819E-36
  0.12800000E+02 -0.88904388E-24  0.10718762E-36
  0.12900000E+02 -0.87571712E-24  0.10575219E-36
  0.13000000E+02 -0.86267252E-24  0.10447614E-36
  0.13100000E+02 -0.84990270E-24  0.10315023E-36
  0.13200000E+02 -0.83740049E-24  0.10171213E-36
  0.13300000E+02 -0.82515893E-24  0.10014636E-36
  0.13400000E+02 -0.81317127E-24  0.99202747E-37
  0.13500000E+02 -0.80143096E-24  0.97697514E-37
  0.13600000E+02 -0.78993165E-24  0.96423464E-37
  0.13700000E+02 -0.77866715E-24  0.95138674E-37
  0.13800000E+02 -0.76763149E-24  0.93957056E-37
  0.13900000E+02 -0.75681885E-24  0.92611554E-37
  0.14000000E+02 -0.74622358E-24  0.91454070E-37
  0.14100000E+02 -0.73584022E-24  0.90482031E-37
  0.14200000E+02 -0.72566345E-24  0.89384612E-37
  0.14300000E+02 -0.71568810E-24  0.88241176E-37
  0.14400000E+02 -0.70590916E-24  0.87102894E-37
  0.14500000E+02 -0.69632177E-24  0.86031264E-37
  0.14600000E+02 -0.68692119E-24  0.84664854E-37
  0.14700000E+02 -0.67770284E-24  0.84000667E-37
  0.14800000E+02 -0.66866226E-24  0.82877397E-37
  0.14900000E+02 -0.65979511E-24  0.81866467E-37
  0.15000000E+02 -0.65109720E-24  0.80899985E-37
  0.15100000E+02 -0.64256442E-24  0.80043010E-37
  0.15200000E+02 -0.63419282E-24  0.78895443E-37
  0.15300000E+02 -0.62597852E-24  0.78077708E-37
  0.15400000E+02 -0.61791778E-24  0.77046090E-37
  0.15500000E+02 -0.61000696E-24  0.76331817E-37
  0.15600000E+02 -0.60224251E-24  0.75405774E-37
  0.15700000E+02 -0.59462098E-24  0.74621295E-37
  0.15800000E+02 -0.58713902E-24  0.73584696E-37
  0.15900000E+02 -0.57979338E-24  0.72681465E-37
  0.16000000E+02 -0.57258090E-24  0.71948298E-37
  0.16100000E+02 -0.56549849E-24  0.71267670E-37
  0.16200000E+02 -0.55854316E-24  0.70274016E-37
  0.16300000E+02 -0.55171199E-24  0.69557445E-37
  0.16400000E+02 -0.54500216E-24  0.68767639E-37
  0.16500000E+02 -0.53841090E-24  0.67994481E-37
  0.16600000E+02 -0.53193554E-24  0.67268726E-37
  0.16700000E+02 -0.52557345E-24  0.66557532E-37
  0.16800000E+02 -0.51932211E-24  0.65817266E-37
  0.16900000E+02 -0.51317904E-24  0.65098944E-37
  0.17000000E+02 -0.50714184E-24  0.64297095E-37
  0.17100000E+02 -0.50120815E-24  0.63724034E-37
  0.17200000E+02 -0.49537571E-24  0.63091738E-37
  0.17300000E+02 -0.48964229E-24  0.62339208E-37
  0.17400000E+02 -0.48400572E-24  0.61659041E-37
  0.17500000E+02 -0.47846391E-24  0.61122727E-37
  0.17600000E+02 -0.47301480E-24  0.60306690E-37
  0.17700000E+02 -0.46765640E-24  0.59906150E-37
  0.17800000E+02 -0.46238675E-24  0.59241625E-37
  0.17900000E+02 -0.45720397E-24  0.58611151E-37
  0.18000000E+02 -0.45210620E-24  0.57883380E-37
  0.18100000E+02 -0.44709164E-24  0.57341259E-37
  0.18200000E+02 -0.44215855E-24  0.56902294E-37
  0.18300000E+02 -0.43730521E-24  0.56025275E-37
  0.18400000E+02 -0.43252995E-24  0.55587761E-37
  0.18500000E+02 -0.42783115E-24  0.55082318E-37
  0.18600000E+02 -0.42320723E-24  0.54532061E-37
  0.18700000E+02 -0.41865664E-24  0.53979520E-37
  0.18800000E+02 -0.41417787E-24  0.53404094E-37
  0.18900000E+02 -0.40976946E-24  0.52881209E-37
  0.19000000E+02 -0.40542998E-24  0.52376227E-37
  0.19100000E+02 -0.40115802E-24  0.51833158E-37
  0.19200000E+02 -0.39695223E-24  0.51411383E-37
  0.19300000E+02 -0.39281127E-24  0.50884754E-37
  0.19400000E+02 -0.38873385E-24  0.50427390E-37
  0.19500000E+02 -0.38471870E-24  0.49862143E-37
  0.19600000E+02 -0.38076459E-24  0.49347924E-37
  0.19700000E+02 -0.37687031E-24  0.48966093E-37
  0.19800000E+02 -0.37303468E-24  0.48512455E-37
  0.19900000E+02 -0.36925655E-24  0.48031622E-37
  0.20000000E+02 -0.36553481E-24  0.47568869E-37
  0.20100000E+02 -0.36186836E-24  0.47132510E-37
  0.20200000E+02 -0.35825612E-24  0.46681142E-37
  0.20300000E+02 -0.35469706E-24  0.46169959E-37
  0.20400000E+02 -0.35119016E-24  0.45788430E-37
  0.20500000E+02 -0.34773441E-24  0.45357325E-37
  0.20600000E+02 -0.34432885E-24  0.44957595E-37
  0.20700000E+02 -0.34097253E-24  0.44603389E-37
  0.20800000E+02 -0.33766452E-24  0.44191315E-37
  0.20900000E+02 -0.33440390E-24  0.43808613E-37
  0.21000000E+02 -0.33118980E-24  0.43360393E-37
  0.21100000E+02 -0.32802135E-24  0.42952383E-37
  0.21200000E+02 -0.32489770E-24  0.42541841E-37
  0.21300000E+02 -0.32181802E-24  0.42300971E-37
  0.21400000E+02 -0.31878151E-24  0.41872353E-37
  0.21500000E+02 -0.31578737E-24  0.41519494E-37
  0.21600000E+02 -0.31283483E-24  0.41156283E-37
  0.21700000E+02 -0.30992314E-24  0.40714790E-37
  0.21800000E+02 -0.30705156E-24  0.40409779E-37
  0.21900000E+02 -0.30421936E-24  0.40012307E-37
  0.22000000E+02 -0.30142583E-24  0.39601051E-37
  0.22100000E+02 -0.29867029E-24  0.39262718E-37
  0.22200000E+02 -0.29595207E-24  0.39049473E-37
  0.22300000E+02 -0.29327048E-24  0.38654744E-37
  0.22400000E+02 -0.29062490E-24  0.38352837E-37
  0.22500000E+02 -0.28801469E-24  0.38028348E-37
  0.22600000E+02 -0.28543922E-24  0.37746261E-37
  0.22700000E+02 -0.28289790E-24  0.37387220E-37
  0.22800000E+02 -0.28039012E-24  0.37170835E-37
  0.22900000E+02 -0.27791531E-24  0.36813109E-37
  0.23000000E+02 -0.27547290E-24  0.36476772E-37
  0.23100000E+02 -0.27306233E-24  0.36104140E-37
  0.23200000E+02 -0.27068306E-24  0.35882648E-37
  0.23300000E+02 -0.26833455E-24  0.35609596E-37
  0.23400000E+02 -0.26601629E-24  0.35255470E-37
  0.23500000E+02 -0.26372775E-24  0.35042199E-37
  0.23600000E+02 -0.26146845E-24  0.34681748E-37
  0.23700000E+02 -0.25923789E-24  0.34421329E-37
  0.23800000E+02 -0.25703558E-24  0.34152623E-37
  0.23900000E+02 -0.25486106E-24  0.33875847E-37
  0.24000000E+02 -0.25271387E-24  0.33652316E-37
  0.24100000E+02 -0.25059356E-24  0.33364142E-37
  0.24200000E+02 -0.24849968E-24  0.33095294E-37
  0.24300000E+02 -0.24643181E-24  0.32809853E-37
  0.24400000E+02 -0.24438951E-24  0.32599202E-37
  0.24500000E+02 -0.24237237E-24  0.32247744E-37
  0.24600000E+02 -0.24037998E-24  0.32084134E-37
  0.24700000E+02 -0.23841194E-24  0.31860632E-37
  0.24800000E+02 -0.23646787E-24  0.31566827E-37
  0.24900000E+02 -0.23454737E-24  0.31268171E-37
  0.25000000E+02 -0.23265007E-24  0.31117610E-37
  0.25100000E+02 -0.23077560E-24  0.30866686E-37
  0.25200000E+02 -0.22892361E-24  0.30629557E-37
  0.25300000E+02 -0.22709373E-24  0.30353692E-37
  0.25400000E+02 -0.22528561E-24  0.30143853E-37
  0.25500000E+02 -0.22349892E-24  0.29934891E-37
  0.25600000E+02 -0.22173332E-24  0.29659128E-37
  0.25700000E+02 -0.21998849E-24  0.29480257E-37
  0.25800000E+02 -0.21826410E-24  0.29231525E-37
  0.25900000E+02 -0.21655983E-24  0.29052990E-37
  0.26000000E+02 -0.21487538E-24  0.28865033E-37
  0.26100000E+02 -0.21321044E-24  0.28643333E-37
  0.26200000E+02 -0.21156471E-24  0.28440682E-37
  0.26300000E+02 -0.20993790E-24  0.28213312E-37
  0.26400000E+02 -0.20832973E-24  0.28011240E-37
  0.26500000E+02 -0.20673992E-24  0.27850186E-37
  0.26600000E+02 -0.20516818E-24  0.27550973E-37
  0.26700000E+02 -0.20361424E-24  0.27432227E-37
  0.26800000E+02 -0.20207784E-24  0.27171287E-37
  0.26900000E+02 -0.20055873E-24  0.26984218E-37
  0.27000000E+02 -0.19905663E-24  0.26755970E-37
  0.27100000E+02 -0.19757130E-24  0.26512016E-37
  0.27200000E+02 -0.19610250E-24  0.26370817E-37
  0.27300000E+02 -0.19464997E-24  0.26280201E-37
  0.27400000E+02 -0.19321348E-24  0.26057593E-37
  0.27500000E+02 -0.19179281E-24  0.25864272E-37
  0.27600000E+02 -0.19038771E-24  0.25641033E-37
  0.27700000E+02 -0.18899796E-24  0.25507168E-37
  0.27800000E+02 -0.18762334E-24  0.25350933E-37
  0.27900000E+02 -0.18626363E-24  0.25171542E-37
  0.28000000E+02 -0.18491863E-24  0.24979191E-37
  0.28100000E+02 -0.18358811E-24  0.24848082E-37
  0.28200000E+02 -0.18227187E-24  0.24672011E-37
  0.28300000E+02 -0.18096971E-24  0.24464833E-37
  0.28400000E+02 -0.17968144E-24  0.24283455E-37
  0.28500000E+02 -0.17840685E-24  0.24145791E-37
  0.28600000E+02 -0.17714575E-24  0.24019171E-37
  0.28700000E+02 -0.17589795E-24  0.23796179E-37
  0.28800000E+02 -0.17466327E-24  0.23685170E-37
  0.28900000E+02 -0.17344153E-24  0.23482607E-37
  0.29000000E+02 -0.17223255E-24  0.23329743E-37
  0.29100000E+02 -0.17103614E-24  0.23166691E-37
  0.29200000E+02 -0.16985214E-24  0.23086777E-37
  0.29300000E+02 -0.16868038E-24  0.22828083E-37
  0.29400000E+02 -0.16752069E-24  0.22696252E-37
  0.29500000E+02 -0.16637290E-24  0.22557928E-37
  0.29600000E+02 -0.16523686E-24  0.22418618E-37
  0.29700000E+02 -0.16411240E-24  0.22242224E-37
  0.29800000E+02 -0.16299937E-24  0.22118598E-37
  0.29900000E+02 -0.16189761E-24  0.21988066E-37
  0.30000000E+02 -0.16080697E-24  0.21849524E-37
  0.30100000E+02 -0.15972731E-24  0.21745650E-37
  0.30200000E+02 -0.15865848E-24  0.21575739E-37
  0.30300000E+02 -0.15760033E-24  0.21405890E-37
  0.30400000E+02 -0.15655272E-24  0.21283175E-37
  0.30500000E+02 -0.15551552E-24  0.21150973E-37
  0.30600000E+02 -0.15448858E-24  0.20999726E-37
  0.30700000E+02 -0.15347178E-24  0.20893894E-37
  0.30800000E+02 -0.15246497E-24  0.20757966E-37
  0.30900000E+02 -0.15146803E-24  0.20658596E-37
  0.31000000E+02 -0.15048084E-24  0.20486163E-37
  0.31100000E+02 -0.14950326E-24  0.20369674E-37
  0.31200000E+02 -0.14853517E-24  0.20255164E-37
  0.31300000E+02 -0.14757645E-24  0.20092760E-37
  0.31400000E+02 -0.14662697E-24  0.19985957E-37
  0.31500000E+02 -0.14568663E-24  0.19862493E-37
  0.31600000E+02 -0.14475530E-24  0.19770273E-37
  0.31700000E+02 -0.14383288E-24  0.19639125E-37
  0.31800000E+02 -0.14291923E-24  0.19490932E-37
  0.31900000E+02 -0.14201427E-24  0.19407028E-37
  0.32000000E+02 -0.14111787E-24  0.19266180E-37
  0.32100000E+02 -0.14022993E-24  0.19145375E-37
  0.32200000E+02 -0.13935034E-24  0.19017189E-37
  0.32300000E+02 -0.13847900E-24  0.18915641E-37
  0.32400000E+02 -0.13761581E-24  0.18804637E-37
  0.32500000E+02 -0.13676066E-24  0.18680119E-37
  0.32600000E+02 -0.13591346E-24  0.18533832E-37
  0.32700000E+02 -0.13507411E-24  0.18478970E-37
  0.32800000E+02 -0.13424251E-24  0.18320294E-37
  0.32900000E+02 -0.13341856E-24  0.18226397E-37
  0.33000000E+02 -0.13260218E-24  0.18166943E-37
  0.33100000E+02 -0.13179327E-24  0.18033301E-37
  0.33200000E+02 -0.13099174E-24  0.17951994E-37
  0.33300000E+02 -0.13019750E-24  0.17793655E-37
  0.33400000E+02 -0.12941046E-24  0.17701350E-37
  0.33500000E+02 -0.12863054E-24  0.17599041E-37
  0.33600000E+02 -0.12785765E-24  0.17501399E-37
  0.33700000E+02 -0.12709171E-24  0.17413835E-37
  0.33800000E+02 -0.12633263E-24  0.17308752E-37
  0.33900000E+02 -0.12558033E-24  0.17221917E-37
  0.34000000E+02 -0.12483474E-24  0.17129947E-37
  0.34100000E+02 -0.12409576E-24  0.17001232E-37
  0.34200000E+02 -0.12336334E-24  0.16925406E-37
  0.34300000E+02 -0.12263738E-24  0.16831965E-37
  0.34400000E+02 -0.12191781E-24  0.16727204E-37
  0.34500000E+02 -0.12120456E-24  0.16654773E-37
  0.34600000E+02 -0.12049755E-24  0.16502113E-37
  0.34700000E+02 -0.11979671E-24  0.16450014E-37
  0.34800000E+02 -0.11910197E-24  0.16367874E-37
  0.34900000E+02 -0.11841326E-24  0.16247226E-37
  0.35000000E+02 -0.11773051E-24  0.16146643E-37
  0.35100000E+02 -0.11705365E-24  0.16067309E-37
  0.35200000E+02 -0.11638262E-24  0.15979796E-37
  0.35300000E+02 -0.11571734E-24  0.15895060E-37
  0.35400000E+02 -0.11505775E-24  0.15840678E-37
  0.35500000E+02 -0.11440379E-24  0.15739311E-37
  0.35600000E+02 -0.11375539E-24  0.15611233E-37
  0.35700000E+02 -0.11311250E-24  0.15559010E-37
  0.35800000E+02 -0.11247504E-24  0.15443137E-37
  0.35900000E+02 -0.11184295E-24  0.15387599E-37
  0.36000000E+02 -0.11121619E-24  0.15316228E-37
  0.36100000E+02 -0.11059468E-24  0.15212289E-37
  0.36200000E+02 -0.10997837E-24  0.15128162E-37
  0.36300000E+02 -0.10936720E-24  0.15055551E-37
  0.36400000E+02 -0.10876112E-24  0.14964440E-37
  0.36500000E+02 -0.10816006E-24  0.14882001E-37
  0.36600000E+02 -0.10756398E-24  0.14806952E-37
  0.36700000E+02 -0.10697281E-24  0.14727601E-37
  0.36800000E+02 -0.10638651E-24  0.14645300E-37
  0.36900000E+02 -0.10580502E-24  0.14574715E-37
  0.37000000E+02 -0.10522828E-24  0.14478461E-37
  0.37100000E+02 -0.10465625E-24  0.14409291E-37
  0.37200000E+02 -0.10408888E-24  0.14320964E-37
  0.37300000E+02 -0.10352612E-24  0.14280058E-37
  0.37400000E+02 -0.10296791E-24  0.14183217E-37
  0.37500000E+02 -0.10241420E-24  0.14141527E-37
  0.37600000E+02 -0.10186495E-24  0.14016444E-37
  0.37700000E+02 -0.10132012E-24  0.13978873E-37
  0.37800000E+02 -0.10077964E-24  0.13876155E-37
  0.37900000E+02 -0.10024349E-24  0.13835738E-37
  0.38000000E+02 -0.99711603E-25  0.13750704E-37
  0.38100000E+02 -0.99183944E-25  0.13692094E-37
  0.38200000E+02 -0.98660466E-25  0.13619577E-37
  0.38300000E+02 -0.98141125E-25  0.13540641E-37
  0.38400000E+02 -0.97625877E-25  0.13499033E-37
  0.38500000E+02 -0.97114681E-25  0.13404287E-37
  0.38600000E+02 -0.96607493E-25  0.13354755E-37
  0.38700000E+02 -0.96104272E-25  0.13254721E-37
  0.38800000E+02 -0.95604976E-25  0.13202129E-37
  0.38900000E+02 -0.95109565E-25  0.13140320E-37
  0.39000000E+02 -0.94617998E-25  0.13063141E-37
  0.39100000E+02 -0.94130236E-25  0.13007519E-37
  0.39200000E+02 -0.93646240E-25  0.12943218E-37
  0.39300000E+02 -0.93165971E-25  0.12895392E-37
  0.39400000E+02 -0.92689391E-25  0.12829672E-37
  0.39500000E+02 -0.92216462E-25  0.12736581E-37
  0.39600000E+02 -0.91747147E-25  0.12668704E-37
  0.39700000E+02 -0.91281410E-25  0.12595739E-37
  0.39800000E+02 -0.90819213E-25  0.12571078E-37
  0.39900000E+02 -0.90360522E-25  0.12470019E-37
  0.40000000E+02 -0.89905300E-25  0.12433696E-37
