  0.00000000E+00  0.39393951E-22 -0.20618078E-36
  0.10000000E+00  0.39393872E-22 -0.20600378E-36
  0.20000000E+00  0.39395294E-22 -0.20546342E-36
  0.30000000E+00  0.39402678E-22 -0.20453477E-36
  0.40000000E+00  0.39421958E-22 -0.20318540E-36
  0.50000000E+00  0.39458906E-22 -0.20138586E-36
  0.60000000E+00  0.39517739E-22 -0.19911941E-36
  0.70000000E+00  0.39600304E-22 -0.19638846E-36
  0.80000000E+00  0.39705904E-22 -0.19321676E-36
  0.90000000E+00  0.39831607E-22 -0.18964757E-36
  0.10000000E+01  0.39972846E-22 -0.18573917E-36
  0.11000000E+01  0.40124078E-22 -0.18155906E-36
  0.12000000E+01  0.40279391E-22 -0.17717823E-36
  0.13000000E+01  0.40432975E-22 -0.17266619E-36
  0.14000000E+01  0.40579456E-22 -0.16808730E-36
  0.15000000E+01  0.40714089E-22 -0.16349839E-36
  0.16000000E+01  0.40832861E-22 -0.15894753E-36
  0.17000000E+01  0.40932507E-22 -0.15447371E-36
  0.18000000E+01  0.41010484E-22 -0.15010719E-36
  0.19000000E+01  0.41064912E-22 -0.14587028E-36
  0.20000000E+01  0.41094506E-22 -0.14177830E-36
  0.21000000E+01  0.41098491E-22 -0.13784071E-36
  0.22000000E+01  0.41076532E-22 -0.13406214E-36
  0.23000000E+01  0.41028655E-22 -0.13044340E-36
  0.24000000E+01  0.40955191E-22 -0.12698238E-36
  0.25000000E+01  0.40856709E-22 -0.12367476E-36
  0.26000000E+01  0.40733972E-22 -0.12051473E-36
  0.27000000E+01  0.40587888E-22 -0.11749542E-36
  0.28000000E+01  0.40419479E-22 -0.11460941E-36
  0.29000000E+01  0.40229847E-22 -0.11184897E-36
  0.30000000E+01  0.40020147E-22 -0.10920636E-36
  0.31000000E+01  0.39791568E-22 -0.10667398E-36
  0.32000000E+01  0.39545313E-22 -0.10424452E-36
  0.33000000E+01  0.39282586E-22 -0.10191102E-36
  0.34000000E+01  0.39004579E-22 -0.99666958E-37
  0.35000000E+01  0.38712465E-22 -0.97506242E-37
  0.36000000E+01  0.38407388E-22 -0.95423242E-37
  0.37000000E+01  0.38090458E-22 -0.93412776E-37
  0.38000000E+01  0.37762749E-22 -0.91470098E-37
  0.39000000E+01  0.37425292E-22 -0.89590873E-37
  0.40000000E+01  0.37079075E-22 -0.87771154E-37
  0.41000000E+01  0.36725041E-22 -0.86007355E-37
  0.42000000E+01  0.36364088E-22 -0.84296219E-37
  0.43000000E+01  0.35997069E-22 -0.82634793E-37
  0.44000000E+01  0.35624790E-22 -0.81020396E-37
  0.45000000E+01  0.35248012E-22 -0.79450597E-37
  0.46000000E+01  0.34867454E-22 -0.77923186E-37
  0.47000000E+01  0.34483789E-22 -0.76436152E-37
  0.48000000E+01  0.34097651E-22 -0.74987665E-37
  0.49000000E+01  0.33709631E-22 -0.73576052E-37
  0.50000000E+01  0.33320285E-22 -0.72199784E-37
  0.51000000E+01  0.32930127E-22 -0.70857454E-37
  0.52000000E+01  0.32539639E-22 -0.69547771E-37
  0.53000000E+01  0.32149266E-22 -0.68269539E-37
  0.54000000E+01  0.31759424E-22 -0.67021654E-37
  0.55000000E+01  0.31370494E-22 -0.65803087E-37
  0.56000000E+01  0.30982830E-22 -0.64612880E-37
  0.57000000E+01  0.30596758E-22 -0.63450135E-37
  0.58000000E+01  0.30212578E-22 -0.62314011E-37
  0.59000000E+01  0.29830564E-22 -0.61203714E-37
  0.60000000E+01  0.29450967E-22 -0.60118494E-37
  0.61000000E+01  0.29074017E-22 -0.59057641E-37
  0.62000000E+01  0.28699921E-22 -0.58020478E-37
  0.63000000E+01  0.28328869E-22 -0.57006361E-37
  0.64000000E+01  0.27961032E-22 -0.56014674E-37
  0.65000000E+01  0.27596562E-22 -0.55044828E-37
  0.66000000E+01  0.27235596E-22 -0.54096257E-37
  0.67000000E+01  0.26878258E-22 -0.53168414E-37
  0.68000000E+01  0.26524656E-22 -0.52260776E-37
  0.69000000E+01  0.26174884E-22 -0.51372835E-37
  0.70000000E+01  0.25829025E-22 -0.50504102E-37
  0.71000000E+01  0.25487152E-22 -0.49654101E-37
  0.72000000E+01  0.25149325E-22 -0.48822374E-37
  0.73000000E+01  0.24815596E-22 -0.48008474E-37
  0.74000000E+01  0.24486005E-22 -0.47211968E-37
  0.75000000E+01  0.24160588E-22 -0.46432436E-37
  0.76000000E+01  0.23839370E-22 -0.45669469E-37
  0.77000000E+01  0.23522368E-22 -0.44922668E-37
  0.78000000E+01  0.23209596E-22 -0.44191647E-37
  0.79000000E+01  0.22901059E-22 -0.43476028E-37
  0.80000000E+01  0.22596756E-22 -0.42775444E-37
  0.81000000E+01  0.22296683E-22 -0.42089537E-37
  0.82000000E+01  0.22000828E-22 -0.41417957E-37
  0.83000000E+01  0.21709179E-22 -0.40760365E-37
  0.84000000E+01  0.21421716E-22 -0.40116429E-37
  0.85000000E+01  0.21138417E-22 -0.39485826E-37
  0.86000000E+01  0.20859257E-22 -0.38868240E-37
  0.87000000E+01  0.20584207E-22 -0.38263364E-37
  0.88000000E+01  0.20313235E-22 -0.37670898E-37
  0.89000000E+01  0.20046309E-22 -0.37090549E-37
  0.90000000E+01  0.19783391E-22 -0.36522031E-37
  0.91000000E+01  0.19524443E-22 -0.35965066E-37
  0.92000000E+01  0.19269427E-22 -0.35419384E-37
  0.93000000E+01  0.19018299E-22 -0.34884718E-37
  0.94000000E+01  0.18771018E-22 -0.34360810E-37
  0.95000000E+01  0.18527540E-22 -0.33847409E-37
  0.96000000E+01  0.18287818E-22 -0.33344268E-37
  0.97000000E+01  0.18051808E-22 -0.32851149E-37
  0.98000000E+01  0.17819461E-22 -0.32367816E-37
  0.99000000E+01  0.17590731E-22 -0.31894042E-37
  0.10000000E+02  0.17365569E-22 -0.31429605E-37
  0.10100000E+02  0.17143927E-22 -0.30974288E-37
  0.10200000E+02  0.16925755E-22 -0.30527879E-37
  0.10300000E+02  0.16711006E-22 -0.30090172E-37
  0.10400000E+02  0.16499628E-22 -0.29660965E-37
  0.10500000E+02  0.16291574E-22 -0.29240064E-37
  0.10600000E+02  0.16086793E-22 -0.28827276E-37
  0.10700000E+02  0.15885236E-22 -0.28422415E-37
  0.10800000E+02  0.15686854E-22 -0.28025299E-37
  0.10900000E+02  0.15491598E-22 -0.27635751E-37
  0.11000000E+02  0.15299419E-22 -0.27253598E-37
  0.11100000E+02  0.15110268E-22 -0.26878672E-37
  0.11200000E+02  0.14924098E-22 -0.26510807E-37
  0.11300000E+02  0.14740861E-22 -0.26149845E-37
  0.11400000E+02  0.14560508E-22 -0.25795629E-37
  0.11500000E+02  0.14382993E-22 -0.25448006E-37
  0.11600000E+02  0.14208269E-22 -0.25106828E-37
  0.11700000E+02  0.14036291E-22 -0.24771951E-37
  0.11800000E+02  0.13867011E-22 -0.24443232E-37
  0.11900000E+02  0.13700386E-22 -0.24120535E-37
  0.12000000E+02  0.13536371E-22 -0.23803725E-37
  0.12100000E+02  0.13374920E-22 -0.23492671E-37
  0.12200000E+02  0.13215992E-22 -0.23187246E-37
  0.12300000E+02  0.13059543E-22 -0.22887325E-37
  0.12400000E+02  0.12905530E-22 -0.22592787E-37
  0.12500000E+02  0.12753912E-22 -0.22303514E-37
  0.12600000E+02  0.12604648E-22 -0.22019390E-37
  0.12700000E+02  0.12457697E-22 -0.21740302E-37
  0.12800000E+02  0.12313018E-22 -0.21466142E-37
  0.12900000E+02  0.12170573E-22 -0.21196801E-37
  0.13000000E+02  0.12030322E-22 -0.20932176E-37
  0.13100000E+02  0.11892228E-22 -0.20672165E-37
  0.13200000E+02  0.11756253E-22 -0.20416668E-37
  0.13300000E+02  0.11622360E-22 -0.20165588E-37
  0.13400000E+02  0.11490512E-22 -0.19918832E-37
  0.13500000E+02  0.11360673E-22 -0.19676307E-37
  0.13600000E+02  0.11232809E-22 -0.19437922E-37
  0.13700000E+02  0.11106885E-22 -0.19203591E-37
  0.13800000E+02  0.10982867E-22 -0.18973228E-37
  0.13900000E+02  0.10860721E-22 -0.18746749E-37
  0.14000000E+02  0.10740414E-22 -0.18524073E-37
  0.14100000E+02  0.10621914E-22 -0.18305120E-37
  0.14200000E+02  0.10505190E-22 -0.18089812E-37
  0.14300000E+02  0.10390210E-22 -0.17878075E-37
  0.14400000E+02  0.10276944E-22 -0.17669833E-37
  0.14500000E+02  0.10165362E-22 -0.17465016E-37
  0.14600000E+02  0.10055433E-22 -0.17263552E-37
  0.14700000E+02  0.99471293E-23 -0.17065373E-37
  0.14800000E+02  0.98404222E-23 -0.16870411E-37
  0.14900000E+02  0.97352837E-23 -0.16678602E-37
  0.15000000E+02  0.96316864E-23 -0.16489882E-37
  0.15100000E+02  0.95296034E-23 -0.16304187E-37
  0.15200000E+02  0.94290081E-23 -0.16121457E-37
  0.15300000E+02  0.93298747E-23 -0.15941633E-37
  0.15400000E+02  0.92321777E-23 -0.15764657E-37
  0.15500000E+02  0.91358921E-23 -0.15590471E-37
  0.15600000E+02  0.90409933E-23 -0.15419020E-37
  0.15700000E+02  0.89474574E-23 -0.15250251E-37
  0.15800000E+02  0.88552606E-23 -0.15084110E-37
  0.15900000E+02  0.87643798E-23 -0.14920545E-37
  0.16000000E+02  0.86747923E-23 -0.14759507E-37
  0.16100000E+02  0.85864758E-23 -0.14600945E-37
  0.16200000E+02  0.84994083E-23 -0.14444813E-37
  0.16300000E+02  0.84135684E-23 -0.14291062E-37
  0.16400000E+02  0.83289351E-23 -0.14139647E-37
  0.16500000E+02  0.82454875E-23 -0.13990522E-37
  0.16600000E+02  0.81632056E-23 -0.13843645E-37
  0.16700000E+02  0.80820693E-23 -0.13698971E-37
  0.16800000E+02  0.80020592E-23 -0.13556460E-37
  0.16900000E+02  0.79231561E-23 -0.13416069E-37
  0.17000000E+02  0.78453413E-23 -0.13277760E-37
  0.17100000E+02  0.77685962E-23 -0.13141492E-37
  0.17200000E+02  0.76929028E-23 -0.13007228E-37
  0.17300000E+02  0.76182434E-23 -0.12874930E-37
  0.17400000E+02  0.75446006E-23 -0.12744562E-37
  0.17500000E+02  0.74719573E-23 -0.12616087E-37
  0.17600000E+02  0.74002968E-23 -0.12489470E-37
  0.17700000E+02  0.73296025E-23 -0.12364678E-37
  0.17800000E+02  0.72598585E-23 -0.12241677E-37
  0.17900000E+02  0.71910489E-23 -0.12120433E-37
  0.18000000E+02  0.71231582E-23 -0.12000916E-37
  0.18100000E+02  0.70561711E-23 -0.11883094E-37
  0.18200000E+02  0.69900727E-23 -0.11766935E-37
  0.18300000E+02  0.69248484E-23 -0.11652411E-37
  0.18400000E+02  0.68604838E-23 -0.11539491E-37
  0.18500000E+02  0.67969648E-23 -0.11428147E-37
  0.18600000E+02  0.67342776E-23 -0.11318350E-37
  0.18700000E+02  0.66724085E-23 -0.11210074E-37
  0.18800000E+02  0.66113443E-23 -0.11103291E-37
  0.18900000E+02  0.65510718E-23 -0.10997976E-37
  0.19000000E+02  0.64915783E-23 -0.10894101E-37
  0.19100000E+02  0.64328511E-23 -0.10791642E-37
  0.19200000E+02  0.63748779E-23 -0.10690574E-37
  0.19300000E+02  0.63176466E-23 -0.10590873E-37
  0.19400000E+02  0.62611452E-23 -0.10492516E-37
  0.19500000E+02  0.62053622E-23 -0.10395478E-37
  0.19600000E+02  0.61502859E-23 -0.10299737E-37
  0.19700000E+02  0.60959053E-23 -0.10205272E-37
  0.19800000E+02  0.60422092E-23 -0.10112060E-37
  0.19900000E+02  0.59891867E-23 -0.10020079E-37
  0.20000000E+02  0.59368274E-23 -0.99293097E-38
  0.20100000E+02  0.58851206E-23 -0.98397305E-38
  0.20200000E+02  0.58340562E-23 -0.97513216E-38
  0.20300000E+02  0.57836242E-23 -0.96640634E-38
  0.20400000E+02  0.57338145E-23 -0.95779366E-38
  0.20500000E+02  0.56846176E-23 -0.94929223E-38
  0.20600000E+02  0.56360239E-23 -0.94090021E-38
  0.20700000E+02  0.55880241E-23 -0.93261576E-38
  0.20800000E+02  0.55406090E-23 -0.92443713E-38
  0.20900000E+02  0.54937695E-23 -0.91636257E-38
  0.21000000E+02  0.54474969E-23 -0.90839037E-38
  0.21100000E+02  0.54017824E-23 -0.90051885E-38
  0.21200000E+02  0.53566176E-23 -0.89274639E-38
  0.21300000E+02  0.53119940E-23 -0.88507137E-38
  0.21400000E+02  0.52679034E-23 -0.87749221E-38
  0.21500000E+02  0.52243377E-23 -0.87000737E-38
  0.21600000E+02  0.51812890E-23 -0.86261533E-38
  0.21700000E+02  0.51387496E-23 -0.85531461E-38
  0.21800000E+02  0.50967116E-23 -0.84810375E-38
  0.21900000E+02  0.50551678E-23 -0.84098132E-38
  0.22000000E+02  0.50141105E-23 -0.83394592E-38
  0.22100000E+02  0.49735327E-23 -0.82699617E-38
  0.22200000E+02  0.49334271E-23 -0.82013073E-38
  0.22300000E+02  0.48937868E-23 -0.81334827E-38
  0.22400000E+02  0.48546049E-23 -0.80664750E-38
  0.22500000E+02  0.48158746E-23 -0.80002714E-38
  0.22600000E+02  0.47775893E-23 -0.79348595E-38
  0.22700000E+02  0.47397424E-23 -0.78702269E-38
  0.22800000E+02  0.47023277E-23 -0.78063617E-38
  0.22900000E+02  0.46653387E-23 -0.77432520E-38
  0.23000000E+02  0.46287692E-23 -0.76808863E-38
  0.23100000E+02  0.45926133E-23 -0.76192532E-38
  0.23200000E+02  0.45568649E-23 -0.75583416E-38
  0.23300000E+02  0.45215181E-23 -0.74981405E-38
  0.23400000E+02  0.44865672E-23 -0.74386392E-38
  0.23500000E+02  0.44520065E-23 -0.73798270E-38
  0.23600000E+02  0.44178304E-23 -0.73216938E-38
  0.23700000E+02  0.43840335E-23 -0.72642292E-38
  0.23800000E+02  0.43506103E-23 -0.72074234E-38
  0.23900000E+02  0.43175556E-23 -0.71512664E-38
  0.24000000E+02  0.42848641E-23 -0.70957488E-38
  0.24100000E+02  0.42525307E-23 -0.70408610E-38
  0.24200000E+02  0.42205504E-23 -0.69865937E-38
  0.24300000E+02  0.41889183E-23 -0.69329379E-38
  0.24400000E+02  0.41576295E-23 -0.68798846E-38
  0.24500000E+02  0.41266791E-23 -0.68274251E-38
  0.24600000E+02  0.40960626E-23 -0.67755505E-38
  0.24700000E+02  0.40657752E-23 -0.67242526E-38
  0.24800000E+02  0.40358125E-23 -0.66735230E-38
  0.24900000E+02  0.40061699E-23 -0.66233534E-38
  0.25000000E+02  0.39768431E-23 -0.65737358E-38
  0.25100000E+02  0.39478276E-23 -0.65246624E-38
  0.25200000E+02  0.39191194E-23 -0.64761253E-38
  0.25300000E+02  0.38907141E-23 -0.64281170E-38
  0.25400000E+02  0.38626077E-23 -0.63806299E-38
  0.25500000E+02  0.38347962E-23 -0.63336567E-38
  0.25600000E+02  0.38072754E-23 -0.62871902E-38
  0.25700000E+02  0.37800416E-23 -0.62412231E-38
  0.25800000E+02  0.37530908E-23 -0.61957486E-38
  0.25900000E+02  0.37264193E-23 -0.61507597E-38
  0.26000000E+02  0.37000234E-23 -0.61062498E-38
  0.26100000E+02  0.36738993E-23 -0.60622121E-38
  0.26200000E+02  0.36480434E-23 -0.60186401E-38
  0.26300000E+02  0.36224523E-23 -0.59755274E-38
  0.26400000E+02  0.35971223E-23 -0.59328678E-38
  0.26500000E+02  0.35720501E-23 -0.58906549E-38
  0.26600000E+02  0.35472323E-23 -0.58488827E-38
  0.26700000E+02  0.35226655E-23 -0.58075452E-38
  0.26800000E+02  0.34983465E-23 -0.57666365E-38
  0.26900000E+02  0.34742720E-23 -0.57261508E-38
  0.27000000E+02  0.34504389E-23 -0.56860824E-38
  0.27100000E+02  0.34268439E-23 -0.56464256E-38
  0.27200000E+02  0.34034841E-23 -0.56071750E-38
  0.27300000E+02  0.33803565E-23 -0.55683251E-38
  0.27400000E+02  0.33574579E-23 -0.55298706E-38
  0.27500000E+02  0.33347856E-23 -0.54918063E-38
  0.27600000E+02  0.33123365E-23 -0.54541269E-38
  0.27700000E+02  0.32901079E-23 -0.54168273E-38
  0.27800000E+02  0.32680969E-23 -0.53799027E-38
  0.27900000E+02  0.32463008E-23 -0.53433480E-38
  0.28000000E+02  0.32247169E-23 -0.53071584E-38
  0.28100000E+02  0.32033425E-23 -0.52713291E-38
  0.28200000E+02  0.31821749E-23 -0.52358555E-38
  0.28300000E+02  0.31612116E-23 -0.52007330E-38
  0.28400000E+02  0.31404501E-23 -0.51659570E-38
  0.28500000E+02  0.31198877E-23 -0.51315230E-38
  0.28600000E+02  0.30995220E-23 -0.50974266E-38
  0.28700000E+02  0.30793506E-23 -0.50636635E-38
  0.28800000E+02  0.30593710E-23 -0.50302295E-38
  0.28900000E+02  0.30395810E-23 -0.49971204E-38
  0.29000000E+02  0.30199781E-23 -0.49643320E-38
  0.29100000E+02  0.30005601E-23 -0.49318602E-38
  0.29200000E+02  0.29813247E-23 -0.48997011E-38
  0.29300000E+02  0.29622696E-23 -0.48678507E-38
  0.29400000E+02  0.29433928E-23 -0.48363052E-38
  0.29500000E+02  0.29246919E-23 -0.48050607E-38
  0.29600000E+02  0.29061650E-23 -0.47741134E-38
  0.29700000E+02  0.28878098E-23 -0.47434598E-38
  0.29800000E+02  0.28696243E-23 -0.47130960E-38
  0.29900000E+02  0.28516065E-23 -0.46830186E-38
  0.30000000E+02  0.28337544E-23 -0.46532239E-38
  0.30100000E+02  0.28160659E-23 -0.46237086E-38
  0.30200000E+02  0.27985392E-23 -0.45944691E-38
  0.30300000E+02  0.27811722E-23 -0.45655022E-38
  0.30400000E+02  0.27639632E-23 -0.45368044E-38
  0.30500000E+02  0.27469102E-23 -0.45083726E-38
  0.30600000E+02  0.27300114E-23 -0.44802034E-38
  0.30700000E+02  0.27132650E-23 -0.44522937E-38
  0.30800000E+02  0.26966692E-23 -0.44246403E-38
  0.30900000E+02  0.26802222E-23 -0.43972403E-38
  0.31000000E+02  0.26639224E-23 -0.43700904E-38
  0.31100000E+02  0.26477679E-23 -0.43431878E-38
  0.31200000E+02  0.26317571E-23 -0.43165295E-38
  0.31300000E+02  0.26158883E-23 -0.42901126E-38
  0.31400000E+02  0.26001599E-23 -0.42639342E-38
  0.31500000E+02  0.25845703E-23 -0.42379914E-38
  0.31600000E+02  0.25691178E-23 -0.42122816E-38
  0.31700000E+02  0.25538009E-23 -0.41868019E-38
  0.31800000E+02  0.25386181E-23 -0.41615497E-38
  0.31900000E+02  0.25235678E-23 -0.41365223E-38
  0.32000000E+02  0.25086486E-23 -0.41117171E-38
  0.32100000E+02  0.24938588E-23 -0.40871314E-38
  0.32200000E+02  0.24791971E-23 -0.40627628E-38
  0.32300000E+02  0.24646620E-23 -0.40386087E-38
  0.32400000E+02  0.24502521E-23 -0.40146667E-38
  0.32500000E+02  0.24359659E-23 -0.39909342E-38
  0.32600000E+02  0.24218022E-23 -0.39674089E-38
  0.32700000E+02  0.24077594E-23 -0.39440885E-38
  0.32800000E+02  0.23938364E-23 -0.39209705E-38
  0.32900000E+02  0.23800316E-23 -0.38980526E-38
  0.33000000E+02  0.23663439E-23 -0.38753327E-38
  0.33100000E+02  0.23527720E-23 -0.38528084E-38
  0.33200000E+02  0.23393144E-23 -0.38304776E-38
  0.33300000E+02  0.23259701E-23 -0.38083380E-38
  0.33400000E+02  0.23127377E-23 -0.37863875E-38
  0.33500000E+02  0.22996161E-23 -0.37646240E-38
  0.33600000E+02  0.22866039E-23 -0.37430453E-38
  0.33700000E+02  0.22737001E-23 -0.37216495E-38
  0.33800000E+02  0.22609034E-23 -0.37004345E-38
  0.33900000E+02  0.22482126E-23 -0.36793983E-38
  0.34000000E+02  0.22356267E-23 -0.36585388E-38
  0.34100000E+02  0.22231445E-23 -0.36378542E-38
  0.34200000E+02  0.22107649E-23 -0.36173426E-38
  0.34300000E+02  0.21984868E-23 -0.35970019E-38
  0.34400000E+02  0.21863090E-23 -0.35768304E-38
  0.34500000E+02  0.21742305E-23 -0.35568262E-38
  0.34600000E+02  0.21622504E-23 -0.35369875E-38
  0.34700000E+02  0.21503674E-23 -0.35173124E-38
  0.34800000E+02  0.21385806E-23 -0.34977993E-38
  0.34900000E+02  0.21268889E-23 -0.34784463E-38
  0.35000000E+02  0.21152914E-23 -0.34592517E-38
  0.35100000E+02  0.21037871E-23 -0.34402138E-38
  0.35200000E+02  0.20923750E-23 -0.34213310E-38
  0.35300000E+02  0.20810540E-23 -0.34026015E-38
  0.35400000E+02  0.20698233E-23 -0.33840238E-38
  0.35500000E+02  0.20586820E-23 -0.33655962E-38
  0.35600000E+02  0.20476290E-23 -0.33473171E-38
  0.35700000E+02  0.20366635E-23 -0.33291849E-38
  0.35800000E+02  0.20257846E-23 -0.33111981E-38
  0.35900000E+02  0.20149913E-23 -0.32933552E-38
  0.36000000E+02  0.20042829E-23 -0.32756547E-38
  0.36100000E+02  0.19936583E-23 -0.32580950E-38
  0.36200000E+02  0.19831168E-23 -0.32406746E-38
  0.36300000E+02  0.19726575E-23 -0.32233922E-38
  0.36400000E+02  0.19622795E-23 -0.32062463E-38
  0.36500000E+02  0.19519821E-23 -0.31892354E-38
  0.36600000E+02  0.19417644E-23 -0.31723581E-38
  0.36700000E+02  0.19316256E-23 -0.31556132E-38
  0.36800000E+02  0.19215649E-23 -0.31389992E-38
  0.36900000E+02  0.19115815E-23 -0.31225147E-38
  0.37000000E+02  0.19016746E-23 -0.31061585E-38
  0.37100000E+02  0.18918435E-23 -0.30899292E-38
  0.37200000E+02  0.18820875E-23 -0.30738255E-38
  0.37300000E+02  0.18724056E-23 -0.30578462E-38
  0.37400000E+02  0.18627973E-23 -0.30419899E-38
  0.37500000E+02  0.18532618E-23 -0.30262555E-38
  0.37600000E+02  0.18437984E-23 -0.30106417E-38
  0.37700000E+02  0.18344063E-23 -0.29951473E-38
  0.37800000E+02  0.18250848E-23 -0.29797710E-38
  0.37900000E+02  0.18158333E-23 -0.29645117E-38
  0.38000000E+02  0.18066510E-23 -0.29493683E-38
  0.38100000E+02  0.17975373E-23 -0.29343395E-38
  0.38200000E+02  0.17884915E-23 -0.29194242E-38
  0.38300000E+02  0.17795129E-23 -0.29046213E-38
  0.38400000E+02  0.17706010E-23 -0.28899297E-38
  0.38500000E+02  0.17617549E-23 -0.28753483E-38
  0.38600000E+02  0.17529742E-23 -0.28608759E-38
  0.38700000E+02  0.17442581E-23 -0.28465116E-38
  0.38800000E+02  0.17356061E-23 -0.28322541E-38
  0.38900000E+02  0.17270174E-23 -0.28181026E-38
  0.39000000E+02  0.17184916E-23 -0.28040559E-38
  0.39100000E+02  0.17100280E-23 -0.27901131E-38
  0.39200000E+02  0.17016260E-23 -0.27762731E-38
  0.39300000E+02  0.16932850E-23 -0.27625349E-38
  0.39400000E+02  0.16850045E-23 -0.27488975E-38
  0.39500000E+02  0.16767838E-23 -0.27353600E-38
  0.39600000E+02  0.16686224E-23 -0.27219214E-38
  0.39700000E+02  0.16605197E-23 -0.27085808E-38
  0.39800000E+02  0.16524752E-23 -0.26953371E-38
  0.39900000E+02  0.16444884E-23 -0.26821895E-38
  0.40000000E+02  0.16365586E-23 -0.26691371E-38
