  0.00000000E+00  0.20543401E-18  0.19926295E-35
  0.10000000E+00  0.20524815E-18  0.19920681E-35
  0.20000000E+00  0.20469362E-18  0.19903205E-35
  0.30000000E+00  0.20377942E-18  0.19872081E-35
  0.40000000E+00  0.20251993E-18  0.19824723E-35
  0.50000000E+00  0.20093416E-18  0.19758199E-35
  0.60000000E+00  0.19904478E-18  0.19669694E-35
  0.70000000E+00  0.19687711E-18  0.19556883E-35
  0.80000000E+00  0.19445820E-18  0.19418170E-35
  0.90000000E+00  0.19181587E-18  0.19252786E-35
  0.10000000E+01  0.18897805E-18  0.19060773E-35
  0.11000000E+01  0.18597210E-18  0.18842899E-35
  0.12000000E+01  0.18282437E-18  0.18600525E-35
  0.13000000E+01  0.17955982E-18  0.18335462E-35
  0.14000000E+01  0.17620180E-18  0.18049837E-35
  0.15000000E+01  0.17277191E-18  0.17745969E-35
  0.16000000E+01  0.16928988E-18  0.17426268E-35
  0.17000000E+01  0.16577360E-18  0.17093155E-35
  0.18000000E+01  0.16223911E-18  0.16748998E-35
  0.19000000E+01  0.15870072E-18  0.16396069E-35
  0.20000000E+01  0.15517102E-18  0.16036508E-35
  0.21000000E+01  0.15166107E-18  0.15672306E-35
  0.22000000E+01  0.14818043E-18  0.15305292E-35
  0.23000000E+01  0.14473736E-18  0.14937125E-35
  0.24000000E+01  0.14133888E-18  0.14569297E-35
  0.25000000E+01  0.13799090E-18  0.14203134E-35
  0.26000000E+01  0.13469834E-18  0.13839805E-35
  0.27000000E+01  0.13146524E-18  0.13480329E-35
  0.28000000E+01  0.12829484E-18  0.13125586E-35
  0.29000000E+01  0.12518968E-18  0.12776322E-35
  0.30000000E+01  0.12215169E-18  0.12433169E-35
  0.31000000E+01  0.11918227E-18  0.12096646E-35
  0.32000000E+01  0.11628232E-18  0.11767177E-35
  0.33000000E+01  0.11345235E-18  0.11445096E-35
  0.34000000E+01  0.11069252E-18  0.11130659E-35
  0.35000000E+01  0.10800267E-18  0.10824052E-35
  0.36000000E+01  0.10538240E-18  0.10525399E-35
  0.37000000E+01  0.10283107E-18  0.10234773E-35
  0.38000000E+01  0.10034786E-18  0.99521957E-36
  0.39000000E+01  0.97931812E-19  0.96776525E-36
  0.40000000E+01  0.95581815E-19  0.94110923E-36
  0.41000000E+01  0.93296663E-19  0.91524347E-36
  0.42000000E+01  0.91075068E-19  0.89015748E-36
  0.43000000E+01  0.88915671E-19  0.86583869E-36
  0.44000000E+01  0.86817065E-19  0.84227283E-36
  0.45000000E+01  0.84777805E-19  0.81944426E-36
  0.46000000E+01  0.82796421E-19  0.79733624E-36
  0.47000000E+01  0.80871426E-19  0.77593118E-36
  0.48000000E+01  0.79001330E-19  0.75521086E-36
  0.49000000E+01  0.77184639E-19  0.73515665E-36
  0.50000000E+01  0.75419869E-19  0.71574961E-36
  0.51000000E+01  0.73705549E-19  0.69697066E-36
  0.52000000E+01  0.72040222E-19  0.67880072E-36
  0.53000000E+01  0.70422456E-19  0.66122077E-36
  0.54000000E+01  0.68850838E-19  0.64421198E-36
  0.55000000E+01  0.67323985E-19  0.62775573E-36
  0.56000000E+01  0.65840540E-19  0.61183371E-36
  0.57000000E+01  0.64399176E-19  0.59642795E-36
  0.58000000E+01  0.62998600E-19  0.58152085E-36
  0.59000000E+01  0.61637547E-19  0.56709525E-36
  0.60000000E+01  0.60314788E-19  0.55313439E-36
  0.61000000E+01  0.59029124E-19  0.53962199E-36
  0.62000000E+01  0.57779392E-19  0.52654222E-36
  0.63000000E+01  0.56564460E-19  0.51387974E-36
  0.64000000E+01  0.55383230E-19  0.50161965E-36
  0.65000000E+01  0.54234638E-19  0.48974758E-36
  0.66000000E+01  0.53117651E-19  0.47824958E-36
  0.67000000E+01  0.52031268E-19  0.46711221E-36
  0.68000000E+01  0.50974518E-19  0.45632249E-36
  0.69000000E+01  0.49946465E-19  0.44586788E-36
  0.70000000E+01  0.48946198E-19  0.43573629E-36
  0.71000000E+01  0.47972840E-19  0.42591608E-36
  0.72000000E+01  0.47025540E-19  0.41639604E-36
  0.73000000E+01  0.46103476E-19  0.40716535E-36
  0.74000000E+01  0.45205852E-19  0.39821363E-36
  0.75000000E+01  0.44331901E-19  0.38953087E-36
  0.76000000E+01  0.43480880E-19  0.38110743E-36
  0.77000000E+01  0.42652070E-19  0.37293407E-36
  0.78000000E+01  0.41844779E-19  0.36500187E-36
  0.79000000E+01  0.41058336E-19  0.35730227E-36
  0.80000000E+01  0.40292095E-19  0.34982705E-36
  0.81000000E+01  0.39545429E-19  0.34256828E-36
  0.82000000E+01  0.38817736E-19  0.33551836E-36
  0.83000000E+01  0.38108431E-19  0.32866999E-36
  0.84000000E+01  0.37416951E-19  0.32201613E-36
  0.85000000E+01  0.36742751E-19  0.31555002E-36
  0.86000000E+01  0.36085307E-19  0.30926519E-36
  0.87000000E+01  0.35444109E-19  0.30315538E-36
  0.88000000E+01  0.34818669E-19  0.29721460E-36
  0.89000000E+01  0.34208510E-19  0.29143709E-36
  0.90000000E+01  0.33613177E-19  0.28581729E-36
  0.91000000E+01  0.33032226E-19  0.28034989E-36
  0.92000000E+01  0.32465230E-19  0.27502976E-36
  0.93000000E+01  0.31911777E-19  0.26985198E-36
  0.94000000E+01  0.31371468E-19  0.26481181E-36
  0.95000000E+01  0.30843917E-19  0.25990468E-36
  0.96000000E+01  0.30328751E-19  0.25512623E-36
  0.97000000E+01  0.29825611E-19  0.25047223E-36
  0.98000000E+01  0.29334148E-19  0.24593863E-36
  0.99000000E+01  0.28854027E-19  0.24152153E-36
  0.10000000E+02  0.28384921E-19  0.23721717E-36
  0.10100000E+02  0.27926517E-19  0.23302194E-36
  0.10200000E+02  0.27478510E-19  0.22893236E-36
  0.10300000E+02  0.27040607E-19  0.22494508E-36
  0.10400000E+02  0.26612523E-19  0.22105687E-36
  0.10500000E+02  0.26193983E-19  0.21726462E-36
  0.10600000E+02  0.25784720E-19  0.21356536E-36
  0.10700000E+02  0.25384478E-19  0.20995618E-36
  0.10800000E+02  0.24993008E-19  0.20643433E-36
  0.10900000E+02  0.24610067E-19  0.20299711E-36
  0.11000000E+02  0.24235423E-19  0.19964195E-36
  0.11100000E+02  0.23868851E-19  0.19636636E-36
  0.11200000E+02  0.23510131E-19  0.19316795E-36
  0.11300000E+02  0.23159051E-19  0.19004440E-36
  0.11400000E+02  0.22815407E-19  0.18699349E-36
  0.11500000E+02  0.22479001E-19  0.18401306E-36
  0.11600000E+02  0.22149640E-19  0.18110103E-36
  0.11700000E+02  0.21827137E-19  0.17825541E-36
  0.11800000E+02  0.21511313E-19  0.17547425E-36
  0.11900000E+02  0.21201992E-19  0.17275571E-36
  0.12000000E+02  0.20899005E-19  0.17009796E-36
  0.12100000E+02  0.20602188E-19  0.16749928E-36
  0.12200000E+02  0.20311382E-19  0.16495798E-36
  0.12300000E+02  0.20026432E-19  0.16247244E-36
  0.12400000E+02  0.19747189E-19  0.16004109E-36
  0.12500000E+02  0.19473508E-19  0.15766242E-36
  0.12600000E+02  0.19205248E-19  0.15533496E-36
  0.12700000E+02  0.18942272E-19  0.15305729E-36
  0.12800000E+02  0.18684449E-19  0.15082805E-36
  0.12900000E+02  0.18431650E-19  0.14864592E-36
  0.13000000E+02  0.18183750E-19  0.14650960E-36
  0.13100000E+02  0.17940628E-19  0.14441787E-36
  0.13200000E+02  0.17702167E-19  0.14236952E-36
  0.13300000E+02  0.17468253E-19  0.14036340E-36
  0.13400000E+02  0.17238776E-19  0.13839838E-36
  0.13500000E+02  0.17013627E-19  0.13647339E-36
  0.13600000E+02  0.16792703E-19  0.13458735E-36
  0.13700000E+02  0.16575903E-19  0.13273927E-36
  0.13800000E+02  0.16363127E-19  0.13092814E-36
  0.13900000E+02  0.16154282E-19  0.12915303E-36
  0.14000000E+02  0.15949272E-19  0.12741299E-36
  0.14100000E+02  0.15748010E-19  0.12570714E-36
  0.14200000E+02  0.15550406E-19  0.12403461E-36
  0.14300000E+02  0.15356375E-19  0.12239455E-36
  0.14400000E+02  0.15165835E-19  0.12078614E-36
  0.14500000E+02  0.14978706E-19  0.11920861E-36
  0.14600000E+02  0.14794908E-19  0.11766117E-36
  0.14700000E+02  0.14614366E-19  0.11614308E-36
  0.14800000E+02  0.14437006E-19  0.11465363E-36
  0.14900000E+02  0.14262755E-19  0.11319210E-36
  0.15000000E+02  0.14091544E-19  0.11175783E-36
  0.15100000E+02  0.13923305E-19  0.11035015E-36
  0.15200000E+02  0.13757971E-19  0.10896842E-36
  0.15300000E+02  0.13595477E-19  0.10761203E-36
  0.15400000E+02  0.13435761E-19  0.10628035E-36
  0.15500000E+02  0.13278762E-19  0.10497282E-36
  0.15600000E+02  0.13124421E-19  0.10368886E-36
  0.15700000E+02  0.12972678E-19  0.10242792E-36
  0.15800000E+02  0.12823478E-19  0.10118946E-36
  0.15900000E+02  0.12676767E-19  0.99972966E-37
  0.16000000E+02  0.12532489E-19  0.98777921E-37
  0.16100000E+02  0.12390595E-19  0.97603837E-37
  0.16200000E+02  0.12251031E-19  0.96450234E-37
  0.16300000E+02  0.12113750E-19  0.95316648E-37
  0.16400000E+02  0.11978703E-19  0.94202625E-37
  0.16500000E+02  0.11845843E-19  0.93107726E-37
  0.16600000E+02  0.11715124E-19  0.92031522E-37
  0.16700000E+02  0.11586501E-19  0.90973597E-37
  0.16800000E+02  0.11459932E-19  0.89933546E-37
  0.16900000E+02  0.11335374E-19  0.88910975E-37
  0.17000000E+02  0.11212785E-19  0.87905500E-37
  0.17100000E+02  0.11092125E-19  0.86916749E-37
  0.17200000E+02  0.10973356E-19  0.85944357E-37
  0.17300000E+02  0.10856437E-19  0.84987972E-37
  0.17400000E+02  0.10741334E-19  0.84047249E-37
  0.17500000E+02  0.10628007E-19  0.83121853E-37
  0.17600000E+02  0.10516423E-19  0.82211457E-37
  0.17700000E+02  0.10406547E-19  0.81315745E-37
  0.17800000E+02  0.10298344E-19  0.80434405E-37
  0.17900000E+02  0.10191782E-19  0.79567137E-37
  0.18000000E+02  0.10086828E-19  0.78713646E-37
  0.18100000E+02  0.99834506E-20  0.77873646E-37
  0.18200000E+02  0.98816195E-20  0.77046858E-37
  0.18300000E+02  0.97813045E-20  0.76233011E-37
  0.18400000E+02  0.96824763E-20  0.75431838E-37
  0.18500000E+02  0.95851062E-20  0.74643082E-37
  0.18600000E+02  0.94891664E-20  0.73866490E-37
  0.18700000E+02  0.93946296E-20  0.73101816E-37
  0.18800000E+02  0.93014690E-20  0.72348822E-37
  0.18900000E+02  0.92096587E-20  0.71607273E-37
  0.19000000E+02  0.91191732E-20  0.70876942E-37
  0.19100000E+02  0.90299877E-20  0.70157605E-37
  0.19200000E+02  0.89420778E-20  0.69449046E-37
  0.19300000E+02  0.88554199E-20  0.68751053E-37
  0.19400000E+02  0.87699908E-20  0.68063419E-37
  0.19500000E+02  0.86857677E-20  0.67385944E-37
  0.19600000E+02  0.86027286E-20  0.66718429E-37
  0.19700000E+02  0.85208518E-20  0.66060683E-37
  0.19800000E+02  0.84401160E-20  0.65412519E-37
  0.19900000E+02  0.83605006E-20  0.64773752E-37
  0.20000000E+02  0.82819854E-20  0.64144204E-37
  0.20100000E+02  0.82045505E-20  0.63523701E-37
  0.20200000E+02  0.81281765E-20  0.62912072E-37
  0.20300000E+02  0.80528446E-20  0.62309150E-37
  0.20400000E+02  0.79785362E-20  0.61714772E-37
  0.20500000E+02  0.79052331E-20  0.61128780E-37
  0.20600000E+02  0.78329176E-20  0.60551017E-37
  0.20700000E+02  0.77615725E-20  0.59981333E-37
  0.20800000E+02  0.76911806E-20  0.59419578E-37
  0.20900000E+02  0.76217255E-20  0.58865608E-37
  0.21000000E+02  0.75531907E-20  0.58319280E-37
  0.21100000E+02  0.74855605E-20  0.57780457E-37
  0.21200000E+02  0.74188192E-20  0.57249002E-37
  0.21300000E+02  0.73529515E-20  0.56724783E-37
  0.21400000E+02  0.72879426E-20  0.56207671E-37
  0.21500000E+02  0.72237779E-20  0.55697539E-37
  0.21600000E+02  0.71604429E-20  0.55194263E-37
  0.21700000E+02  0.70979238E-20  0.54697721E-37
  0.21800000E+02  0.70362067E-20  0.54207796E-37
  0.21900000E+02  0.69752783E-20  0.53724370E-37
  0.22000000E+02  0.69151253E-20  0.53247331E-37
  0.22100000E+02  0.68557349E-20  0.52776568E-37
  0.22200000E+02  0.67970944E-20  0.52311972E-37
  0.22300000E+02  0.67391914E-20  0.51853436E-37
  0.22400000E+02  0.66820139E-20  0.51400857E-37
  0.22500000E+02  0.66255498E-20  0.50954133E-37
  0.22600000E+02  0.65697877E-20  0.50513163E-37
  0.22700000E+02  0.65147161E-20  0.50077851E-37
  0.22800000E+02  0.64603237E-20  0.49648100E-37
  0.22900000E+02  0.64065997E-20  0.49223817E-37
  0.23000000E+02  0.63535333E-20  0.48804911E-37
  0.23100000E+02  0.63011139E-20  0.48391291E-37
  0.23200000E+02  0.62493312E-20  0.47982870E-37
  0.23300000E+02  0.61981752E-20  0.47579562E-37
  0.23400000E+02  0.61476358E-20  0.47181282E-37
  0.23500000E+02  0.60977033E-20  0.46787948E-37
  0.23600000E+02  0.60483683E-20  0.46399478E-37
  0.23700000E+02  0.59996212E-20  0.46015794E-37
  0.23800000E+02  0.59514531E-20  0.45636817E-37
  0.23900000E+02  0.59038547E-20  0.45262473E-37
  0.24000000E+02  0.58568174E-20  0.44892685E-37
  0.24100000E+02  0.58103325E-20  0.44527380E-37
  0.24200000E+02  0.57643914E-20  0.44166488E-37
  0.24300000E+02  0.57189858E-20  0.43809938E-37
  0.24400000E+02  0.56741075E-20  0.43457661E-37
  0.24500000E+02  0.56297486E-20  0.43109589E-37
  0.24600000E+02  0.55859011E-20  0.42765656E-37
  0.24700000E+02  0.55425572E-20  0.42425797E-37
  0.24800000E+02  0.54997095E-20  0.42089949E-37
  0.24900000E+02  0.54573504E-20  0.41758049E-37
  0.25000000E+02  0.54154727E-20  0.41430035E-37
  0.25100000E+02  0.53740692E-20  0.41105849E-37
  0.25200000E+02  0.53331327E-20  0.40785430E-37
  0.25300000E+02  0.52926565E-20  0.40468722E-37
  0.25400000E+02  0.52526338E-20  0.40155667E-37
  0.25500000E+02  0.52130578E-20  0.39846209E-37
  0.25600000E+02  0.51739220E-20  0.39540295E-37
  0.25700000E+02  0.51352200E-20  0.39237870E-37
  0.25800000E+02  0.50969454E-20  0.38938882E-37
  0.25900000E+02  0.50590922E-20  0.38643280E-37
  0.26000000E+02  0.50216541E-20  0.38351013E-37
  0.26100000E+02  0.49846253E-20  0.38062030E-37
  0.26200000E+02  0.49479997E-20  0.37776284E-37
  0.26300000E+02  0.49117718E-20  0.37493727E-37
  0.26400000E+02  0.48759358E-20  0.37214311E-37
  0.26500000E+02  0.48404860E-20  0.36937991E-37
  0.26600000E+02  0.48054172E-20  0.36664720E-37
  0.26700000E+02  0.47707238E-20  0.36394455E-37
  0.26800000E+02  0.47364006E-20  0.36127153E-37
  0.26900000E+02  0.47024425E-20  0.35862769E-37
  0.27000000E+02  0.46688442E-20  0.35601262E-37
  0.27100000E+02  0.46356008E-20  0.35342591E-37
  0.27200000E+02  0.46027075E-20  0.35086714E-37
  0.27300000E+02  0.45701592E-20  0.34833593E-37
  0.27400000E+02  0.45379513E-20  0.34583187E-37
  0.27500000E+02  0.45060791E-20  0.34335459E-37
  0.27600000E+02  0.44745380E-20  0.34090371E-37
  0.27700000E+02  0.44433234E-20  0.33847884E-37
  0.27800000E+02  0.44124309E-20  0.33607964E-37
  0.27900000E+02  0.43818562E-20  0.33370573E-37
  0.28000000E+02  0.43515950E-20  0.33135677E-37
  0.28100000E+02  0.43216429E-20  0.32903240E-37
  0.28200000E+02  0.42919960E-20  0.32673230E-37
  0.28300000E+02  0.42626500E-20  0.32445612E-37
  0.28400000E+02  0.42336009E-20  0.32220354E-37
  0.28500000E+02  0.42048449E-20  0.31997423E-37
  0.28600000E+02  0.41763780E-20  0.31776787E-37
  0.28700000E+02  0.41481963E-20  0.31558415E-37
  0.28800000E+02  0.41202962E-20  0.31342277E-37
  0.28900000E+02  0.40926739E-20  0.31128342E-37
  0.29000000E+02  0.40653258E-20  0.30916581E-37
  0.29100000E+02  0.40382483E-20  0.30706963E-37
  0.29200000E+02  0.40114379E-20  0.30499461E-37
  0.29300000E+02  0.39848911E-20  0.30294047E-37
  0.29400000E+02  0.39586045E-20  0.30090692E-37
  0.29500000E+02  0.39325747E-20  0.29889369E-37
  0.29600000E+02  0.39067985E-20  0.29690052E-37
  0.29700000E+02  0.38812725E-20  0.29492713E-37
  0.29800000E+02  0.38559936E-20  0.29297328E-37
  0.29900000E+02  0.38309586E-20  0.29103870E-37
  0.30000000E+02  0.38061645E-20  0.28912314E-37
  0.30100000E+02  0.37816082E-20  0.28722635E-37
  0.30200000E+02  0.37572866E-20  0.28534809E-37
  0.30300000E+02  0.37331968E-20  0.28348813E-37
  0.30400000E+02  0.37093360E-20  0.28164622E-37
  0.30500000E+02  0.36857012E-20  0.27982214E-37
  0.30600000E+02  0.36622896E-20  0.27801565E-37
  0.30700000E+02  0.36390984E-20  0.27622653E-37
  0.30800000E+02  0.36161250E-20  0.27445456E-37
  0.30900000E+02  0.35933666E-20  0.27269952E-37
  0.31000000E+02  0.35708205E-20  0.27096120E-37
  0.31100000E+02  0.35484842E-20  0.26923938E-37
  0.31200000E+02  0.35263550E-20  0.26753387E-37
  0.31300000E+02  0.35044305E-20  0.26584445E-37
  0.31400000E+02  0.34827082E-20  0.26417092E-37
  0.31500000E+02  0.34611855E-20  0.26251309E-37
  0.31600000E+02  0.34398601E-20  0.26087076E-37
  0.31700000E+02  0.34187296E-20  0.25924374E-37
  0.31800000E+02  0.33977916E-20  0.25763184E-37
  0.31900000E+02  0.33770439E-20  0.25603488E-37
  0.32000000E+02  0.33564841E-20  0.25445266E-37
  0.32100000E+02  0.33361100E-20  0.25288502E-37
  0.32200000E+02  0.33159194E-20  0.25133177E-37
  0.32300000E+02  0.32959101E-20  0.24979273E-37
  0.32400000E+02  0.32760799E-20  0.24826775E-37
  0.32500000E+02  0.32564268E-20  0.24675663E-37
  0.32600000E+02  0.32369487E-20  0.24525923E-37
  0.32700000E+02  0.32176435E-20  0.24377536E-37
  0.32800000E+02  0.31985091E-20  0.24230488E-37
  0.32900000E+02  0.31795437E-20  0.24084763E-37
  0.33000000E+02  0.31607451E-20  0.23940343E-37
  0.33100000E+02  0.31421116E-20  0.23797214E-37
  0.33200000E+02  0.31236411E-20  0.23655361E-37
  0.33300000E+02  0.31053317E-20  0.23514769E-37
  0.33400000E+02  0.30871818E-20  0.23375422E-37
  0.33500000E+02  0.30691893E-20  0.23237306E-37
  0.33600000E+02  0.30513525E-20  0.23100407E-37
  0.33700000E+02  0.30336696E-20  0.22964711E-37
  0.33800000E+02  0.30161389E-20  0.22830202E-37
  0.33900000E+02  0.29987586E-20  0.22696869E-37
  0.34000000E+02  0.29815271E-20  0.22564696E-37
  0.34100000E+02  0.29644426E-20  0.22433672E-37
  0.34200000E+02  0.29475035E-20  0.22303781E-37
  0.34300000E+02  0.29307081E-20  0.22175012E-37
  0.34400000E+02  0.29140550E-20  0.22047352E-37
  0.34500000E+02  0.28975423E-20  0.21920788E-37
  0.34600000E+02  0.28811687E-20  0.21795307E-37
  0.34700000E+02  0.28649325E-20  0.21670897E-37
  0.34800000E+02  0.28488323E-20  0.21547547E-37
  0.34900000E+02  0.28328664E-20  0.21425243E-37
  0.35000000E+02  0.28170335E-20  0.21303975E-37
  0.35100000E+02  0.28013321E-20  0.21183731E-37
  0.35200000E+02  0.27857607E-20  0.21064499E-37
  0.35300000E+02  0.27703180E-20  0.20946268E-37
  0.35400000E+02  0.27550024E-20  0.20829027E-37
  0.35500000E+02  0.27398127E-20  0.20712764E-37
  0.35600000E+02  0.27247474E-20  0.20597470E-37
  0.35700000E+02  0.27098052E-20  0.20483133E-37
  0.35800000E+02  0.26949849E-20  0.20369742E-37
  0.35900000E+02  0.26802850E-20  0.20257289E-37
  0.36000000E+02  0.26657043E-20  0.20145761E-37
  0.36100000E+02  0.26512414E-20  0.20035149E-37
  0.36200000E+02  0.26368953E-20  0.19925443E-37
  0.36300000E+02  0.26226645E-20  0.19816634E-37
  0.36400000E+02  0.26085479E-20  0.19708711E-37
  0.36500000E+02  0.25945442E-20  0.19601665E-37
  0.36600000E+02  0.25806524E-20  0.19495487E-37
  0.36700000E+02  0.25668711E-20  0.19390166E-37
  0.36800000E+02  0.25531992E-20  0.19285695E-37
  0.36900000E+02  0.25396356E-20  0.19182063E-37
  0.37000000E+02  0.25261792E-20  0.19079262E-37
  0.37100000E+02  0.25128288E-20  0.18977284E-37
  0.37200000E+02  0.24995833E-20  0.18876119E-37
  0.37300000E+02  0.24864416E-20  0.18775758E-37
  0.37400000E+02  0.24734027E-20  0.18676194E-37
  0.37500000E+02  0.24604655E-20  0.18577418E-37
  0.37600000E+02  0.24476289E-20  0.18479421E-37
  0.37700000E+02  0.24348919E-20  0.18382196E-37
  0.37800000E+02  0.24222536E-20  0.18285734E-37
  0.37900000E+02  0.24097128E-20  0.18190028E-37
  0.38000000E+02  0.23972685E-20  0.18095070E-37
  0.38100000E+02  0.23849199E-20  0.18000851E-37
  0.38200000E+02  0.23726659E-20  0.17907364E-37
  0.38300000E+02  0.23605056E-20  0.17814602E-37
  0.38400000E+02  0.23484380E-20  0.17722557E-37
  0.38500000E+02  0.23364621E-20  0.17631223E-37
  0.38600000E+02  0.23245772E-20  0.17540590E-37
  0.38700000E+02  0.23127821E-20  0.17450653E-37
  0.38800000E+02  0.23010762E-20  0.17361405E-37
  0.38900000E+02  0.22894584E-20  0.17272838E-37
  0.39000000E+02  0.22779279E-20  0.17184945E-37
  0.39100000E+02  0.22664838E-20  0.17097720E-37
  0.39200000E+02  0.22551252E-20  0.17011156E-37
  0.39300000E+02  0.22438514E-20  0.16925246E-37
  0.39400000E+02  0.22326614E-20  0.16839984E-37
  0.39500000E+02  0.22215545E-20  0.16755363E-37
  0.39600000E+02  0.22105298E-20  0.16671377E-37
  0.39700000E+02  0.21995866E-20  0.16588019E-37
  0.39800000E+02  0.21887240E-20  0.16505284E-37
  0.39900000E+02  0.21779412E-20  0.16423164E-37
  0.40000000E+02  0.21672375E-20  0.16341655E-37
