  0.00000000E+00 -0.18400775E-22  0.14181257E-37
  0.10000000E+00 -0.18357457E-22  0.14164358E-37
  0.20000000E+00 -0.18229374E-22  0.13852921E-37
  0.30000000E+00 -0.18021889E-22  0.13351436E-37
  0.40000000E+00 -0.17743194E-22  0.12611079E-37
  0.50000000E+00 -0.17403383E-22  0.11895727E-37
  0.60000000E+00 -0.17013465E-22  0.11090798E-37
  0.70000000E+00 -0.16584488E-22  0.10115590E-37
  0.80000000E+00 -0.16126868E-22  0.92804310E-38
  0.90000000E+00 -0.15649955E-22  0.83877245E-38
  0.10000000E+01 -0.15161819E-22  0.74832873E-38
  0.11000000E+01 -0.14669194E-22  0.67173740E-38
  0.12000000E+01 -0.14177537E-22  0.59330751E-38
  0.13000000E+01 -0.13691149E-22  0.51873507E-38
  0.14000000E+01 -0.13213331E-22  0.45853887E-38
  0.15000000E+01 -0.12746543E-22  0.39550312E-38
  0.16000000E+01 -0.12292549E-22  0.34207747E-38
  0.17000000E+01 -0.11852557E-22  0.29506789E-38
  0.18000000E+01 -0.11427331E-22  0.25097925E-38
  0.19000000E+01 -0.11017290E-22  0.20890382E-38
  0.20000000E+01 -0.10622586E-22  0.17265287E-38
  0.21000000E+01 -0.10243169E-22  0.14080416E-38
  0.22000000E+01 -0.98788371E-23  0.11198417E-38
  0.23000000E+01 -0.95292795E-23  0.86023396E-39
  0.24000000E+01 -0.91941053E-23  0.62904990E-39
  0.25000000E+01 -0.88728695E-23  0.45354782E-39
  0.26000000E+01 -0.85650920E-23  0.25062048E-39
  0.27000000E+01 -0.82702717E-23  0.79463636E-40
  0.28000000E+01 -0.79878976E-23 -0.50249608E-40
  0.29000000E+01 -0.77174576E-23 -0.13864642E-39
  0.30000000E+01 -0.74584438E-23 -0.29577641E-39
  0.31000000E+01 -0.72103577E-23 -0.37852125E-39
  0.32000000E+01 -0.69727134E-23 -0.45399797E-39
  0.33000000E+01 -0.67450393E-23 -0.53978791E-39
  0.34000000E+01 -0.65268803E-23 -0.60305020E-39
  0.35000000E+01 -0.63177982E-23 -0.65777637E-39
  0.36000000E+01 -0.61173725E-23 -0.69262175E-39
  0.37000000E+01 -0.59252004E-23 -0.73135228E-39
  0.38000000E+01 -0.57408971E-23 -0.78147590E-39
  0.39000000E+01 -0.55640948E-23 -0.80542467E-39
  0.40000000E+01 -0.53944431E-23 -0.83683950E-39
  0.41000000E+01 -0.52316081E-23 -0.85392704E-39
  0.42000000E+01 -0.50752717E-23 -0.88102932E-39
  0.43000000E+01 -0.49251316E-23 -0.87552569E-39
  0.44000000E+01 -0.47809001E-23 -0.88823227E-39
  0.45000000E+01 -0.46423036E-23 -0.90391621E-39
  0.46000000E+01 -0.45090823E-23 -0.91797738E-39
  0.47000000E+01 -0.43809892E-23 -0.91347401E-39
  0.48000000E+01 -0.42577896E-23 -0.91879095E-39
  0.49000000E+01 -0.41392606E-23 -0.90655662E-39
  0.50000000E+01 -0.40251905E-23 -0.90912289E-39
  0.51000000E+01 -0.39153782E-23 -0.89844519E-39
  0.52000000E+01 -0.38096324E-23 -0.90095508E-39
  0.53000000E+01 -0.37077717E-23 -0.88909575E-39
  0.54000000E+01 -0.36096235E-23 -0.89275035E-39
  0.55000000E+01 -0.35150241E-23 -0.86406452E-39
  0.56000000E+01 -0.34238175E-23 -0.87093750E-39
  0.57000000E+01 -0.33358558E-23 -0.86260327E-39
  0.58000000E+01 -0.32509983E-23 -0.85361449E-39
  0.59000000E+01 -0.31691110E-23 -0.83592221E-39
  0.60000000E+01 -0.30900669E-23 -0.83211393E-39
  0.61000000E+01 -0.30137448E-23 -0.81882410E-39
  0.62000000E+01 -0.29400295E-23 -0.81144884E-39
  0.63000000E+01 -0.28688117E-23 -0.80410409E-39
  0.64000000E+01 -0.27999869E-23 -0.78922799E-39
  0.65000000E+01 -0.27334559E-23 -0.77473276E-39
  0.66000000E+01 -0.26691243E-23 -0.76256139E-39
  0.67000000E+01 -0.26069019E-23 -0.74592296E-39
  0.68000000E+01 -0.25467030E-23 -0.73823839E-39
  0.69000000E+01 -0.24884459E-23 -0.72901392E-39
  0.70000000E+01 -0.24320527E-23 -0.71801146E-39
  0.71000000E+01 -0.23774492E-23 -0.70570171E-39
  0.72000000E+01 -0.23245645E-23 -0.70125101E-39
  0.73000000E+01 -0.22733312E-23 -0.68219306E-39
  0.74000000E+01 -0.22236847E-23 -0.67240004E-39
  0.75000000E+01 -0.21755635E-23 -0.66863525E-39
  0.76000000E+01 -0.21289090E-23 -0.65433153E-39
  0.77000000E+01 -0.20836652E-23 -0.64281762E-39
  0.78000000E+01 -0.20397783E-23 -0.62984116E-39
  0.79000000E+01 -0.19971974E-23 -0.62348670E-39
  0.80000000E+01 -0.19558734E-23 -0.61380919E-39
  0.81000000E+01 -0.19157597E-23 -0.59686094E-39
  0.82000000E+01 -0.18768116E-23 -0.58786590E-39
  0.83000000E+01 -0.18389864E-23 -0.59183190E-39
  0.84000000E+01 -0.18022432E-23 -0.57081780E-39
  0.85000000E+01 -0.17665428E-23 -0.56691305E-39
  0.86000000E+01 -0.17318478E-23 -0.55710038E-39
  0.87000000E+01 -0.16981224E-23 -0.54473936E-39
  0.88000000E+01 -0.16653322E-23 -0.53458918E-39
  0.89000000E+01 -0.16334443E-23 -0.52934615E-39
  0.90000000E+01 -0.16024273E-23 -0.51635482E-39
  0.91000000E+01 -0.15722509E-23 -0.50745993E-39
  0.92000000E+01 -0.15428861E-23 -0.50684906E-39
  0.93000000E+01 -0.15143052E-23 -0.49501889E-39
  0.94000000E+01 -0.14864816E-23 -0.48599161E-39
  0.95000000E+01 -0.14593896E-23 -0.47733473E-39
  0.96000000E+01 -0.14330048E-23 -0.47224054E-39
  0.97000000E+01 -0.14073037E-23 -0.46741622E-39
  0.98000000E+01 -0.13822635E-23 -0.45820727E-39
  0.99000000E+01 -0.13578627E-23 -0.45126003E-39
  0.10000000E+02 -0.13340803E-23 -0.44720883E-39
  0.10100000E+02 -0.13108963E-23 -0.44121425E-39
  0.10200000E+02 -0.12882914E-23 -0.43012255E-39
  0.10300000E+02 -0.12662472E-23 -0.42380375E-39
  0.10400000E+02 -0.12447458E-23 -0.41768655E-39
  0.10500000E+02 -0.12237700E-23 -0.40935218E-39
  0.10600000E+02 -0.12033035E-23 -0.40394626E-39
  0.10700000E+02 -0.11833303E-23 -0.39703566E-39
  0.10800000E+02 -0.11638352E-23 -0.39218271E-39
  0.10900000E+02 -0.11448035E-23 -0.38751869E-39
  0.11000000E+02 -0.11262210E-23 -0.37949118E-39
  0.11100000E+02 -0.11080741E-23 -0.37675839E-39
  0.11200000E+02 -0.10903497E-23 -0.36970806E-39
  0.11300000E+02 -0.10730351E-23 -0.36308333E-39
  0.11400000E+02 -0.10561182E-23 -0.36007976E-39
  0.11500000E+02 -0.10395871E-23 -0.35403234E-39
  0.11600000E+02 -0.10234305E-23 -0.34646560E-39
  0.11700000E+02 -0.10076375E-23 -0.34219507E-39
  0.11800000E+02 -0.99219762E-24 -0.33510724E-39
  0.11900000E+02 -0.97710056E-24 -0.33507726E-39
  0.12000000E+02 -0.96233654E-24 -0.33012888E-39
  0.12100000E+02 -0.94789609E-24 -0.32412915E-39
  0.12200000E+02 -0.93377003E-24 -0.31974557E-39
  0.12300000E+02 -0.91994953E-24 -0.31295929E-39
  0.12400000E+02 -0.90642605E-24 -0.31014449E-39
  0.12500000E+02 -0.89319133E-24 -0.30359023E-39
  0.12600000E+02 -0.88023741E-24 -0.30169364E-39
  0.12700000E+02 -0.86755658E-24 -0.29958260E-39
  0.12800000E+02 -0.85514138E-24 -0.29070903E-39
  0.12900000E+02 -0.84298461E-24 -0.28952438E-39
  0.13000000E+02 -0.83107932E-24 -0.28506509E-39
  0.13100000E+02 -0.81941875E-24 -0.28259003E-39
  0.13200000E+02 -0.80799640E-24 -0.27736163E-39
  0.13300000E+02 -0.79680595E-24 -0.27264536E-39
  0.13400000E+02 -0.78584130E-24 -0.27034843E-39
  0.13500000E+02 -0.77509654E-24 -0.26572787E-39
  0.13600000E+02 -0.76456596E-24 -0.26113691E-39
  0.13700000E+02 -0.75424401E-24 -0.26107528E-39
  0.13800000E+02 -0.74412532E-24 -0.25813662E-39
  0.13900000E+02 -0.73420471E-24 -0.25439970E-39
  0.14000000E+02 -0.72447713E-24 -0.25159268E-39
  0.14100000E+02 -0.71493770E-24 -0.24546050E-39
  0.14200000E+02 -0.70558171E-24 -0.24529120E-39
  0.14300000E+02 -0.69640455E-24 -0.24121540E-39
  0.14400000E+02 -0.68740180E-24 -0.23782038E-39
  0.14500000E+02 -0.67856913E-24 -0.23477934E-39
  0.14600000E+02 -0.66990238E-24 -0.23291498E-39
  0.14700000E+02 -0.66139748E-24 -0.23111583E-39
  0.14800000E+02 -0.65305050E-24 -0.22724323E-39
  0.14900000E+02 -0.64485763E-24 -0.22418073E-39
  0.15000000E+02 -0.63681516E-24 -0.21982226E-39
  0.15100000E+02 -0.62891949E-24 -0.21884700E-39
  0.15200000E+02 -0.62116714E-24 -0.21463405E-39
  0.15300000E+02 -0.61355472E-24 -0.21376111E-39
  0.15400000E+02 -0.60607893E-24 -0.21192220E-39
  0.15500000E+02 -0.59873659E-24 -0.20761789E-39
  0.15600000E+02 -0.59152457E-24 -0.20736701E-39
  0.15700000E+02 -0.58443988E-24 -0.20260631E-39
  0.15800000E+02 -0.57747957E-24 -0.20159172E-39
  0.15900000E+02 -0.57064081E-24 -0.19843965E-39
  0.16000000E+02 -0.56392081E-24 -0.19799033E-39
  0.16100000E+02 -0.55731689E-24 -0.19476277E-39
  0.16200000E+02 -0.55082643E-24 -0.19352564E-39
  0.16300000E+02 -0.54444689E-24 -0.18950847E-39
  0.16400000E+02 -0.53817579E-24 -0.18681899E-39
  0.16500000E+02 -0.53201072E-24 -0.18566885E-39
  0.16600000E+02 -0.52594935E-24 -0.18255960E-39
  0.16700000E+02 -0.51998939E-24 -0.18145831E-39
  0.16800000E+02 -0.51412863E-24 -0.17992036E-39
  0.16900000E+02 -0.50836492E-24 -0.17760419E-39
  0.17000000E+02 -0.50269614E-24 -0.17671692E-39
  0.17100000E+02 -0.49712026E-24 -0.17293259E-39
  0.17200000E+02 -0.49163528E-24 -0.17063536E-39
  0.17300000E+02 -0.48623927E-24 -0.17010170E-39
  0.17400000E+02 -0.48093034E-24 -0.16742980E-39
  0.17500000E+02 -0.47570666E-24 -0.16551864E-39
  0.17600000E+02 -0.47056642E-24 -0.16454020E-39
  0.17700000E+02 -0.46550790E-24 -0.16257163E-39
  0.17800000E+02 -0.46052938E-24 -0.16150945E-39
  0.17900000E+02 -0.45562921E-24 -0.16021294E-39
  0.18000000E+02 -0.45080578E-24 -0.15790925E-39
  0.18100000E+02 -0.44605751E-24 -0.15575582E-39
  0.18200000E+02 -0.44138288E-24 -0.15427552E-39
  0.18300000E+02 -0.43678037E-24 -0.15222644E-39
  0.18400000E+02 -0.43224855E-24 -0.15196762E-39
  0.18500000E+02 -0.42778598E-24 -0.15008990E-39
  0.18600000E+02 -0.42339128E-24 -0.14819750E-39
  0.18700000E+02 -0.41906309E-24 -0.14742171E-39
  0.18800000E+02 -0.41480010E-24 -0.14639371E-39
  0.18900000E+02 -0.41060102E-24 -0.14318652E-39
  0.19000000E+02 -0.40646459E-24 -0.14258746E-39
  0.19100000E+02 -0.40238960E-24 -0.14183986E-39
  0.19200000E+02 -0.39837483E-24 -0.13970064E-39
  0.19300000E+02 -0.39441913E-24 -0.13834152E-39
  0.19400000E+02 -0.39052135E-24 -0.13649098E-39
  0.19500000E+02 -0.38668038E-24 -0.13517775E-39
  0.19600000E+02 -0.38289514E-24 -0.13446923E-39
  0.19700000E+02 -0.37916457E-24 -0.13259433E-39
  0.19800000E+02 -0.37548762E-24 -0.13235154E-39
  0.19900000E+02 -0.37186329E-24 -0.13109717E-39
  0.20000000E+02 -0.36829059E-24 -0.12906918E-39
  0.20100000E+02 -0.36476855E-24 -0.12712940E-39
  0.20200000E+02 -0.36129624E-24 -0.12659397E-39
  0.20300000E+02 -0.35787272E-24 -0.12607553E-39
  0.20400000E+02 -0.35449710E-24 -0.12480964E-39
  0.20500000E+02 -0.35116850E-24 -0.12253860E-39
  0.20600000E+02 -0.34788606E-24 -0.12263866E-39
  0.20700000E+02 -0.34464894E-24 -0.12164103E-39
  0.20800000E+02 -0.34145631E-24 -0.11867815E-39
  0.20900000E+02 -0.33830738E-24 -0.11843968E-39
  0.21000000E+02 -0.33520135E-24 -0.11793067E-39
  0.21100000E+02 -0.33213746E-24 -0.11660992E-39
  0.21200000E+02 -0.32911495E-24 -0.11604395E-39
  0.21300000E+02 -0.32613310E-24 -0.11536502E-39
  0.21400000E+02 -0.32319118E-24 -0.11411631E-39
  0.21500000E+02 -0.32028850E-24 -0.11251667E-39
  0.21600000E+02 -0.31742435E-24 -0.11109675E-39
  0.21700000E+02 -0.31459808E-24 -0.11026104E-39
  0.21800000E+02 -0.31180902E-24 -0.10941986E-39
  0.21900000E+02 -0.30905652E-24 -0.10914101E-39
  0.22000000E+02 -0.30633996E-24 -0.10844739E-39
  0.22100000E+02 -0.30365872E-24 -0.10640646E-39
  0.22200000E+02 -0.30101220E-24 -0.10599760E-39
  0.22300000E+02 -0.29839980E-24 -0.10534869E-39
  0.22400000E+02 -0.29582095E-24 -0.10368563E-39
  0.22500000E+02 -0.29327507E-24 -0.10356252E-39
  0.22600000E+02 -0.29076162E-24 -0.10178993E-39
  0.22700000E+02 -0.28828005E-24 -0.10196117E-39
  0.22800000E+02 -0.28582982E-24 -0.10092953E-39
  0.22900000E+02 -0.28341043E-24 -0.10022052E-39
  0.23000000E+02 -0.28102135E-24 -0.99149824E-40
  0.23100000E+02 -0.27866208E-24 -0.98968993E-40
  0.23200000E+02 -0.27633215E-24 -0.97481123E-40
  0.23300000E+02 -0.27403105E-24 -0.96872569E-40
  0.23400000E+02 -0.27175834E-24 -0.95861326E-40
  0.23500000E+02 -0.26951354E-24 -0.95260527E-40
  0.23600000E+02 -0.26729620E-24 -0.94569279E-40
  0.23700000E+02 -0.26510589E-24 -0.93712387E-40
  0.23800000E+02 -0.26294216E-24 -0.92292303E-40
  0.23900000E+02 -0.26080460E-24 -0.91646660E-40
  0.24000000E+02 -0.25869278E-24 -0.90880600E-40
  0.24100000E+02 -0.25660630E-24 -0.90901313E-40
  0.24200000E+02 -0.25454475E-24 -0.90613947E-40
  0.24300000E+02 -0.25250775E-24 -0.88952207E-40
  0.24400000E+02 -0.25049491E-24 -0.88228532E-40
  0.24500000E+02 -0.24850585E-24 -0.87218112E-40
  0.24600000E+02 -0.24654020E-24 -0.87672107E-40
  0.24700000E+02 -0.24459760E-24 -0.86424421E-40
  0.24800000E+02 -0.24267769E-24 -0.85522435E-40
  0.24900000E+02 -0.24078012E-24 -0.84615919E-40
  0.25000000E+02 -0.23890455E-24 -0.84588151E-40
  0.25100000E+02 -0.23705064E-24 -0.83623935E-40
  0.25200000E+02 -0.23521807E-24 -0.83250003E-40
  0.25300000E+02 -0.23340651E-24 -0.81717497E-40
  0.25400000E+02 -0.23161564E-24 -0.82014677E-40
  0.25500000E+02 -0.22984515E-24 -0.81113960E-40
  0.25600000E+02 -0.22809473E-24 -0.80524812E-40
  0.25700000E+02 -0.22636409E-24 -0.79611002E-40
  0.25800000E+02 -0.22465293E-24 -0.79450317E-40
  0.25900000E+02 -0.22296096E-24 -0.78292848E-40
  0.26000000E+02 -0.22128790E-24 -0.77841805E-40
  0.26100000E+02 -0.21963346E-24 -0.77183753E-40
  0.26200000E+02 -0.21799738E-24 -0.76711954E-40
  0.26300000E+02 -0.21637938E-24 -0.76324335E-40
  0.26400000E+02 -0.21477921E-24 -0.75867746E-40
  0.26500000E+02 -0.21319659E-24 -0.75686290E-40
  0.26600000E+02 -0.21163129E-24 -0.74842310E-40
  0.26700000E+02 -0.21008304E-24 -0.74544632E-40
  0.26800000E+02 -0.20855161E-24 -0.73431091E-40
  0.26900000E+02 -0.20703675E-24 -0.72604242E-40
  0.27000000E+02 -0.20553823E-24 -0.72089629E-40
  0.27100000E+02 -0.20405581E-24 -0.72092390E-40
  0.27200000E+02 -0.20258926E-24 -0.71468870E-40
  0.27300000E+02 -0.20113837E-24 -0.70832385E-40
  0.27400000E+02 -0.19970290E-24 -0.70150807E-40
  0.27500000E+02 -0.19828265E-24 -0.69862341E-40
  0.27600000E+02 -0.19687740E-24 -0.69622494E-40
  0.27700000E+02 -0.19548693E-24 -0.68726916E-40
  0.27800000E+02 -0.19411106E-24 -0.68674075E-40
  0.27900000E+02 -0.19274956E-24 -0.68647737E-40
  0.28000000E+02 -0.19140226E-24 -0.66727969E-40
  0.28100000E+02 -0.19006894E-24 -0.67300230E-40
  0.28200000E+02 -0.18874942E-24 -0.66431755E-40
  0.28300000E+02 -0.18744351E-24 -0.65712703E-40
  0.28400000E+02 -0.18615102E-24 -0.65751157E-40
  0.28500000E+02 -0.18487177E-24 -0.65141053E-40
  0.28600000E+02 -0.18360559E-24 -0.64998385E-40
  0.28700000E+02 -0.18235229E-24 -0.64229969E-40
  0.28800000E+02 -0.18111171E-24 -0.64390177E-40
  0.28900000E+02 -0.17988367E-24 -0.63555677E-40
  0.29000000E+02 -0.17866800E-24 -0.63001759E-40
  0.29100000E+02 -0.17746454E-24 -0.62388356E-40
  0.29200000E+02 -0.17627314E-24 -0.62765966E-40
  0.29300000E+02 -0.17509362E-24 -0.61343367E-40
  0.29400000E+02 -0.17392583E-24 -0.61386926E-40
  0.29500000E+02 -0.17276962E-24 -0.60847900E-40
  0.29600000E+02 -0.17162483E-24 -0.60731593E-40
  0.29700000E+02 -0.17049133E-24 -0.60168557E-40
  0.29800000E+02 -0.16936895E-24 -0.59923341E-40
  0.29900000E+02 -0.16825756E-24 -0.59341122E-40
  0.30000000E+02 -0.16715701E-24 -0.59415143E-40
  0.30100000E+02 -0.16606717E-24 -0.58226734E-40
  0.30200000E+02 -0.16498789E-24 -0.58181060E-40
  0.30300000E+02 -0.16391904E-24 -0.57658679E-40
  0.30400000E+02 -0.16286049E-24 -0.57332531E-40
  0.30500000E+02 -0.16181211E-24 -0.56959077E-40
  0.30600000E+02 -0.16077376E-24 -0.57082473E-40
  0.30700000E+02 -0.15974533E-24 -0.55946894E-40
  0.30800000E+02 -0.15872667E-24 -0.56407847E-40
  0.30900000E+02 -0.15771768E-24 -0.55602364E-40
  0.31000000E+02 -0.15671823E-24 -0.55479034E-40
  0.31100000E+02 -0.15572821E-24 -0.55085660E-40
  0.31200000E+02 -0.15474748E-24 -0.54457786E-40
  0.31300000E+02 -0.15377594E-24 -0.54232060E-40
  0.31400000E+02 -0.15281348E-24 -0.54368051E-40
  0.31500000E+02 -0.15185998E-24 -0.53964693E-40
  0.31600000E+02 -0.15091534E-24 -0.53721908E-40
  0.31700000E+02 -0.14997943E-24 -0.52991793E-40
  0.31800000E+02 -0.14905216E-24 -0.52937670E-40
  0.31900000E+02 -0.14813343E-24 -0.52446666E-40
  0.32000000E+02 -0.14722312E-24 -0.51861054E-40
  0.32100000E+02 -0.14632113E-24 -0.51699803E-40
  0.32200000E+02 -0.14542737E-24 -0.51826362E-40
  0.32300000E+02 -0.14454173E-24 -0.50966852E-40
  0.32400000E+02 -0.14366412E-24 -0.50858567E-40
  0.32500000E+02 -0.14279444E-24 -0.50461862E-40
  0.32600000E+02 -0.14193260E-24 -0.50193617E-40
  0.32700000E+02 -0.14107850E-24 -0.49587404E-40
  0.32800000E+02 -0.14023205E-24 -0.49517427E-40
  0.32900000E+02 -0.13939316E-24 -0.49280132E-40
  0.33000000E+02 -0.13856174E-24 -0.49406979E-40
  0.33100000E+02 -0.13773770E-24 -0.48790972E-40
  0.33200000E+02 -0.13692096E-24 -0.48753011E-40
  0.33300000E+02 -0.13611143E-24 -0.48168599E-40
  0.33400000E+02 -0.13530902E-24 -0.47824964E-40
  0.33500000E+02 -0.13451366E-24 -0.47434546E-40
  0.33600000E+02 -0.13372526E-24 -0.47425989E-40
  0.33700000E+02 -0.13294374E-24 -0.47123281E-40
  0.33800000E+02 -0.13216901E-24 -0.46754499E-40
  0.33900000E+02 -0.13140102E-24 -0.46472890E-40
  0.34000000E+02 -0.13063966E-24 -0.45947381E-40
  0.34100000E+02 -0.12988488E-24 -0.45958073E-40
  0.34200000E+02 -0.12913659E-24 -0.45427559E-40
  0.34300000E+02 -0.12839472E-24 -0.45349248E-40
  0.34400000E+02 -0.12765920E-24 -0.45063507E-40
  0.34500000E+02 -0.12692996E-24 -0.44808341E-40
  0.34600000E+02 -0.12620691E-24 -0.44619892E-40
  0.34700000E+02 -0.12549001E-24 -0.44446146E-40
  0.34800000E+02 -0.12477917E-24 -0.44202096E-40
  0.34900000E+02 -0.12407432E-24 -0.43624409E-40
  0.35000000E+02 -0.12337541E-24 -0.43621787E-40
  0.35100000E+02 -0.12268236E-24 -0.43065207E-40
  0.35200000E+02 -0.12199511E-24 -0.43477051E-40
  0.35300000E+02 -0.12131360E-24 -0.42489135E-40
  0.35400000E+02 -0.12063776E-24 -0.43053213E-40
  0.35500000E+02 -0.11996753E-24 -0.42471935E-40
  0.35600000E+02 -0.11930284E-24 -0.42107473E-40
  0.35700000E+02 -0.11864365E-24 -0.42099493E-40
  0.35800000E+02 -0.11798987E-24 -0.41656489E-40
  0.35900000E+02 -0.11734147E-24 -0.41384867E-40
  0.36000000E+02 -0.11669838E-24 -0.41304928E-40
  0.36100000E+02 -0.11606054E-24 -0.41217784E-40
  0.36200000E+02 -0.11542789E-24 -0.40889353E-40
  0.36300000E+02 -0.11480038E-24 -0.40552333E-40
  0.36400000E+02 -0.11417796E-24 -0.40285336E-40
  0.36500000E+02 -0.11356056E-24 -0.40088778E-40
  0.36600000E+02 -0.11294814E-24 -0.39617261E-40
  0.36700000E+02 -0.11234064E-24 -0.39485029E-40
  0.36800000E+02 -0.11173801E-24 -0.39823787E-40
  0.36900000E+02 -0.11114020E-24 -0.39425642E-40
  0.37000000E+02 -0.11054716E-24 -0.38968432E-40
  0.37100000E+02 -0.10995883E-24 -0.38926180E-40
  0.37200000E+02 -0.10937517E-24 -0.38591889E-40
  0.37300000E+02 -0.10879613E-24 -0.38467386E-40
  0.37400000E+02 -0.10822165E-24 -0.37857359E-40
  0.37500000E+02 -0.10765170E-24 -0.38007561E-40
  0.37600000E+02 -0.10708622E-24 -0.38276236E-40
  0.37700000E+02 -0.10652517E-24 -0.37603980E-40
  0.37800000E+02 -0.10596851E-24 -0.37417315E-40
  0.37900000E+02 -0.10541618E-24 -0.37141730E-40
  0.38000000E+02 -0.10486814E-24 -0.37180522E-40
  0.38100000E+02 -0.10432435E-24 -0.36900036E-40
  0.38200000E+02 -0.10378476E-24 -0.36594382E-40
  0.38300000E+02 -0.10324933E-24 -0.36463354E-40
  0.38400000E+02 -0.10271802E-24 -0.36208175E-40
  0.38500000E+02 -0.10219079E-24 -0.35774875E-40
  0.38600000E+02 -0.10166759E-24 -0.35902165E-40
  0.38700000E+02 -0.10114839E-24 -0.35930204E-40
  0.38800000E+02 -0.10063314E-24 -0.35321042E-40
  0.38900000E+02 -0.10012181E-24 -0.35206505E-40
  0.39000000E+02 -0.99614346E-25 -0.34982631E-40
  0.39100000E+02 -0.99110720E-25 -0.35263351E-40
  0.39200000E+02 -0.98610891E-25 -0.34874427E-40
  0.39300000E+02 -0.98114822E-25 -0.34559125E-40
  0.39400000E+02 -0.97622473E-25 -0.34550592E-40
  0.39500000E+02 -0.97133810E-25 -0.34039242E-40
  0.39600000E+02 -0.96648794E-25 -0.34121198E-40
  0.39700000E+02 -0.96167390E-25 -0.34150472E-40
  0.39800000E+02 -0.95689562E-25 -0.33853093E-40
  0.39900000E+02 -0.95215275E-25 -0.33535881E-40
  0.40000000E+02 -0.94744495E-25 -0.33477257E-40
