  0.00000000E+00 -0.88916518E-23  0.21864999E-37
  0.10000000E+00 -0.88883009E-23  0.21703366E-37
  0.20000000E+00 -0.88782619E-23  0.21966034E-37
  0.30000000E+00 -0.88615758E-23  0.21887968E-37
  0.40000000E+00 -0.88383109E-23  0.21733269E-37
  0.50000000E+00 -0.88085614E-23  0.21579854E-37
  0.60000000E+00 -0.87724468E-23  0.21520729E-37
  0.70000000E+00 -0.87301110E-23  0.20943015E-37
  0.80000000E+00 -0.86817204E-23  0.21067786E-37
  0.90000000E+00 -0.86274624E-23  0.20734227E-37
  0.10000000E+01 -0.85675439E-23  0.20347798E-37
  0.11000000E+01 -0.85021893E-23  0.20179778E-37
  0.12000000E+01 -0.84316382E-23  0.20166994E-37
  0.13000000E+01 -0.83561437E-23  0.19701376E-37
  0.14000000E+01 -0.82759702E-23  0.19185171E-37
  0.15000000E+01 -0.81913911E-23  0.18836423E-37
  0.16000000E+01 -0.81026870E-23  0.18642716E-37
  0.17000000E+01 -0.80101433E-23  0.18249817E-37
  0.18000000E+01 -0.79140486E-23  0.17886362E-37
  0.19000000E+01 -0.78146925E-23  0.17513179E-37
  0.20000000E+01 -0.77123641E-23  0.17376727E-37
  0.21000000E+01 -0.76073500E-23  0.16735058E-37
  0.22000000E+01 -0.74999331E-23  0.16448527E-37
  0.23000000E+01 -0.73903911E-23  0.16079484E-37
  0.24000000E+01 -0.72789950E-23  0.15657070E-37
  0.25000000E+01 -0.71660086E-23  0.15199878E-37
  0.26000000E+01 -0.70516869E-23  0.14679343E-37
  0.27000000E+01 -0.69362758E-23  0.14439247E-37
  0.28000000E+01 -0.68200112E-23  0.13770030E-37
  0.29000000E+01 -0.67031184E-23  0.13349931E-37
  0.30000000E+01 -0.65858118E-23  0.13202379E-37
  0.31000000E+01 -0.64682948E-23  0.12433265E-37
  0.32000000E+01 -0.63507593E-23  0.12241008E-37
  0.33000000E+01 -0.62333856E-23  0.11453646E-37
  0.34000000E+01 -0.61163429E-23  0.11222436E-37
  0.35000000E+01 -0.59997887E-23  0.10965463E-37
  0.36000000E+01 -0.58838696E-23  0.10482277E-37
  0.37000000E+01 -0.57687210E-23  0.10052070E-37
  0.38000000E+01 -0.56544677E-23  0.96697703E-38
  0.39000000E+01 -0.55412241E-23  0.93824701E-38
  0.40000000E+01 -0.54290944E-23  0.88590546E-38
  0.41000000E+01 -0.53181735E-23  0.84755319E-38
  0.42000000E+01 -0.52085466E-23  0.82421393E-38
  0.43000000E+01 -0.51002905E-23  0.78447976E-38
  0.44000000E+01 -0.49934731E-23  0.75678483E-38
  0.45000000E+01 -0.48881548E-23  0.72099260E-38
  0.46000000E+01 -0.47843880E-23  0.66488197E-38
  0.47000000E+01 -0.46822185E-23  0.64783120E-38
  0.48000000E+01 -0.45816849E-23  0.61652011E-38
  0.49000000E+01 -0.44828199E-23  0.60647412E-38
  0.50000000E+01 -0.43856502E-23  0.54910405E-38
  0.51000000E+01 -0.42901972E-23  0.54897800E-38
  0.52000000E+01 -0.41964771E-23  0.50498024E-38
  0.53000000E+01 -0.41045014E-23  0.47117361E-38
  0.54000000E+01 -0.40142774E-23  0.43444759E-38
  0.55000000E+01 -0.39258085E-23  0.40477900E-38
  0.56000000E+01 -0.38390941E-23  0.40450419E-38
  0.57000000E+01 -0.37541307E-23  0.36965358E-38
  0.58000000E+01 -0.36709114E-23  0.35261480E-38
  0.59000000E+01 -0.35894268E-23  0.32302846E-38
  0.60000000E+01 -0.35096648E-23  0.30751696E-38
  0.61000000E+01 -0.34316111E-23  0.28694259E-38
  0.62000000E+01 -0.33552493E-23  0.25842559E-38
  0.63000000E+01 -0.32805615E-23  0.23404270E-38
  0.64000000E+01 -0.32075278E-23  0.20633484E-38
  0.65000000E+01 -0.31361270E-23  0.19936514E-38
  0.66000000E+01 -0.30663368E-23  0.17510543E-38
  0.67000000E+01 -0.29981337E-23  0.16294776E-38
  0.68000000E+01 -0.29314931E-23  0.14877175E-38
  0.69000000E+01 -0.28663900E-23  0.12782783E-38
  0.70000000E+01 -0.28027984E-23  0.11292356E-38
  0.71000000E+01 -0.27406918E-23  0.10277153E-38
  0.72000000E+01 -0.26800434E-23  0.79731948E-39
  0.73000000E+01 -0.26208258E-23  0.75215280E-39
  0.74000000E+01 -0.25630117E-23  0.52645237E-39
  0.75000000E+01 -0.25065733E-23  0.45897367E-39
  0.76000000E+01 -0.24514829E-23  0.26949979E-39
  0.77000000E+01 -0.23977126E-23  0.15740843E-39
  0.78000000E+01 -0.23452348E-23 -0.27372674E-40
  0.79000000E+01 -0.22940218E-23  0.12756107E-40
  0.80000000E+01 -0.22440460E-23 -0.17608436E-39
  0.81000000E+01 -0.21952801E-23 -0.31865174E-39
  0.82000000E+01 -0.21476970E-23 -0.48785132E-39
  0.83000000E+01 -0.21012698E-23 -0.53555949E-39
  0.84000000E+01 -0.20559720E-23 -0.57483501E-39
  0.85000000E+01 -0.20117773E-23 -0.68399887E-39
  0.86000000E+01 -0.19686598E-23 -0.81768413E-39
  0.87000000E+01 -0.19265941E-23 -0.85625765E-39
  0.88000000E+01 -0.18855550E-23 -0.91093976E-39
  0.89000000E+01 -0.18455178E-23 -0.10078563E-38
  0.90000000E+01 -0.18064581E-23 -0.11434901E-38
  0.91000000E+01 -0.17683520E-23 -0.12458264E-38
  0.92000000E+01 -0.17311762E-23 -0.12966779E-38
  0.93000000E+01 -0.16949075E-23 -0.13722228E-38
  0.94000000E+01 -0.16595234E-23 -0.13702144E-38
  0.95000000E+01 -0.16250019E-23 -0.15296646E-38
  0.96000000E+01 -0.15913212E-23 -0.14759286E-38
  0.97000000E+01 -0.15584601E-23 -0.16418618E-38
  0.98000000E+01 -0.15263979E-23 -0.16323105E-38
  0.99000000E+01 -0.14951144E-23 -0.17020865E-38
  0.10000000E+02 -0.14645896E-23 -0.18285490E-38
  0.10100000E+02 -0.14348042E-23 -0.18551738E-38
  0.10200000E+02 -0.14057392E-23 -0.18709658E-38
  0.10300000E+02 -0.13773762E-23 -0.18956271E-38
  0.10400000E+02 -0.13496970E-23 -0.19592966E-38
  0.10500000E+02 -0.13226841E-23 -0.20536626E-38
  0.10600000E+02 -0.12963202E-23 -0.20475525E-38
  0.10700000E+02 -0.12705886E-23 -0.20518222E-38
  0.10800000E+02 -0.12454728E-23 -0.20765299E-38
  0.10900000E+02 -0.12209570E-23 -0.21175198E-38
  0.11000000E+02 -0.11970255E-23 -0.21994670E-38
  0.11100000E+02 -0.11736632E-23 -0.21725652E-38
  0.11200000E+02 -0.11508554E-23 -0.22792574E-38
  0.11300000E+02 -0.11285875E-23 -0.23185046E-38
  0.11400000E+02 -0.11068456E-23 -0.23463306E-38
  0.11500000E+02 -0.10856161E-23 -0.23830056E-38
  0.11600000E+02 -0.10648855E-23 -0.23569446E-38
  0.11700000E+02 -0.10446409E-23 -0.23934405E-38
  0.11800000E+02 -0.10248698E-23 -0.23807684E-38
  0.11900000E+02 -0.10055598E-23 -0.24204070E-38
  0.12000000E+02 -0.98669898E-24 -0.24093224E-38
  0.12100000E+02 -0.96827565E-24 -0.24687551E-38
  0.12200000E+02 -0.95027851E-24 -0.25201797E-38
  0.12300000E+02 -0.93269651E-24 -0.24608897E-38
  0.12400000E+02 -0.91551892E-24 -0.25068350E-38
  0.12500000E+02 -0.89873529E-24 -0.25206091E-38
  0.12600000E+02 -0.88233546E-24 -0.25534513E-38
  0.12700000E+02 -0.86630953E-24 -0.24901794E-38
  0.12800000E+02 -0.85064789E-24 -0.25369725E-38
  0.12900000E+02 -0.83534115E-24 -0.25489741E-38
  0.13000000E+02 -0.82038022E-24 -0.25926453E-38
  0.13100000E+02 -0.80575623E-24 -0.25497207E-38
  0.13200000E+02 -0.79146055E-24 -0.25721857E-38
  0.13300000E+02 -0.77748480E-24 -0.25578109E-38
  0.13400000E+02 -0.76382082E-24 -0.25788728E-38
  0.13500000E+02 -0.75046067E-24 -0.25963150E-38
  0.13600000E+02 -0.73739661E-24 -0.25972452E-38
  0.13700000E+02 -0.72462116E-24 -0.25959278E-38
  0.13800000E+02 -0.71212698E-24 -0.26062379E-38
  0.13900000E+02 -0.69990698E-24 -0.26054430E-38
  0.14000000E+02 -0.68795424E-24 -0.25906336E-38
  0.14100000E+02 -0.67626204E-24 -0.26086918E-38
  0.14200000E+02 -0.66482382E-24 -0.26311620E-38
  0.14300000E+02 -0.65363323E-24 -0.26492894E-38
  0.14400000E+02 -0.64268406E-24 -0.26289426E-38
  0.14500000E+02 -0.63197030E-24 -0.26231766E-38
  0.14600000E+02 -0.62148609E-24 -0.25737275E-38
  0.14700000E+02 -0.61122572E-24 -0.26148120E-38
  0.14800000E+02 -0.60118364E-24 -0.26089292E-38
  0.14900000E+02 -0.59135446E-24 -0.26185234E-38
  0.15000000E+02 -0.58173292E-24 -0.25823046E-38
  0.15100000E+02 -0.57231392E-24 -0.25844331E-38
  0.15200000E+02 -0.56309249E-24 -0.25928797E-38
  0.15300000E+02 -0.55406379E-24 -0.25987998E-38
  0.15400000E+02 -0.54522310E-24 -0.25946013E-38
  0.15500000E+02 -0.53656586E-24 -0.25966205E-38
  0.15600000E+02 -0.52808761E-24 -0.25849111E-38
  0.15700000E+02 -0.51978400E-24 -0.25701462E-38
  0.15800000E+02 -0.51165082E-24 -0.25848028E-38
  0.15900000E+02 -0.50368396E-24 -0.25474257E-38
  0.16000000E+02 -0.49587941E-24 -0.25416701E-38
  0.16100000E+02 -0.48823330E-24 -0.25392511E-38
  0.16200000E+02 -0.48074182E-24 -0.25673681E-38
  0.16300000E+02 -0.47340129E-24 -0.25563725E-38
  0.16400000E+02 -0.46620813E-24 -0.25019096E-38
  0.16500000E+02 -0.45915883E-24 -0.25413029E-38
  0.16600000E+02 -0.45225000E-24 -0.25271384E-38
  0.16700000E+02 -0.44547833E-24 -0.25083985E-38
  0.16800000E+02 -0.43884058E-24 -0.24766135E-38
  0.16900000E+02 -0.43233361E-24 -0.25336470E-38
  0.17000000E+02 -0.42595438E-24 -0.25022823E-38
  0.17100000E+02 -0.41969990E-24 -0.24671282E-38
  0.17200000E+02 -0.41356727E-24 -0.24950776E-38
  0.17300000E+02 -0.40755367E-24 -0.24734066E-38
  0.17400000E+02 -0.40165634E-24 -0.24545392E-38
  0.17500000E+02 -0.39587262E-24 -0.24294213E-38
  0.17600000E+02 -0.39019988E-24 -0.24176659E-38
  0.17700000E+02 -0.38463558E-24 -0.24175339E-38
  0.17800000E+02 -0.37917726E-24 -0.24148402E-38
  0.17900000E+02 -0.37382249E-24 -0.24175933E-38
  0.18000000E+02 -0.36856892E-24 -0.24115945E-38
  0.18100000E+02 -0.36341427E-24 -0.24088824E-38
  0.18200000E+02 -0.35835631E-24 -0.23760590E-38
  0.18300000E+02 -0.35339285E-24 -0.24132934E-38
  0.18400000E+02 -0.34852177E-24 -0.23682792E-38
  0.18500000E+02 -0.34374102E-24 -0.23726904E-38
  0.18600000E+02 -0.33904858E-24 -0.23494208E-38
  0.18700000E+02 -0.33444249E-24 -0.23180130E-38
  0.18800000E+02 -0.32992083E-24 -0.23501963E-38
  0.18900000E+02 -0.32548173E-24 -0.23165771E-38
  0.19000000E+02 -0.32112339E-24 -0.23268330E-38
  0.19100000E+02 -0.31684403E-24 -0.22951455E-38
  0.19200000E+02 -0.31264191E-24 -0.22930890E-38
  0.19300000E+02 -0.30851536E-24 -0.22513229E-38
  0.19400000E+02 -0.30446274E-24 -0.22941551E-38
  0.19500000E+02 -0.30048243E-24 -0.22601110E-38
  0.19600000E+02 -0.29657288E-24 -0.22440041E-38
  0.19700000E+02 -0.29273256E-24 -0.22444353E-38
  0.19800000E+02 -0.28895998E-24 -0.22408054E-38
  0.19900000E+02 -0.28525371E-24 -0.22106767E-38
  0.20000000E+02 -0.28161231E-24 -0.22266495E-38
  0.20100000E+02 -0.27803441E-24 -0.21894594E-38
  0.20200000E+02 -0.27451867E-24 -0.21905139E-38
  0.20300000E+02 -0.27106377E-24 -0.22179011E-38
  0.20400000E+02 -0.26766843E-24 -0.21798534E-38
  0.20500000E+02 -0.26433139E-24 -0.21647402E-38
  0.20600000E+02 -0.26105144E-24 -0.21441660E-38
  0.20700000E+02 -0.25782739E-24 -0.21580228E-38
  0.20800000E+02 -0.25465807E-24 -0.21326602E-38
  0.20900000E+02 -0.25154235E-24 -0.21276857E-38
  0.21000000E+02 -0.24847912E-24 -0.21072568E-38
  0.21100000E+02 -0.24546729E-24 -0.20902319E-38
  0.21200000E+02 -0.24250582E-24 -0.20961061E-38
  0.21300000E+02 -0.23959367E-24 -0.20987870E-38
  0.21400000E+02 -0.23672984E-24 -0.20693190E-38
  0.21500000E+02 -0.23391334E-24 -0.20587860E-38
  0.21600000E+02 -0.23114321E-24 -0.20564525E-38
  0.21700000E+02 -0.22841852E-24 -0.20373413E-38
  0.21800000E+02 -0.22573834E-24 -0.20451429E-38
  0.21900000E+02 -0.22310180E-24 -0.20259890E-38
  0.22000000E+02 -0.22050800E-24 -0.20043155E-38
  0.22100000E+02 -0.21795611E-24 -0.19942904E-38
  0.22200000E+02 -0.21544528E-24 -0.19870431E-38
  0.22300000E+02 -0.21297470E-24 -0.19805554E-38
  0.22400000E+02 -0.21054358E-24 -0.19880931E-38
  0.22500000E+02 -0.20815114E-24 -0.19683418E-38
  0.22600000E+02 -0.20579662E-24 -0.19633528E-38
  0.22700000E+02 -0.20347927E-24 -0.19658569E-38
  0.22800000E+02 -0.20119838E-24 -0.19147723E-38
  0.22900000E+02 -0.19895324E-24 -0.19285459E-38
  0.23000000E+02 -0.19674314E-24 -0.19074890E-38
  0.23100000E+02 -0.19456742E-24 -0.19069953E-38
  0.23200000E+02 -0.19242541E-24 -0.18875604E-38
  0.23300000E+02 -0.19031646E-24 -0.18752779E-38
  0.23400000E+02 -0.18823995E-24 -0.18784053E-38
  0.23500000E+02 -0.18619524E-24 -0.18523010E-38
  0.23600000E+02 -0.18418175E-24 -0.18696230E-38
  0.23700000E+02 -0.18219888E-24 -0.18514632E-38
  0.23800000E+02 -0.18024604E-24 -0.18592615E-38
  0.23900000E+02 -0.17832267E-24 -0.18285032E-38
  0.24000000E+02 -0.17642823E-24 -0.18207093E-38
  0.24100000E+02 -0.17456216E-24 -0.18280447E-38
  0.24200000E+02 -0.17272395E-24 -0.18076655E-38
  0.24300000E+02 -0.17091306E-24 -0.18003909E-38
  0.24400000E+02 -0.16912900E-24 -0.17806576E-38
  0.24500000E+02 -0.16737127E-24 -0.17702893E-38
  0.24600000E+02 -0.16563939E-24 -0.17667975E-38
  0.24700000E+02 -0.16393288E-24 -0.17595141E-38
  0.24800000E+02 -0.16225127E-24 -0.17522092E-38
  0.24900000E+02 -0.16059412E-24 -0.17454504E-38
  0.25000000E+02 -0.15896097E-24 -0.17473012E-38
  0.25100000E+02 -0.15735140E-24 -0.17048693E-38
  0.25200000E+02 -0.15576497E-24 -0.17179770E-38
  0.25300000E+02 -0.15420128E-24 -0.17174961E-38
  0.25400000E+02 -0.15265991E-24 -0.17090452E-38
  0.25500000E+02 -0.15114046E-24 -0.16844318E-38
  0.25600000E+02 -0.14964254E-24 -0.16943328E-38
  0.25700000E+02 -0.14816578E-24 -0.16738264E-38
  0.25800000E+02 -0.14670979E-24 -0.16568983E-38
  0.25900000E+02 -0.14527421E-24 -0.16575471E-38
  0.26000000E+02 -0.14385868E-24 -0.16351641E-38
  0.26100000E+02 -0.14246284E-24 -0.16357024E-38
  0.26200000E+02 -0.14108636E-24 -0.16295660E-38
  0.26300000E+02 -0.13972889E-24 -0.16312060E-38
  0.26400000E+02 -0.13839011E-24 -0.16205089E-38
  0.26500000E+02 -0.13706969E-24 -0.16003916E-38
  0.26600000E+02 -0.13576731E-24 -0.15976327E-38
  0.26700000E+02 -0.13448266E-24 -0.16052154E-38
  0.26800000E+02 -0.13321545E-24 -0.15660636E-38
  0.26900000E+02 -0.13196536E-24 -0.15563727E-38
  0.27000000E+02 -0.13073211E-24 -0.15683429E-38
  0.27100000E+02 -0.12951542E-24 -0.15530218E-38
  0.27200000E+02 -0.12831499E-24 -0.15560222E-38
  0.27300000E+02 -0.12713057E-24 -0.15582099E-38
  0.27400000E+02 -0.12596187E-24 -0.15424874E-38
  0.27500000E+02 -0.12480863E-24 -0.15273039E-38
  0.27600000E+02 -0.12367060E-24 -0.15224247E-38
  0.27700000E+02 -0.12254752E-24 -0.15127914E-38
  0.27800000E+02 -0.12143914E-24 -0.15101296E-38
  0.27900000E+02 -0.12034521E-24 -0.15055316E-38
  0.28000000E+02 -0.11926551E-24 -0.14819152E-38
  0.28100000E+02 -0.11819979E-24 -0.14696505E-38
  0.28200000E+02 -0.11714783E-24 -0.14786368E-38
  0.28300000E+02 -0.11610940E-24 -0.14718802E-38
  0.28400000E+02 -0.11508428E-24 -0.14660623E-38
  0.28500000E+02 -0.11407225E-24 -0.14468757E-38
  0.28600000E+02 -0.11307310E-24 -0.14558684E-38
  0.28700000E+02 -0.11208662E-24 -0.14425280E-38
  0.28800000E+02 -0.11111261E-24 -0.14266567E-38
  0.28900000E+02 -0.11015086E-24 -0.14398982E-38
  0.29000000E+02 -0.10920119E-24 -0.14185257E-38
  0.29100000E+02 -0.10826340E-24 -0.14125407E-38
  0.29200000E+02 -0.10733729E-24 -0.14085934E-38
  0.29300000E+02 -0.10642269E-24 -0.13957576E-38
  0.29400000E+02 -0.10551940E-24 -0.13960053E-38
  0.29500000E+02 -0.10462727E-24 -0.13787484E-38
  0.29600000E+02 -0.10374609E-24 -0.13693907E-38
  0.29700000E+02 -0.10287572E-24 -0.13714173E-38
  0.29800000E+02 -0.10201597E-24 -0.13644917E-38
  0.29900000E+02 -0.10116668E-24 -0.13580138E-38
  0.30000000E+02 -0.10032768E-24 -0.13498728E-38
  0.30100000E+02 -0.99498832E-25 -0.13377535E-38
  0.30200000E+02 -0.98679962E-25 -0.13418891E-38
  0.30300000E+02 -0.97870920E-25 -0.13317317E-38
  0.30400000E+02 -0.97071556E-25 -0.13201402E-38
  0.30500000E+02 -0.96281721E-25 -0.13177236E-38
  0.30600000E+02 -0.95501271E-25 -0.13035693E-38
  0.30700000E+02 -0.94730062E-25 -0.13007282E-38
  0.30800000E+02 -0.93967954E-25 -0.13041248E-38
  0.30900000E+02 -0.93214810E-25 -0.12812594E-38
  0.31000000E+02 -0.92470494E-25 -0.12834605E-38
  0.31100000E+02 -0.91734874E-25 -0.12825366E-38
  0.31200000E+02 -0.91007820E-25 -0.12606296E-38
  0.31300000E+02 -0.90289204E-25 -0.12678626E-38
  0.31400000E+02 -0.89578899E-25 -0.12631075E-38
  0.31500000E+02 -0.88876783E-25 -0.12658350E-38
  0.31600000E+02 -0.88182734E-25 -0.12459431E-38
  0.31700000E+02 -0.87496634E-25 -0.12429120E-38
  0.31800000E+02 -0.86818364E-25 -0.12443271E-38
  0.31900000E+02 -0.86147811E-25 -0.12272581E-38
  0.32000000E+02 -0.85484862E-25 -0.12244979E-38
  0.32100000E+02 -0.84829405E-25 -0.12137249E-38
  0.32200000E+02 -0.84181332E-25 -0.12163297E-38
  0.32300000E+02 -0.83540535E-25 -0.12053764E-38
  0.32400000E+02 -0.82906909E-25 -0.12079189E-38
  0.32500000E+02 -0.82280352E-25 -0.12042373E-38
  0.32600000E+02 -0.81660761E-25 -0.12039161E-38
  0.32700000E+02 -0.81048036E-25 -0.11964729E-38
  0.32800000E+02 -0.80442080E-25 -0.11744449E-38
  0.32900000E+02 -0.79842796E-25 -0.11693196E-38
  0.33000000E+02 -0.79250089E-25 -0.11767221E-38
  0.33100000E+02 -0.78663866E-25 -0.11728325E-38
  0.33200000E+02 -0.78084036E-25 -0.11595458E-38
  0.33300000E+02 -0.77510509E-25 -0.11525670E-38
  0.33400000E+02 -0.76943195E-25 -0.11505379E-38
  0.33500000E+02 -0.76382009E-25 -0.11412416E-38
  0.33600000E+02 -0.75826864E-25 -0.11326514E-38
  0.33700000E+02 -0.75277677E-25 -0.11229016E-38
  0.33800000E+02 -0.74734364E-25 -0.11269955E-38
  0.33900000E+02 -0.74196845E-25 -0.11160235E-38
  0.34000000E+02 -0.73665040E-25 -0.11124254E-38
  0.34100000E+02 -0.73138870E-25 -0.11117600E-38
  0.34200000E+02 -0.72618257E-25 -0.10988899E-38
  0.34300000E+02 -0.72103126E-25 -0.10997653E-38
  0.34400000E+02 -0.71593402E-25 -0.11031891E-38
  0.34500000E+02 -0.71089011E-25 -0.10855622E-38
  0.34600000E+02 -0.70589882E-25 -0.10854410E-38
  0.34700000E+02 -0.70095942E-25 -0.10816721E-38
  0.34800000E+02 -0.69607123E-25 -0.10688691E-38
  0.34900000E+02 -0.69123354E-25 -0.10682112E-38
  0.35000000E+02 -0.68644569E-25 -0.10727562E-38
  0.35100000E+02 -0.68170701E-25 -0.10522861E-38
  0.35200000E+02 -0.67701683E-25 -0.10575807E-38
  0.35300000E+02 -0.67237453E-25 -0.10494228E-38
  0.35400000E+02 -0.66777946E-25 -0.10525434E-38
  0.35500000E+02 -0.66323100E-25 -0.10426196E-38
  0.35600000E+02 -0.65872853E-25 -0.10313291E-38
  0.35700000E+02 -0.65427145E-25 -0.10304549E-38
  0.35800000E+02 -0.64985917E-25 -0.10269440E-38
  0.35900000E+02 -0.64549109E-25 -0.10273463E-38
  0.36000000E+02 -0.64116665E-25 -0.10185907E-38
  0.36100000E+02 -0.63688527E-25 -0.10127694E-38
  0.36200000E+02 -0.63264641E-25 -0.10143285E-38
  0.36300000E+02 -0.62844950E-25 -0.10094050E-38
  0.36400000E+02 -0.62429401E-25 -0.99285675E-39
  0.36500000E+02 -0.62017940E-25 -0.99129437E-39
  0.36600000E+02 -0.61610515E-25 -0.99237083E-39
  0.36700000E+02 -0.61207075E-25 -0.98956823E-39
  0.36800000E+02 -0.60807569E-25 -0.97662339E-39
  0.36900000E+02 -0.60411946E-25 -0.98356815E-39
  0.37000000E+02 -0.60020158E-25 -0.96734625E-39
  0.37100000E+02 -0.59632156E-25 -0.97522761E-39
  0.37200000E+02 -0.59247892E-25 -0.96469196E-39
  0.37300000E+02 -0.58867320E-25 -0.95829226E-39
  0.37400000E+02 -0.58490392E-25 -0.96735815E-39
  0.37500000E+02 -0.58117064E-25 -0.94973684E-39
  0.37600000E+02 -0.57747291E-25 -0.94883808E-39
  0.37700000E+02 -0.57381028E-25 -0.93940709E-39
  0.37800000E+02 -0.57018231E-25 -0.94378470E-39
  0.37900000E+02 -0.56658859E-25 -0.93955385E-39
  0.38000000E+02 -0.56302868E-25 -0.93385960E-39
  0.38100000E+02 -0.55950217E-25 -0.92938312E-39
  0.38200000E+02 -0.55600866E-25 -0.92316990E-39
  0.38300000E+02 -0.55254773E-25 -0.92267184E-39
  0.38400000E+02 -0.54911899E-25 -0.92461668E-39
  0.38500000E+02 -0.54572205E-25 -0.91785139E-39
  0.38600000E+02 -0.54235652E-25 -0.90248344E-39
  0.38700000E+02 -0.53902203E-25 -0.90446764E-39
  0.38800000E+02 -0.53571819E-25 -0.89687320E-39
  0.38900000E+02 -0.53244463E-25 -0.89387444E-39
  0.39000000E+02 -0.52920101E-25 -0.88714671E-39
  0.39100000E+02 -0.52598695E-25 -0.88551740E-39
  0.39200000E+02 -0.52280210E-25 -0.88554656E-39
  0.39300000E+02 -0.51964612E-25 -0.87924519E-39
  0.39400000E+02 -0.51651866E-25 -0.87992423E-39
  0.39500000E+02 -0.51341938E-25 -0.87063208E-39
  0.39600000E+02 -0.51034795E-25 -0.86791718E-39
  0.39700000E+02 -0.50730405E-25 -0.86764980E-39
  0.39800000E+02 -0.50428735E-25 -0.86282434E-39
  0.39900000E+02 -0.50129752E-25 -0.85974752E-39
  0.40000000E+02 -0.49833427E-25 -0.86613880E-39
