  0.00000000E+00 -0.25232436E-22  0.24839378E-37
  0.10000000E+00 -0.25214584E-22  0.24836014E-37
  0.20000000E+00 -0.25161109E-22  0.24825929E-37
  0.30000000E+00 -0.25072257E-22  0.24809146E-37
  0.40000000E+00 -0.24948437E-22  0.24785704E-37
  0.50000000E+00 -0.24790210E-22  0.24755655E-37
  0.60000000E+00 -0.24598293E-22  0.24719066E-37
  0.70000000E+00 -0.24373541E-22  0.24676020E-37
  0.80000000E+00 -0.24116946E-22  0.24626612E-37
  0.90000000E+00 -0.23829624E-22  0.24570949E-37
  0.10000000E+01 -0.23512802E-22  0.24509153E-37
  0.11000000E+01 -0.23167809E-22  0.24441356E-37
  0.12000000E+01 -0.22796062E-22  0.24367700E-37
  0.13000000E+01 -0.22399053E-22  0.24288339E-37
  0.14000000E+01 -0.21978336E-22  0.24203434E-37
  0.15000000E+01 -0.21535516E-22  0.24113156E-37
  0.16000000E+01 -0.21072232E-22  0.24017682E-37
  0.17000000E+01 -0.20590147E-22  0.23917196E-37
  0.18000000E+01 -0.20090938E-22  0.23811886E-37
  0.19000000E+01 -0.19576280E-22  0.23701947E-37
  0.20000000E+01 -0.19047839E-22  0.23587575E-37
  0.21000000E+01 -0.18507261E-22  0.23468970E-37
  0.22000000E+01 -0.17956162E-22  0.23346333E-37
  0.23000000E+01 -0.17396122E-22  0.23219866E-37
  0.24000000E+01 -0.16828676E-22  0.23089772E-37
  0.25000000E+01 -0.16255311E-22  0.22956251E-37
  0.26000000E+01 -0.15677455E-22  0.22819504E-37
  0.27000000E+01 -0.15096480E-22  0.22679729E-37
  0.28000000E+01 -0.14513691E-22  0.22537122E-37
  0.29000000E+01 -0.13930330E-22  0.22391874E-37
  0.30000000E+01 -0.13347570E-22  0.22244174E-37
  0.31000000E+01 -0.12766514E-22  0.22094207E-37
  0.32000000E+01 -0.12188196E-22  0.21942152E-37
  0.33000000E+01 -0.11613581E-22  0.21788184E-37
  0.34000000E+01 -0.11043563E-22  0.21632474E-37
  0.35000000E+01 -0.10478969E-22  0.21475187E-37
  0.36000000E+01 -0.99205581E-23  0.21316480E-37
  0.37000000E+01 -0.93690251E-23  0.21156509E-37
  0.38000000E+01 -0.88250006E-23  0.20995420E-37
  0.39000000E+01 -0.82890544E-23  0.20833356E-37
  0.40000000E+01 -0.77616974E-23  0.20670453E-37
  0.41000000E+01 -0.72433841E-23  0.20506841E-37
  0.42000000E+01 -0.67345156E-23  0.20342645E-37
  0.43000000E+01 -0.62354417E-23  0.20177984E-37
  0.44000000E+01 -0.57464641E-23  0.20012971E-37
  0.45000000E+01 -0.52678390E-23  0.19847713E-37
  0.46000000E+01 -0.47997797E-23  0.19682313E-37
  0.47000000E+01 -0.43424594E-23  0.19516868E-37
  0.48000000E+01 -0.38960139E-23  0.19351470E-37
  0.49000000E+01 -0.34605442E-23  0.19186206E-37
  0.50000000E+01 -0.30361187E-23  0.19021157E-37
  0.51000000E+01 -0.26227760E-23  0.18856402E-37
  0.52000000E+01 -0.22205271E-23  0.18692012E-37
  0.53000000E+01 -0.18293578E-23  0.18528057E-37
  0.54000000E+01 -0.14492302E-23  0.18364601E-37
  0.55000000E+01 -0.10800858E-23  0.18201704E-37
  0.56000000E+01 -0.72184636E-24  0.18039424E-37
  0.57000000E+01 -0.37441649E-24  0.17877812E-37
  0.58000000E+01 -0.37685018E-25  0.17716919E-37
  0.59000000E+01  0.28847330E-24  0.17556791E-37
  0.60000000E+01  0.60419625E-24  0.17397471E-37
  0.61000000E+01  0.90963275E-24  0.17238998E-37
  0.62000000E+01  0.12049415E-23  0.17081411E-37
  0.63000000E+01  0.14902897E-23  0.16924743E-37
  0.64000000E+01  0.17658520E-23  0.16769027E-37
  0.65000000E+01  0.20318093E-23  0.16614292E-37
  0.66000000E+01  0.22883480E-23  0.16460565E-37
  0.67000000E+01  0.25356585E-23  0.16307871E-37
  0.68000000E+01  0.27739352E-23  0.16156234E-37
  0.69000000E+01  0.30033751E-23  0.16005673E-37
  0.70000000E+01  0.32241771E-23  0.15856209E-37
  0.71000000E+01  0.34365417E-23  0.15707859E-37
  0.72000000E+01  0.36406702E-23  0.15560638E-37
  0.73000000E+01  0.38367641E-23  0.15414561E-37
  0.74000000E+01  0.40250248E-23  0.15269640E-37
  0.75000000E+01  0.42056529E-23  0.15125887E-37
  0.76000000E+01  0.43788479E-23  0.14983311E-37
  0.77000000E+01  0.45448079E-23  0.14841921E-37
  0.78000000E+01  0.47037294E-23  0.14701726E-37
  0.79000000E+01  0.48558067E-23  0.14562731E-37
  0.80000000E+01  0.50012318E-23  0.14424942E-37
  0.81000000E+01  0.51401942E-23  0.14288364E-37
  0.82000000E+01  0.52728806E-23  0.14152999E-37
  0.83000000E+01  0.53994749E-23  0.14018851E-37
  0.84000000E+01  0.55201579E-23  0.13885922E-37
  0.85000000E+01  0.56351072E-23  0.13754213E-37
  0.86000000E+01  0.57444972E-23  0.13623723E-37
  0.87000000E+01  0.58484988E-23  0.13494454E-37
  0.88000000E+01  0.59472794E-23  0.13366403E-37
  0.89000000E+01  0.60410032E-23  0.13239569E-37
  0.90000000E+01  0.61298305E-23  0.13113951E-37
  0.91000000E+01  0.62139183E-23  0.12989545E-37
  0.92000000E+01  0.62934197E-23  0.12866349E-37
  0.93000000E+01  0.63684844E-23  0.12744358E-37
  0.94000000E+01  0.64392585E-23  0.12623569E-37
  0.95000000E+01  0.65058844E-23  0.12503977E-37
  0.96000000E+01  0.65685010E-23  0.12385577E-37
  0.97000000E+01  0.66272436E-23  0.12268365E-37
  0.98000000E+01  0.66822439E-23  0.12152334E-37
  0.99000000E+01  0.67336302E-23  0.12037478E-37
  0.10000000E+02  0.67815275E-23  0.11923792E-37
  0.10100000E+02  0.68260570E-23  0.11811269E-37
  0.10200000E+02  0.68673369E-23  0.11699901E-37
  0.10300000E+02  0.69054818E-23  0.11589683E-37
  0.10400000E+02  0.69406034E-23  0.11480607E-37
  0.10500000E+02  0.69728098E-23  0.11372664E-37
  0.10600000E+02  0.70022063E-23  0.11265849E-37
  0.10700000E+02  0.70288950E-23  0.11160153E-37
  0.10800000E+02  0.70529748E-23  0.11055567E-37
  0.10900000E+02  0.70745419E-23  0.10952084E-37
  0.11000000E+02  0.70936896E-23  0.10849695E-37
  0.11100000E+02  0.71105081E-23  0.10748393E-37
  0.11200000E+02  0.71250851E-23  0.10648168E-37
  0.11300000E+02  0.71375055E-23  0.10549012E-37
  0.11400000E+02  0.71478516E-23  0.10450915E-37
  0.11500000E+02  0.71562032E-23  0.10353870E-37
  0.11600000E+02  0.71626373E-23  0.10257868E-37
  0.11700000E+02  0.71672289E-23  0.10162898E-37
  0.11800000E+02  0.71700502E-23  0.10068953E-37
  0.11900000E+02  0.71711713E-23  0.99760222E-38
  0.12000000E+02  0.71706600E-23  0.98840977E-38
  0.12100000E+02  0.71685819E-23  0.97931698E-38
  0.12200000E+02  0.71650006E-23  0.97032293E-38
  0.12300000E+02  0.71599773E-23  0.96142670E-38
  0.12400000E+02  0.71535714E-23  0.95262735E-38
  0.12500000E+02  0.71458405E-23  0.94392396E-38
  0.12600000E+02  0.71368399E-23  0.93531558E-38
  0.12700000E+02  0.71266233E-23  0.92680129E-38
  0.12800000E+02  0.71152426E-23  0.91838015E-38
  0.12900000E+02  0.71027479E-23  0.91005124E-38
  0.13000000E+02  0.70891876E-23  0.90181361E-38
  0.13100000E+02  0.70746085E-23  0.89366635E-38
  0.13200000E+02  0.70590558E-23  0.88560852E-38
  0.13300000E+02  0.70425731E-23  0.87763920E-38
  0.13400000E+02  0.70252025E-23  0.86975746E-38
  0.13500000E+02  0.70069847E-23  0.86196239E-38
  0.13600000E+02  0.69879591E-23  0.85425307E-38
  0.13700000E+02  0.69681634E-23  0.84662857E-38
  0.13800000E+02  0.69476344E-23  0.83908801E-38
  0.13900000E+02  0.69264074E-23  0.83163046E-38
  0.14000000E+02  0.69045163E-23  0.82425504E-38
  0.14100000E+02  0.68819941E-23  0.81696084E-38
  0.14200000E+02  0.68588725E-23  0.80974697E-38
  0.14300000E+02  0.68351821E-23  0.80261254E-38
  0.14400000E+02  0.68109524E-23  0.79555668E-38
  0.14500000E+02  0.67862117E-23  0.78857852E-38
  0.14600000E+02  0.67609876E-23  0.78167717E-38
  0.14700000E+02  0.67353065E-23  0.77485179E-38
  0.14800000E+02  0.67091938E-23  0.76810150E-38
  0.14900000E+02  0.66826740E-23  0.76142546E-38
  0.15000000E+02  0.66557710E-23  0.75482283E-38
  0.15100000E+02  0.66285073E-23  0.74829277E-38
  0.15200000E+02  0.66009051E-23  0.74183444E-38
  0.15300000E+02  0.65729854E-23  0.73544702E-38
  0.15400000E+02  0.65447686E-23  0.72912970E-38
  0.15500000E+02  0.65162743E-23  0.72288165E-38
  0.15600000E+02  0.64875215E-23  0.71670208E-38
  0.15700000E+02  0.64585282E-23  0.71059019E-38
  0.15800000E+02  0.64293120E-23  0.70454519E-38
  0.15900000E+02  0.63998897E-23  0.69856629E-38
  0.16000000E+02  0.63702775E-23  0.69265273E-38
  0.16100000E+02  0.63404909E-23  0.68680373E-38
  0.16200000E+02  0.63105450E-23  0.68101852E-38
  0.16300000E+02  0.62804541E-23  0.67529636E-38
  0.16400000E+02  0.62502321E-23  0.66963651E-38
  0.16500000E+02  0.62198924E-23  0.66403821E-38
  0.16600000E+02  0.61894476E-23  0.65850074E-38
  0.16700000E+02  0.61589102E-23  0.65302338E-38
  0.16800000E+02  0.61282918E-23  0.64760540E-38
  0.16900000E+02  0.60976039E-23  0.64224610E-38
  0.17000000E+02  0.60668573E-23  0.63694478E-38
  0.17100000E+02  0.60360625E-23  0.63170074E-38
  0.17200000E+02  0.60052296E-23  0.62651329E-38
  0.17300000E+02  0.59743681E-23  0.62138176E-38
  0.17400000E+02  0.59434872E-23  0.61630547E-38
  0.17500000E+02  0.59125959E-23  0.61128376E-38
  0.17600000E+02  0.58817027E-23  0.60631596E-38
  0.17700000E+02  0.58508156E-23  0.60140144E-38
  0.17800000E+02  0.58199425E-23  0.59653954E-38
  0.17900000E+02  0.57890908E-23  0.59172963E-38
  0.18000000E+02  0.57582677E-23  0.58697108E-38
  0.18100000E+02  0.57274800E-23  0.58226327E-38
  0.18200000E+02  0.56967344E-23  0.57760559E-38
  0.18300000E+02  0.56660370E-23  0.57299742E-38
  0.18400000E+02  0.56353938E-23  0.56843817E-38
  0.18500000E+02  0.56048106E-23  0.56392725E-38
  0.18600000E+02  0.55742928E-23  0.55946407E-38
  0.18700000E+02  0.55438457E-23  0.55504804E-38
  0.18800000E+02  0.55134742E-23  0.55067861E-38
  0.18900000E+02  0.54831831E-23  0.54635519E-38
  0.19000000E+02  0.54529770E-23  0.54207724E-38
  0.19100000E+02  0.54228602E-23  0.53784420E-38
  0.19200000E+02  0.53928367E-23  0.53365553E-38
  0.19300000E+02  0.53629105E-23  0.52951068E-38
  0.19400000E+02  0.53330853E-23  0.52540913E-38
  0.19500000E+02  0.53033647E-23  0.52135035E-38
  0.19600000E+02  0.52737521E-23  0.51733382E-38
  0.19700000E+02  0.52442505E-23  0.51335903E-38
  0.19800000E+02  0.52148631E-23  0.50942547E-38
  0.19900000E+02  0.51855928E-23  0.50553265E-38
  0.20000000E+02  0.51564421E-23  0.50168006E-38
  0.20100000E+02  0.51274138E-23  0.49786722E-38
  0.20200000E+02  0.50985102E-23  0.49409365E-38
  0.20300000E+02  0.50697337E-23  0.49035887E-38
  0.20400000E+02  0.50410863E-23  0.48666242E-38
  0.20500000E+02  0.50125702E-23  0.48300383E-38
  0.20600000E+02  0.49841871E-23  0.47938264E-38
  0.20700000E+02  0.49559390E-23  0.47579840E-38
  0.20800000E+02  0.49278275E-23  0.47225066E-38
  0.20900000E+02  0.48998542E-23  0.46873899E-38
  0.21000000E+02  0.48720205E-23  0.46526295E-38
  0.21100000E+02  0.48443278E-23  0.46182210E-38
  0.21200000E+02  0.48167774E-23  0.45841603E-38
  0.21300000E+02  0.47893704E-23  0.45504432E-38
  0.21400000E+02  0.47621079E-23  0.45170655E-38
  0.21500000E+02  0.47349909E-23  0.44840231E-38
  0.21600000E+02  0.47080204E-23  0.44513121E-38
  0.21700000E+02  0.46811971E-23  0.44189285E-38
  0.21800000E+02  0.46545219E-23  0.43868683E-38
  0.21900000E+02  0.46279953E-23  0.43551276E-38
  0.22000000E+02  0.46016181E-23  0.43237027E-38
  0.22100000E+02  0.45753907E-23  0.42925897E-38
  0.22200000E+02  0.45493137E-23  0.42617850E-38
  0.22300000E+02  0.45233875E-23  0.42312849E-38
  0.22400000E+02  0.44976123E-23  0.42010857E-38
  0.22500000E+02  0.44719886E-23  0.41711839E-38
  0.22600000E+02  0.44465165E-23  0.41415759E-38
  0.22700000E+02  0.44211963E-23  0.41122582E-38
  0.22800000E+02  0.43960281E-23  0.40832274E-38
  0.22900000E+02  0.43710119E-23  0.40544801E-38
  0.23000000E+02  0.43461478E-23  0.40260129E-38
  0.23100000E+02  0.43214359E-23  0.39978226E-38
  0.23200000E+02  0.42968760E-23  0.39699058E-38
  0.23300000E+02  0.42724681E-23  0.39422594E-38
  0.23400000E+02  0.42482120E-23  0.39148801E-38
  0.23500000E+02  0.42241077E-23  0.38877648E-38
  0.23600000E+02  0.42001548E-23  0.38609105E-38
  0.23700000E+02  0.41763531E-23  0.38343140E-38
  0.23800000E+02  0.41527025E-23  0.38079723E-38
  0.23900000E+02  0.41292025E-23  0.37818825E-38
  0.24000000E+02  0.41058529E-23  0.37560416E-38
  0.24100000E+02  0.40826532E-23  0.37304466E-38
  0.24200000E+02  0.40596032E-23  0.37050949E-38
  0.24300000E+02  0.40367023E-23  0.36799834E-38
  0.24400000E+02  0.40139502E-23  0.36551094E-38
  0.24500000E+02  0.39913464E-23  0.36304703E-38
  0.24600000E+02  0.39688904E-23  0.36060631E-38
  0.24700000E+02  0.39465817E-23  0.35818853E-38
  0.24800000E+02  0.39244197E-23  0.35579343E-38
  0.24900000E+02  0.39024040E-23  0.35342073E-38
  0.25000000E+02  0.38805339E-23  0.35107018E-38
  0.25100000E+02  0.38588089E-23  0.34874153E-38
  0.25200000E+02  0.38372283E-23  0.34643453E-38
  0.25300000E+02  0.38157916E-23  0.34414892E-38
  0.25400000E+02  0.37944981E-23  0.34188447E-38
  0.25500000E+02  0.37733472E-23  0.33964092E-38
  0.25600000E+02  0.37523382E-23  0.33741805E-38
  0.25700000E+02  0.37314705E-23  0.33521562E-38
  0.25800000E+02  0.37107433E-23  0.33303339E-38
  0.25900000E+02  0.36901560E-23  0.33087113E-38
  0.26000000E+02  0.36697079E-23  0.32872863E-38
  0.26100000E+02  0.36493982E-23  0.32660564E-38
  0.26200000E+02  0.36292262E-23  0.32450196E-38
  0.26300000E+02  0.36091913E-23  0.32241737E-38
  0.26400000E+02  0.35892925E-23  0.32035165E-38
  0.26500000E+02  0.35695293E-23  0.31830459E-38
  0.26600000E+02  0.35499009E-23  0.31627598E-38
  0.26700000E+02  0.35304064E-23  0.31426561E-38
  0.26800000E+02  0.35110451E-23  0.31227328E-38
  0.26900000E+02  0.34918163E-23  0.31029878E-38
  0.27000000E+02  0.34727191E-23  0.30834193E-38
  0.27100000E+02  0.34537529E-23  0.30640252E-38
  0.27200000E+02  0.34349167E-23  0.30448035E-38
  0.27300000E+02  0.34162098E-23  0.30257524E-38
  0.27400000E+02  0.33976315E-23  0.30068700E-38
  0.27500000E+02  0.33791808E-23  0.29881544E-38
  0.27600000E+02  0.33608571E-23  0.29696038E-38
  0.27700000E+02  0.33426595E-23  0.29512164E-38
  0.27800000E+02  0.33245872E-23  0.29329903E-38
  0.27900000E+02  0.33066394E-23  0.29149237E-38
  0.28000000E+02  0.32888153E-23  0.28970151E-38
  0.28100000E+02  0.32711141E-23  0.28792625E-38
  0.28200000E+02  0.32535350E-23  0.28616643E-38
  0.28300000E+02  0.32360771E-23  0.28442189E-38
  0.28400000E+02  0.32187397E-23  0.28269245E-38
  0.28500000E+02  0.32015220E-23  0.28097795E-38
  0.28600000E+02  0.31844231E-23  0.27927824E-38
  0.28700000E+02  0.31674423E-23  0.27759314E-38
  0.28800000E+02  0.31505787E-23  0.27592251E-38
  0.28900000E+02  0.31338315E-23  0.27426618E-38
  0.29000000E+02  0.31171999E-23  0.27262400E-38
  0.29100000E+02  0.31006832E-23  0.27099583E-38
  0.29200000E+02  0.30842804E-23  0.26938150E-38
  0.29300000E+02  0.30679909E-23  0.26778087E-38
  0.29400000E+02  0.30518138E-23  0.26619380E-38
  0.29500000E+02  0.30357483E-23  0.26462014E-38
  0.29600000E+02  0.30197937E-23  0.26305975E-38
  0.29700000E+02  0.30039490E-23  0.26151248E-38
  0.29800000E+02  0.29882137E-23  0.25997820E-38
  0.29900000E+02  0.29725867E-23  0.25845677E-38
  0.30000000E+02  0.29570675E-23  0.25694805E-38
  0.30100000E+02  0.29416551E-23  0.25545192E-38
  0.30200000E+02  0.29263489E-23  0.25396822E-38
  0.30300000E+02  0.29111480E-23  0.25249685E-38
  0.30400000E+02  0.28960516E-23  0.25103766E-38
  0.30500000E+02  0.28810591E-23  0.24959053E-38
  0.30600000E+02  0.28661696E-23  0.24815534E-38
  0.30700000E+02  0.28513824E-23  0.24673195E-38
  0.30800000E+02  0.28366966E-23  0.24532025E-38
  0.30900000E+02  0.28221117E-23  0.24392011E-38
  0.31000000E+02  0.28076267E-23  0.24253142E-38
  0.31100000E+02  0.27932410E-23  0.24115405E-38
  0.31200000E+02  0.27789539E-23  0.23978789E-38
  0.31300000E+02  0.27647645E-23  0.23843282E-38
  0.31400000E+02  0.27506721E-23  0.23708873E-38
  0.31500000E+02  0.27366761E-23  0.23575551E-38
  0.31600000E+02  0.27227756E-23  0.23443304E-38
  0.31700000E+02  0.27089700E-23  0.23312122E-38
  0.31800000E+02  0.26952586E-23  0.23181993E-38
  0.31900000E+02  0.26816406E-23  0.23052907E-38
  0.32000000E+02  0.26681153E-23  0.22924852E-38
  0.32100000E+02  0.26546820E-23  0.22797820E-38
  0.32200000E+02  0.26413400E-23  0.22671799E-38
  0.32300000E+02  0.26280886E-23  0.22546779E-38
  0.32400000E+02  0.26149272E-23  0.22422749E-38
  0.32500000E+02  0.26018550E-23  0.22299701E-38
  0.32600000E+02  0.25888713E-23  0.22177624E-38
  0.32700000E+02  0.25759755E-23  0.22056508E-38
  0.32800000E+02  0.25631669E-23  0.21936344E-38
  0.32900000E+02  0.25504448E-23  0.21817121E-38
  0.33000000E+02  0.25378085E-23  0.21698832E-38
  0.33100000E+02  0.25252575E-23  0.21581466E-38
  0.33200000E+02  0.25127910E-23  0.21465014E-38
  0.33300000E+02  0.25004083E-23  0.21349467E-38
  0.33400000E+02  0.24881089E-23  0.21234816E-38
  0.33500000E+02  0.24758921E-23  0.21121053E-38
  0.33600000E+02  0.24637573E-23  0.21008168E-38
  0.33700000E+02  0.24517037E-23  0.20896153E-38
  0.33800000E+02  0.24397308E-23  0.20784999E-38
  0.33900000E+02  0.24278380E-23  0.20674698E-38
  0.34000000E+02  0.24160247E-23  0.20565242E-38
  0.34100000E+02  0.24042901E-23  0.20456621E-38
  0.34200000E+02  0.23926338E-23  0.20348829E-38
  0.34300000E+02  0.23810550E-23  0.20241857E-38
  0.34400000E+02  0.23695533E-23  0.20135696E-38
  0.34500000E+02  0.23581279E-23  0.20030340E-38
  0.34600000E+02  0.23467784E-23  0.19925780E-38
  0.34700000E+02  0.23355040E-23  0.19822008E-38
  0.34800000E+02  0.23243043E-23  0.19719018E-38
  0.34900000E+02  0.23131787E-23  0.19616801E-38
  0.35000000E+02  0.23021265E-23  0.19515349E-38
  0.35100000E+02  0.22911472E-23  0.19414657E-38
  0.35200000E+02  0.22802402E-23  0.19314716E-38
  0.35300000E+02  0.22694050E-23  0.19215519E-38
  0.35400000E+02  0.22586411E-23  0.19117059E-38
  0.35500000E+02  0.22479477E-23  0.19019329E-38
  0.35600000E+02  0.22373245E-23  0.18922322E-38
  0.35700000E+02  0.22267708E-23  0.18826032E-38
  0.35800000E+02  0.22162862E-23  0.18730451E-38
  0.35900000E+02  0.22058700E-23  0.18635572E-38
  0.36000000E+02  0.21955217E-23  0.18541390E-38
  0.36100000E+02  0.21852409E-23  0.18447897E-38
  0.36200000E+02  0.21750270E-23  0.18355088E-38
  0.36300000E+02  0.21648794E-23  0.18262955E-38
  0.36400000E+02  0.21547977E-23  0.18171492E-38
  0.36500000E+02  0.21447814E-23  0.18080693E-38
  0.36600000E+02  0.21348298E-23  0.17990552E-38
  0.36700000E+02  0.21249426E-23  0.17901063E-38
  0.36800000E+02  0.21151193E-23  0.17812220E-38
  0.36900000E+02  0.21053592E-23  0.17724016E-38
  0.37000000E+02  0.20956620E-23  0.17636446E-38
  0.37100000E+02  0.20860272E-23  0.17549504E-38
  0.37200000E+02  0.20764542E-23  0.17463183E-38
  0.37300000E+02  0.20669426E-23  0.17377480E-38
  0.37400000E+02  0.20574920E-23  0.17292386E-38
  0.37500000E+02  0.20481017E-23  0.17207898E-38
  0.37600000E+02  0.20387715E-23  0.17124010E-38
  0.37700000E+02  0.20295007E-23  0.17040716E-38
  0.37800000E+02  0.20202890E-23  0.16958010E-38
  0.37900000E+02  0.20111359E-23  0.16875887E-38
  0.38000000E+02  0.20020410E-23  0.16794343E-38
  0.38100000E+02  0.19930037E-23  0.16713371E-38
  0.38200000E+02  0.19840237E-23  0.16632966E-38
  0.38300000E+02  0.19751005E-23  0.16553125E-38
  0.38400000E+02  0.19662336E-23  0.16473840E-38
  0.38500000E+02  0.19574227E-23  0.16395108E-38
  0.38600000E+02  0.19486672E-23  0.16316923E-38
  0.38700000E+02  0.19399669E-23  0.16239280E-38
  0.38800000E+02  0.19313212E-23  0.16162175E-38
  0.38900000E+02  0.19227297E-23  0.16085603E-38
  0.39000000E+02  0.19141921E-23  0.16009559E-38
  0.39100000E+02  0.19057078E-23  0.15934038E-38
  0.39200000E+02  0.18972765E-23  0.15859036E-38
  0.39300000E+02  0.18888978E-23  0.15784548E-38
  0.39400000E+02  0.18805713E-23  0.15710570E-38
  0.39500000E+02  0.18722966E-23  0.15637096E-38
  0.39600000E+02  0.18640733E-23  0.15564123E-38
  0.39700000E+02  0.18559009E-23  0.15491646E-38
  0.39800000E+02  0.18477792E-23  0.15419661E-38
  0.39900000E+02  0.18397076E-23  0.15348164E-38
  0.40000000E+02  0.18316860E-23  0.15277149E-38
