  0.00000000E+00  0.42182691E-23 -0.22883954E-37
  0.10000000E+00  0.42181426E-23 -0.22862498E-37
  0.20000000E+00  0.42177624E-23 -0.22849207E-37
  0.30000000E+00  0.42171270E-23 -0.22885244E-37
  0.40000000E+00  0.42162337E-23 -0.22805200E-37
  0.50000000E+00  0.42150787E-23 -0.22862196E-37
  0.60000000E+00  0.42136574E-23 -0.22824791E-37
  0.70000000E+00  0.42119643E-23 -0.22710294E-37
  0.80000000E+00  0.42099928E-23 -0.22761378E-37
  0.90000000E+00  0.42077360E-23 -0.22529829E-37
  0.10000000E+01  0.42051861E-23 -0.22572226E-37
  0.11000000E+01  0.42023348E-23 -0.22405976E-37
  0.12000000E+01  0.41991735E-23 -0.22298210E-37
  0.13000000E+01  0.41956931E-23 -0.22274677E-37
  0.14000000E+01  0.41918846E-23 -0.22112214E-37
  0.15000000E+01  0.41877386E-23 -0.21977353E-37
  0.16000000E+01  0.41832462E-23 -0.21968265E-37
  0.17000000E+01  0.41783981E-23 -0.21827579E-37
  0.18000000E+01  0.41731856E-23 -0.21555255E-37
  0.19000000E+01  0.41676003E-23 -0.21610365E-37
  0.20000000E+01  0.41616342E-23 -0.21356139E-37
  0.21000000E+01  0.41552798E-23 -0.21207400E-37
  0.22000000E+01  0.41485301E-23 -0.21037148E-37
  0.23000000E+01  0.41413789E-23 -0.20921736E-37
  0.24000000E+01  0.41338205E-23 -0.20759586E-37
  0.25000000E+01  0.41258503E-23 -0.20585026E-37
  0.26000000E+01  0.41174639E-23 -0.20437508E-37
  0.27000000E+01  0.41086583E-23 -0.20301888E-37
  0.28000000E+01  0.40994308E-23 -0.20089236E-37
  0.29000000E+01  0.40897799E-23 -0.19971618E-37
  0.30000000E+01  0.40797048E-23 -0.19824443E-37
  0.31000000E+01  0.40692054E-23 -0.19591296E-37
  0.32000000E+01  0.40582825E-23 -0.19272872E-37
  0.33000000E+01  0.40469378E-23 -0.19231394E-37
  0.34000000E+01  0.40351736E-23 -0.19077819E-37
  0.35000000E+01  0.40229931E-23 -0.18862793E-37
  0.36000000E+01  0.40104000E-23 -0.18728768E-37
  0.37000000E+01  0.39973991E-23 -0.18479063E-37
  0.38000000E+01  0.39839954E-23 -0.18385714E-37
  0.39000000E+01  0.39701948E-23 -0.18154672E-37
  0.40000000E+01  0.39560037E-23 -0.17980692E-37
  0.41000000E+01  0.39414290E-23 -0.17827350E-37
  0.42000000E+01  0.39264783E-23 -0.17636053E-37
  0.43000000E+01  0.39111594E-23 -0.17412651E-37
  0.44000000E+01  0.38954808E-23 -0.17264704E-37
  0.45000000E+01  0.38794512E-23 -0.16960599E-37
  0.46000000E+01  0.38630796E-23 -0.16991882E-37
  0.47000000E+01  0.38463757E-23 -0.16793557E-37
  0.48000000E+01  0.38293490E-23 -0.16685465E-37
  0.49000000E+01  0.38120096E-23 -0.16398478E-37
  0.50000000E+01  0.37943676E-23 -0.16270926E-37
  0.51000000E+01  0.37764334E-23 -0.16112705E-37
  0.52000000E+01  0.37582174E-23 -0.15990501E-37
  0.53000000E+01  0.37397304E-23 -0.15765600E-37
  0.54000000E+01  0.37209830E-23 -0.15585130E-37
  0.55000000E+01  0.37019861E-23 -0.15360080E-37
  0.56000000E+01  0.36827503E-23 -0.15248546E-37
  0.57000000E+01  0.36632866E-23 -0.15144643E-37
  0.58000000E+01  0.36436057E-23 -0.14950857E-37
  0.59000000E+01  0.36237185E-23 -0.14819778E-37
  0.60000000E+01  0.36036357E-23 -0.14558312E-37
  0.61000000E+01  0.35833678E-23 -0.14467297E-37
  0.62000000E+01  0.35629256E-23 -0.14294181E-37
  0.63000000E+01  0.35423195E-23 -0.14150358E-37
  0.64000000E+01  0.35215598E-23 -0.14004955E-37
  0.65000000E+01  0.35006567E-23 -0.13847869E-37
  0.66000000E+01  0.34796204E-23 -0.13719993E-37
  0.67000000E+01  0.34584607E-23 -0.13570452E-37
  0.68000000E+01  0.34371874E-23 -0.13406015E-37
  0.69000000E+01  0.34158101E-23 -0.13270684E-37
  0.70000000E+01  0.33943382E-23 -0.13075398E-37
  0.71000000E+01  0.33727810E-23 -0.12936920E-37
  0.72000000E+01  0.33511474E-23 -0.12856296E-37
  0.73000000E+01  0.33294463E-23 -0.12685686E-37
  0.74000000E+01  0.33076863E-23 -0.12584099E-37
  0.75000000E+01  0.32858758E-23 -0.12402795E-37
  0.76000000E+01  0.32640230E-23 -0.12203061E-37
  0.77000000E+01  0.32421360E-23 -0.12130373E-37
  0.78000000E+01  0.32202225E-23 -0.11931235E-37
  0.79000000E+01  0.31982900E-23 -0.11972589E-37
  0.80000000E+01  0.31763460E-23 -0.11709928E-37
  0.81000000E+01  0.31543976E-23 -0.11627868E-37
  0.82000000E+01  0.31324516E-23 -0.11508873E-37
  0.83000000E+01  0.31105148E-23 -0.11409916E-37
  0.84000000E+01  0.30885936E-23 -0.11233232E-37
  0.85000000E+01  0.30666945E-23 -0.11135265E-37
  0.86000000E+01  0.30448233E-23 -0.11019838E-37
  0.87000000E+01  0.30229860E-23 -0.10941805E-37
  0.88000000E+01  0.30011882E-23 -0.10736327E-37
  0.89000000E+01  0.29794354E-23 -0.10720043E-37
  0.90000000E+01  0.29577328E-23 -0.10566993E-37
  0.91000000E+01  0.29360855E-23 -0.10468855E-37
  0.92000000E+01  0.29144982E-23 -0.10328336E-37
  0.93000000E+01  0.28929757E-23 -0.10165722E-37
  0.94000000E+01  0.28715225E-23 -0.10102951E-37
  0.95000000E+01  0.28501428E-23 -0.10016899E-37
  0.96000000E+01  0.28288406E-23 -0.98939858E-38
  0.97000000E+01  0.28076201E-23 -0.97864224E-38
  0.98000000E+01  0.27864848E-23 -0.96731064E-38
  0.99000000E+01  0.27654384E-23 -0.96022574E-38
  0.10000000E+02  0.27444843E-23 -0.95199849E-38
  0.10100000E+02  0.27236257E-23 -0.94096078E-38
  0.10200000E+02  0.27028658E-23 -0.92683692E-38
  0.10300000E+02  0.26822074E-23 -0.91592812E-38
  0.10400000E+02  0.26616534E-23 -0.91479516E-38
  0.10500000E+02  0.26412064E-23 -0.90240849E-38
  0.10600000E+02  0.26208689E-23 -0.89564869E-38
  0.10700000E+02  0.26006433E-23 -0.88753241E-38
  0.10800000E+02  0.25805318E-23 -0.86987698E-38
  0.10900000E+02  0.25605364E-23 -0.86910135E-38
  0.11000000E+02  0.25406592E-23 -0.85459414E-38
  0.11100000E+02  0.25209020E-23 -0.84980499E-38
  0.11200000E+02  0.25012665E-23 -0.83982737E-38
  0.11300000E+02  0.24817543E-23 -0.82779348E-38
  0.11400000E+02  0.24623670E-23 -0.81778665E-38
  0.11500000E+02  0.24431059E-23 -0.81363658E-38
  0.11600000E+02  0.24239722E-23 -0.80597391E-38
  0.11700000E+02  0.24049673E-23 -0.79980338E-38
  0.11800000E+02  0.23860921E-23 -0.79487829E-38
  0.11900000E+02  0.23673477E-23 -0.78513899E-38
  0.12000000E+02  0.23487349E-23 -0.77522163E-38
  0.12100000E+02  0.23302545E-23 -0.76638730E-38
  0.12200000E+02  0.23119074E-23 -0.75935091E-38
  0.12300000E+02  0.22936941E-23 -0.74959122E-38
  0.12400000E+02  0.22756151E-23 -0.74593108E-38
  0.12500000E+02  0.22576711E-23 -0.74413994E-38
  0.12600000E+02  0.22398623E-23 -0.72999223E-38
  0.12700000E+02  0.22221891E-23 -0.72176980E-38
  0.12800000E+02  0.22046519E-23 -0.71839398E-38
  0.12900000E+02  0.21872508E-23 -0.70702917E-38
  0.13000000E+02  0.21699859E-23 -0.69437081E-38
  0.13100000E+02  0.21528574E-23 -0.70082807E-38
  0.13200000E+02  0.21358653E-23 -0.68969424E-38
  0.13300000E+02  0.21190096E-23 -0.68266109E-38
  0.13400000E+02  0.21022901E-23 -0.67996842E-38
  0.13500000E+02  0.20857068E-23 -0.67074028E-38
  0.13600000E+02  0.20692595E-23 -0.66260538E-38
  0.13700000E+02  0.20529480E-23 -0.65838454E-38
  0.13800000E+02  0.20367719E-23 -0.65184138E-38
  0.13900000E+02  0.20207311E-23 -0.64522379E-38
  0.14000000E+02  0.20048251E-23 -0.63717332E-38
  0.14100000E+02  0.19890535E-23 -0.63337254E-38
  0.14200000E+02  0.19734160E-23 -0.62750759E-38
  0.14300000E+02  0.19579121E-23 -0.62055317E-38
  0.14400000E+02  0.19425413E-23 -0.61819797E-38
  0.14500000E+02  0.19273030E-23 -0.60870816E-38
  0.14600000E+02  0.19121968E-23 -0.59922197E-38
  0.14700000E+02  0.18972220E-23 -0.60010106E-38
  0.14800000E+02  0.18823781E-23 -0.59257895E-38
  0.14900000E+02  0.18676643E-23 -0.58919920E-38
  0.15000000E+02  0.18530802E-23 -0.58000479E-38
  0.15100000E+02  0.18386249E-23 -0.57531146E-38
  0.15200000E+02  0.18242978E-23 -0.56966126E-38
  0.15300000E+02  0.18100981E-23 -0.56896452E-38
  0.15400000E+02  0.17960252E-23 -0.56071177E-38
  0.15500000E+02  0.17820782E-23 -0.55652732E-38
  0.15600000E+02  0.17682565E-23 -0.55056391E-38
  0.15700000E+02  0.17545592E-23 -0.54363029E-38
  0.15800000E+02  0.17409855E-23 -0.54300108E-38
  0.15900000E+02  0.17275346E-23 -0.53697675E-38
  0.16000000E+02  0.17142057E-23 -0.53076292E-38
  0.16100000E+02  0.17009979E-23 -0.52500159E-38
  0.16200000E+02  0.16879104E-23 -0.52332288E-38
  0.16300000E+02  0.16749424E-23 -0.51599298E-38
  0.16400000E+02  0.16620929E-23 -0.51264028E-38
  0.16500000E+02  0.16493612E-23 -0.50840402E-38
  0.16600000E+02  0.16367462E-23 -0.50534834E-38
  0.16700000E+02  0.16242472E-23 -0.49687638E-38
  0.16800000E+02  0.16118632E-23 -0.49570129E-38
  0.16900000E+02  0.15995933E-23 -0.49115491E-38
  0.17000000E+02  0.15874367E-23 -0.48438282E-38
  0.17100000E+02  0.15753924E-23 -0.48443364E-38
  0.17200000E+02  0.15634595E-23 -0.47872090E-38
  0.17300000E+02  0.15516371E-23 -0.47439452E-38
  0.17400000E+02  0.15399242E-23 -0.47286010E-38
  0.17500000E+02  0.15283200E-23 -0.46514527E-38
  0.17600000E+02  0.15168236E-23 -0.46083910E-38
  0.17700000E+02  0.15054340E-23 -0.45981051E-38
  0.17800000E+02  0.14941502E-23 -0.45551722E-38
  0.17900000E+02  0.14829715E-23 -0.44973531E-38
  0.18000000E+02  0.14718968E-23 -0.44495189E-38
  0.18100000E+02  0.14609252E-23 -0.44355530E-38
  0.18200000E+02  0.14500559E-23 -0.44041263E-38
  0.18300000E+02  0.14392878E-23 -0.43623714E-38
  0.18400000E+02  0.14286201E-23 -0.43365615E-38
  0.18500000E+02  0.14180519E-23 -0.42821194E-38
  0.18600000E+02  0.14075822E-23 -0.42561577E-38
  0.18700000E+02  0.13972102E-23 -0.42244576E-38
  0.18800000E+02  0.13869349E-23 -0.41580649E-38
  0.18900000E+02  0.13767555E-23 -0.41645296E-38
  0.19000000E+02  0.13666710E-23 -0.41297532E-38
  0.19100000E+02  0.13566806E-23 -0.40888009E-38
  0.19200000E+02  0.13467833E-23 -0.40715237E-38
  0.19300000E+02  0.13369783E-23 -0.40190073E-38
  0.19400000E+02  0.13272646E-23 -0.39850295E-38
  0.19500000E+02  0.13176415E-23 -0.39281041E-38
  0.19600000E+02  0.13081080E-23 -0.39235926E-38
  0.19700000E+02  0.12986633E-23 -0.38593187E-38
  0.19800000E+02  0.12893065E-23 -0.38551606E-38
  0.19900000E+02  0.12800367E-23 -0.38251915E-38
  0.20000000E+02  0.12708531E-23 -0.37896622E-38
  0.20100000E+02  0.12617549E-23 -0.37886530E-38
  0.20200000E+02  0.12527412E-23 -0.37458869E-38
  0.20300000E+02  0.12438111E-23 -0.36808194E-38
  0.20400000E+02  0.12349639E-23 -0.36969125E-38
  0.20500000E+02  0.12261987E-23 -0.36529155E-38
  0.20600000E+02  0.12175147E-23 -0.36388308E-38
  0.20700000E+02  0.12089111E-23 -0.35989477E-38
  0.20800000E+02  0.12003871E-23 -0.35717470E-38
  0.20900000E+02  0.11919419E-23 -0.35400815E-38
  0.21000000E+02  0.11835746E-23 -0.35084778E-38
  0.21100000E+02  0.11752846E-23 -0.34810477E-38
  0.21200000E+02  0.11670709E-23 -0.34665383E-38
  0.21300000E+02  0.11589329E-23 -0.34739464E-38
  0.21400000E+02  0.11508698E-23 -0.33874248E-38
  0.21500000E+02  0.11428808E-23 -0.34098466E-38
  0.21600000E+02  0.11349652E-23 -0.33275680E-38
  0.21700000E+02  0.11271222E-23 -0.33461606E-38
  0.21800000E+02  0.11193511E-23 -0.33261867E-38
  0.21900000E+02  0.11116511E-23 -0.32988265E-38
  0.22000000E+02  0.11040214E-23 -0.32499678E-38
  0.22100000E+02  0.10964615E-23 -0.32248427E-38
  0.22200000E+02  0.10889706E-23 -0.32129089E-38
  0.22300000E+02  0.10815479E-23 -0.31629916E-38
  0.22400000E+02  0.10741928E-23 -0.31934748E-38
  0.22500000E+02  0.10669045E-23 -0.31487319E-38
  0.22600000E+02  0.10596824E-23 -0.31333785E-38
  0.22700000E+02  0.10525258E-23 -0.30803186E-38
  0.22800000E+02  0.10454339E-23 -0.30879628E-38
  0.22900000E+02  0.10384063E-23 -0.30433726E-38
  0.23000000E+02  0.10314421E-23 -0.30222912E-38
  0.23100000E+02  0.10245407E-23 -0.30045311E-38
  0.23200000E+02  0.10177015E-23 -0.30003311E-38
  0.23300000E+02  0.10109239E-23 -0.29612135E-38
  0.23400000E+02  0.10042071E-23 -0.29597342E-38
  0.23500000E+02  0.99755054E-24 -0.29301436E-38
  0.23600000E+02  0.99095364E-24 -0.28958464E-38
  0.23700000E+02  0.98441575E-24 -0.28771383E-38
  0.23800000E+02  0.97793627E-24 -0.28657300E-38
  0.23900000E+02  0.97151458E-24 -0.28317452E-38
  0.24000000E+02  0.96515008E-24 -0.28088099E-38
  0.24100000E+02  0.95884219E-24 -0.28020279E-38
  0.24200000E+02  0.95259030E-24 -0.27824745E-38
  0.24300000E+02  0.94639385E-24 -0.27568759E-38
  0.24400000E+02  0.94025225E-24 -0.27383326E-38
  0.24500000E+02  0.93416494E-24 -0.27322475E-38
  0.24600000E+02  0.92813136E-24 -0.27303678E-38
  0.24700000E+02  0.92215093E-24 -0.26762216E-38
  0.24800000E+02  0.91622313E-24 -0.26690235E-38
  0.24900000E+02  0.91034739E-24 -0.26662214E-38
  0.25000000E+02  0.90452317E-24 -0.26229792E-38
  0.25100000E+02  0.89874995E-24 -0.26110508E-38
  0.25200000E+02  0.89302720E-24 -0.25789235E-38
  0.25300000E+02  0.88735439E-24 -0.25795073E-38
  0.25400000E+02  0.88173100E-24 -0.25552530E-38
  0.25500000E+02  0.87615653E-24 -0.25550358E-38
  0.25600000E+02  0.87063046E-24 -0.25268547E-38
  0.25700000E+02  0.86515231E-24 -0.25181805E-38
  0.25800000E+02  0.85972156E-24 -0.24846824E-38
  0.25900000E+02  0.85433773E-24 -0.24749211E-38
  0.26000000E+02  0.84900035E-24 -0.24545116E-38
  0.26100000E+02  0.84370892E-24 -0.24394309E-38
  0.26200000E+02  0.83846297E-24 -0.24215008E-38
  0.26300000E+02  0.83326204E-24 -0.24262237E-38
  0.26400000E+02  0.82810566E-24 -0.24153733E-38
  0.26500000E+02  0.82299338E-24 -0.23884170E-38
  0.26600000E+02  0.81792474E-24 -0.23639556E-38
  0.26700000E+02  0.81289928E-24 -0.23721194E-38
  0.26800000E+02  0.80791658E-24 -0.23269774E-38
  0.26900000E+02  0.80297619E-24 -0.23216883E-38
  0.27000000E+02  0.79807767E-24 -0.23041700E-38
  0.27100000E+02  0.79322060E-24 -0.23077214E-38
  0.27200000E+02  0.78840455E-24 -0.22753066E-38
  0.27300000E+02  0.78362911E-24 -0.22624912E-38
  0.27400000E+02  0.77889385E-24 -0.22378763E-38
  0.27500000E+02  0.77419837E-24 -0.22325764E-38
  0.27600000E+02  0.76954227E-24 -0.22253757E-38
  0.27700000E+02  0.76492514E-24 -0.22038368E-38
  0.27800000E+02  0.76034658E-24 -0.21861109E-38
  0.27900000E+02  0.75580621E-24 -0.21680894E-38
  0.28000000E+02  0.75130363E-24 -0.21723302E-38
  0.28100000E+02  0.74683846E-24 -0.21572325E-38
  0.28200000E+02  0.74241033E-24 -0.21342397E-38
  0.28300000E+02  0.73801885E-24 -0.21207361E-38
  0.28400000E+02  0.73366366E-24 -0.21088822E-38
  0.28500000E+02  0.72934439E-24 -0.21075900E-38
  0.28600000E+02  0.72506068E-24 -0.20961607E-38
  0.28700000E+02  0.72081217E-24 -0.20622803E-38
  0.28800000E+02  0.71659851E-24 -0.20581921E-38
  0.28900000E+02  0.71241934E-24 -0.20607330E-38
  0.29000000E+02  0.70827432E-24 -0.20560855E-38
  0.29100000E+02  0.70416310E-24 -0.20344592E-38
  0.29200000E+02  0.70008535E-24 -0.20253007E-38
  0.29300000E+02  0.69604073E-24 -0.20068070E-38
  0.29400000E+02  0.69202892E-24 -0.19899898E-38
  0.29500000E+02  0.68804957E-24 -0.19798145E-38
  0.29600000E+02  0.68410238E-24 -0.19575243E-38
  0.29700000E+02  0.68018701E-24 -0.19649288E-38
  0.29800000E+02  0.67630316E-24 -0.19421667E-38
  0.29900000E+02  0.67245051E-24 -0.19412730E-38
  0.30000000E+02  0.66862875E-24 -0.19077840E-38
  0.30100000E+02  0.66483757E-24 -0.18897364E-38
  0.30200000E+02  0.66107667E-24 -0.18753906E-38
  0.30300000E+02  0.65734575E-24 -0.18833330E-38
  0.30400000E+02  0.65364452E-24 -0.18805496E-38
  0.30500000E+02  0.64997269E-24 -0.18498226E-38
  0.30600000E+02  0.64632995E-24 -0.18639993E-38
  0.30700000E+02  0.64271604E-24 -0.18385087E-38
  0.30800000E+02  0.63913066E-24 -0.18277641E-38
  0.30900000E+02  0.63557353E-24 -0.18232096E-38
  0.31000000E+02  0.63204439E-24 -0.18216242E-38
  0.31100000E+02  0.62854295E-24 -0.17960151E-38
  0.31200000E+02  0.62506894E-24 -0.17930849E-38
  0.31300000E+02  0.62162210E-24 -0.17722710E-38
  0.31400000E+02  0.61820216E-24 -0.17645193E-38
  0.31500000E+02  0.61480887E-24 -0.17594275E-38
  0.31600000E+02  0.61144195E-24 -0.17395447E-38
  0.31700000E+02  0.60810117E-24 -0.17317446E-38
  0.31800000E+02  0.60478626E-24 -0.17225763E-38
  0.31900000E+02  0.60149697E-24 -0.17185811E-38
  0.32000000E+02  0.59823305E-24 -0.17002562E-38
  0.32100000E+02  0.59499427E-24 -0.16895217E-38
  0.32200000E+02  0.59178038E-24 -0.16881646E-38
  0.32300000E+02  0.58859114E-24 -0.16748413E-38
  0.32400000E+02  0.58542632E-24 -0.16674156E-38
  0.32500000E+02  0.58228567E-24 -0.16592146E-38
  0.32600000E+02  0.57916898E-24 -0.16413846E-38
  0.32700000E+02  0.57607600E-24 -0.16503647E-38
  0.32800000E+02  0.57300652E-24 -0.16371226E-38
  0.32900000E+02  0.56996030E-24 -0.16281756E-38
  0.33000000E+02  0.56693714E-24 -0.16226135E-38
  0.33100000E+02  0.56393681E-24 -0.16104915E-38
  0.33200000E+02  0.56095909E-24 -0.16077367E-38
  0.33300000E+02  0.55800377E-24 -0.15944297E-38
  0.33400000E+02  0.55507064E-24 -0.15869896E-38
  0.33500000E+02  0.55215948E-24 -0.15767251E-38
  0.33600000E+02  0.54927010E-24 -0.15695611E-38
  0.33700000E+02  0.54640228E-24 -0.15637380E-38
  0.33800000E+02  0.54355583E-24 -0.15335980E-38
  0.33900000E+02  0.54073054E-24 -0.15407246E-38
  0.34000000E+02  0.53792622E-24 -0.15220466E-38
  0.34100000E+02  0.53514267E-24 -0.15217557E-38
  0.34200000E+02  0.53237969E-24 -0.15140741E-38
  0.34300000E+02  0.52963710E-24 -0.15043072E-38
  0.34400000E+02  0.52691469E-24 -0.14918614E-38
  0.34500000E+02  0.52421230E-24 -0.14936495E-38
  0.34600000E+02  0.52152973E-24 -0.14864284E-38
  0.34700000E+02  0.51886679E-24 -0.14764181E-38
  0.34800000E+02  0.51622331E-24 -0.14668296E-38
  0.34900000E+02  0.51359911E-24 -0.14657002E-38
  0.35000000E+02  0.51099400E-24 -0.14492074E-38
  0.35100000E+02  0.50840782E-24 -0.14390510E-38
  0.35200000E+02  0.50584038E-24 -0.14318397E-38
  0.35300000E+02  0.50329153E-24 -0.14254255E-38
  0.35400000E+02  0.50076108E-24 -0.14266888E-38
  0.35500000E+02  0.49824886E-24 -0.14222942E-38
  0.35600000E+02  0.49575472E-24 -0.14042277E-38
  0.35700000E+02  0.49327849E-24 -0.13982140E-38
  0.35800000E+02  0.49082000E-24 -0.13892986E-38
  0.35900000E+02  0.48837909E-24 -0.13886350E-38
  0.36000000E+02  0.48595561E-24 -0.13748549E-38
  0.36100000E+02  0.48354939E-24 -0.13789518E-38
  0.36200000E+02  0.48116028E-24 -0.13637049E-38
  0.36300000E+02  0.47878813E-24 -0.13521471E-38
  0.36400000E+02  0.47643278E-24 -0.13483460E-38
  0.36500000E+02  0.47409408E-24 -0.13378140E-38
  0.36600000E+02  0.47177188E-24 -0.13309283E-38
  0.36700000E+02  0.46946604E-24 -0.13351602E-38
  0.36800000E+02  0.46717640E-24 -0.13318527E-38
  0.36900000E+02  0.46490283E-24 -0.13185413E-38
  0.37000000E+02  0.46264517E-24 -0.13097911E-38
  0.37100000E+02  0.46040329E-24 -0.12958992E-38
  0.37200000E+02  0.45817705E-24 -0.12995692E-38
  0.37300000E+02  0.45596631E-24 -0.12980473E-38
  0.37400000E+02  0.45377092E-24 -0.12920290E-38
  0.37500000E+02  0.45159076E-24 -0.12800555E-38
  0.37600000E+02  0.44942569E-24 -0.12710773E-38
  0.37700000E+02  0.44727558E-24 -0.12688679E-38
  0.37800000E+02  0.44514030E-24 -0.12615947E-38
  0.37900000E+02  0.44301971E-24 -0.12482784E-38
  0.38000000E+02  0.44091368E-24 -0.12455581E-38
  0.38100000E+02  0.43882209E-24 -0.12422814E-38
  0.38200000E+02  0.43674482E-24 -0.12357786E-38
  0.38300000E+02  0.43468173E-24 -0.12271267E-38
  0.38400000E+02  0.43263271E-24 -0.12246798E-38
  0.38500000E+02  0.43059762E-24 -0.12161381E-38
  0.38600000E+02  0.42857636E-24 -0.12114899E-38
  0.38700000E+02  0.42656879E-24 -0.12034335E-38
  0.38800000E+02  0.42457481E-24 -0.12029358E-38
  0.38900000E+02  0.42259429E-24 -0.11868001E-38
  0.39000000E+02  0.42062712E-24 -0.11908417E-38
  0.39100000E+02  0.41867318E-24 -0.11878053E-38
  0.39200000E+02  0.41673235E-24 -0.11763267E-38
  0.39300000E+02  0.41480454E-24 -0.11702676E-38
  0.39400000E+02  0.41288962E-24 -0.11667544E-38
  0.39500000E+02  0.41098748E-24 -0.11640006E-38
  0.39600000E+02  0.40909801E-24 -0.11576488E-38
  0.39700000E+02  0.40722112E-24 -0.11585336E-38
  0.39800000E+02  0.40535668E-24 -0.11493410E-38
  0.39900000E+02  0.40350459E-24 -0.11412175E-38
  0.40000000E+02  0.40166476E-24 -0.11352425E-38
