  0.00000000E+00  0.50397993E-23 -0.13251626E-37
  0.10000000E+00  0.50389770E-23 -0.13078347E-37
  0.20000000E+00  0.50365125E-23 -0.13237864E-37
  0.30000000E+00  0.50324133E-23 -0.13366617E-37
  0.40000000E+00  0.50266920E-23 -0.13192925E-37
  0.50000000E+00  0.50193657E-23 -0.13104069E-37
  0.60000000E+00  0.50104565E-23 -0.13129379E-37
  0.70000000E+00  0.49999906E-23 -0.13206973E-37
  0.80000000E+00  0.49879988E-23 -0.13197103E-37
  0.90000000E+00  0.49745155E-23 -0.13088488E-37
  0.10000000E+01  0.49595790E-23 -0.12996435E-37
  0.11000000E+01  0.49432307E-23 -0.13261614E-37
  0.12000000E+01  0.49255152E-23 -0.13077800E-37
  0.13000000E+01  0.49064796E-23 -0.13041132E-37
  0.14000000E+01  0.48861732E-23 -0.12963352E-37
  0.15000000E+01  0.48646474E-23 -0.12869006E-37
  0.16000000E+01  0.48419551E-23 -0.12940174E-37
  0.17000000E+01  0.48181502E-23 -0.12985077E-37
  0.18000000E+01  0.47932878E-23 -0.12863706E-37
  0.19000000E+01  0.47674232E-23 -0.12824346E-37
  0.20000000E+01  0.47406122E-23 -0.12813293E-37
  0.21000000E+01  0.47129103E-23 -0.12757164E-37
  0.22000000E+01  0.46843729E-23 -0.12849924E-37
  0.23000000E+01  0.46550546E-23 -0.12733225E-37
  0.24000000E+01  0.46250095E-23 -0.12532483E-37
  0.25000000E+01  0.45942904E-23 -0.12539366E-37
  0.26000000E+01  0.45629491E-23 -0.12481464E-37
  0.27000000E+01  0.45310360E-23 -0.12339224E-37
  0.28000000E+01  0.44986001E-23 -0.12364232E-37
  0.29000000E+01  0.44656890E-23 -0.12387162E-37
  0.30000000E+01  0.44323484E-23 -0.12214537E-37
  0.31000000E+01  0.43986225E-23 -0.12163817E-37
  0.32000000E+01  0.43645535E-23 -0.12079432E-37
  0.33000000E+01  0.43301822E-23 -0.11960895E-37
  0.34000000E+01  0.42955472E-23 -0.11922140E-37
  0.35000000E+01  0.42606856E-23 -0.11876196E-37
  0.36000000E+01  0.42256326E-23 -0.11754279E-37
  0.37000000E+01  0.41904214E-23 -0.11811776E-37
  0.38000000E+01  0.41550839E-23 -0.11616046E-37
  0.39000000E+01  0.41196500E-23 -0.11395757E-37
  0.40000000E+01  0.40841478E-23 -0.11420240E-37
  0.41000000E+01  0.40486040E-23 -0.11340632E-37
  0.42000000E+01  0.40130437E-23 -0.11292541E-37
  0.43000000E+01  0.39774903E-23 -0.11176185E-37
  0.44000000E+01  0.39419660E-23 -0.10982564E-37
  0.45000000E+01  0.39064914E-23 -0.10848339E-37
  0.46000000E+01  0.38710858E-23 -0.10843958E-37
  0.47000000E+01  0.38357671E-23 -0.10746052E-37
  0.48000000E+01  0.38005522E-23 -0.10741996E-37
  0.49000000E+01  0.37654566E-23 -0.10634807E-37
  0.50000000E+01  0.37304949E-23 -0.10452197E-37
  0.51000000E+01  0.36956805E-23 -0.10404286E-37
  0.52000000E+01  0.36610258E-23 -0.10340454E-37
  0.53000000E+01  0.36265423E-23 -0.10208176E-37
  0.54000000E+01  0.35922406E-23 -0.10042450E-37
  0.55000000E+01  0.35581305E-23 -0.99834710E-38
  0.56000000E+01  0.35242210E-23 -0.98969403E-38
  0.57000000E+01  0.34905202E-23 -0.97443973E-38
  0.58000000E+01  0.34570358E-23 -0.97179910E-38
  0.59000000E+01  0.34237746E-23 -0.96114569E-38
  0.60000000E+01  0.33907428E-23 -0.94734793E-38
  0.61000000E+01  0.33579462E-23 -0.93839438E-38
  0.62000000E+01  0.33253898E-23 -0.92435881E-38
  0.63000000E+01  0.32930784E-23 -0.94039804E-38
  0.64000000E+01  0.32610160E-23 -0.90243142E-38
  0.65000000E+01  0.32292065E-23 -0.90389635E-38
  0.66000000E+01  0.31976530E-23 -0.88875972E-38
  0.67000000E+01  0.31663585E-23 -0.87334740E-38
  0.68000000E+01  0.31353257E-23 -0.86354675E-38
  0.69000000E+01  0.31045566E-23 -0.85353151E-38
  0.70000000E+01  0.30740532E-23 -0.85573713E-38
  0.71000000E+01  0.30438171E-23 -0.83668023E-38
  0.72000000E+01  0.30138496E-23 -0.83110179E-38
  0.73000000E+01  0.29841519E-23 -0.82558560E-38
  0.74000000E+01  0.29547247E-23 -0.81656978E-38
  0.75000000E+01  0.29255687E-23 -0.81138488E-38
  0.76000000E+01  0.28966843E-23 -0.79193911E-38
  0.77000000E+01  0.28680717E-23 -0.78389410E-38
  0.78000000E+01  0.28397310E-23 -0.78077816E-38
  0.79000000E+01  0.28116620E-23 -0.76716930E-38
  0.80000000E+01  0.27838644E-23 -0.75338246E-38
  0.81000000E+01  0.27563379E-23 -0.75826314E-38
  0.82000000E+01  0.27290818E-23 -0.74223037E-38
  0.83000000E+01  0.27020954E-23 -0.73022009E-38
  0.84000000E+01  0.26753781E-23 -0.72866533E-38
  0.85000000E+01  0.26489288E-23 -0.71410363E-38
  0.86000000E+01  0.26227465E-23 -0.70511724E-38
  0.87000000E+01  0.25968302E-23 -0.71007918E-38
  0.88000000E+01  0.25711785E-23 -0.68974041E-38
  0.89000000E+01  0.25457904E-23 -0.68275546E-38
  0.90000000E+01  0.25206643E-23 -0.67062915E-38
  0.91000000E+01  0.24957990E-23 -0.67026301E-38
  0.92000000E+01  0.24711928E-23 -0.65923963E-38
  0.93000000E+01  0.24468443E-23 -0.65037374E-38
  0.94000000E+01  0.24227518E-23 -0.64360004E-38
  0.95000000E+01  0.23989138E-23 -0.63380112E-38
  0.96000000E+01  0.23753284E-23 -0.62852614E-38
  0.97000000E+01  0.23519941E-23 -0.62623306E-38
  0.98000000E+01  0.23289089E-23 -0.61040606E-38
  0.99000000E+01  0.23060710E-23 -0.60149025E-38
  0.10000000E+02  0.22834787E-23 -0.60222845E-38
  0.10100000E+02  0.22611301E-23 -0.58800214E-38
  0.10200000E+02  0.22390231E-23 -0.58727856E-38
  0.10300000E+02  0.22171560E-23 -0.57533465E-38
  0.10400000E+02  0.21955266E-23 -0.57181415E-38
  0.10500000E+02  0.21741332E-23 -0.56541304E-38
  0.10600000E+02  0.21529736E-23 -0.55775306E-38
  0.10700000E+02  0.21320458E-23 -0.55449385E-38
  0.10800000E+02  0.21113479E-23 -0.54798752E-38
  0.10900000E+02  0.20908778E-23 -0.53775400E-38
  0.11000000E+02  0.20706334E-23 -0.53188180E-38
  0.11100000E+02  0.20506126E-23 -0.52108944E-38
  0.11200000E+02  0.20308135E-23 -0.52300299E-38
  0.11300000E+02  0.20112339E-23 -0.51363064E-38
  0.11400000E+02  0.19918718E-23 -0.50478040E-38
  0.11500000E+02  0.19727251E-23 -0.50245308E-38
  0.11600000E+02  0.19537916E-23 -0.50017989E-38
  0.11700000E+02  0.19350694E-23 -0.49732136E-38
  0.11800000E+02  0.19165563E-23 -0.48834428E-38
  0.11900000E+02  0.18982503E-23 -0.47602465E-38
  0.12000000E+02  0.18801492E-23 -0.47510117E-38
  0.12100000E+02  0.18622510E-23 -0.46971016E-38
  0.12200000E+02  0.18445536E-23 -0.46319814E-38
  0.12300000E+02  0.18270550E-23 -0.45573836E-38
  0.12400000E+02  0.18097530E-23 -0.45164124E-38
  0.12500000E+02  0.17926457E-23 -0.44803307E-38
  0.12600000E+02  0.17757310E-23 -0.44541504E-38
  0.12700000E+02  0.17590067E-23 -0.43525899E-38
  0.12800000E+02  0.17424710E-23 -0.42869714E-38
  0.12900000E+02  0.17261217E-23 -0.43097116E-38
  0.13000000E+02  0.17099569E-23 -0.42382443E-38
  0.13100000E+02  0.16939746E-23 -0.42140309E-38
  0.13200000E+02  0.16781727E-23 -0.40910438E-38
  0.13300000E+02  0.16625493E-23 -0.40455768E-38
  0.13400000E+02  0.16471023E-23 -0.40284979E-38
  0.13500000E+02  0.16318299E-23 -0.39816911E-38
  0.13600000E+02  0.16167301E-23 -0.39589151E-38
  0.13700000E+02  0.16018010E-23 -0.38901623E-38
  0.13800000E+02  0.15870406E-23 -0.38775470E-38
  0.13900000E+02  0.15724470E-23 -0.38351564E-38
  0.14000000E+02  0.15580183E-23 -0.37671336E-38
  0.14100000E+02  0.15437527E-23 -0.37137694E-38
  0.14200000E+02  0.15296482E-23 -0.36732386E-38
  0.14300000E+02  0.15157031E-23 -0.36261388E-38
  0.14400000E+02  0.15019154E-23 -0.36062232E-38
  0.14500000E+02  0.14882834E-23 -0.35562910E-38
  0.14600000E+02  0.14748053E-23 -0.35760408E-38
  0.14700000E+02  0.14614792E-23 -0.34933179E-38
  0.14800000E+02  0.14483034E-23 -0.34669166E-38
  0.14900000E+02  0.14352761E-23 -0.34347459E-38
  0.15000000E+02  0.14223956E-23 -0.34072763E-38
  0.15100000E+02  0.14096601E-23 -0.33207179E-38
  0.15200000E+02  0.13970679E-23 -0.33152170E-38
  0.15300000E+02  0.13846174E-23 -0.33015491E-38
  0.15400000E+02  0.13723068E-23 -0.32690007E-38
  0.15500000E+02  0.13601345E-23 -0.32205646E-38
  0.15600000E+02  0.13480988E-23 -0.31876360E-38
  0.15700000E+02  0.13361980E-23 -0.31679277E-38
  0.15800000E+02  0.13244307E-23 -0.31266239E-38
  0.15900000E+02  0.13127951E-23 -0.30786681E-38
  0.16000000E+02  0.13012897E-23 -0.30525256E-38
  0.16100000E+02  0.12899130E-23 -0.29795584E-38
  0.16200000E+02  0.12786632E-23 -0.29938986E-38
  0.16300000E+02  0.12675390E-23 -0.29287209E-38
  0.16400000E+02  0.12565388E-23 -0.29032625E-38
  0.16500000E+02  0.12456611E-23 -0.28853201E-38
  0.16600000E+02  0.12349044E-23 -0.28632541E-38
  0.16700000E+02  0.12242672E-23 -0.28479572E-38
  0.16800000E+02  0.12137481E-23 -0.28102632E-38
  0.16900000E+02  0.12033457E-23 -0.27543286E-38
  0.17000000E+02  0.11930584E-23 -0.27548297E-38
  0.17100000E+02  0.11828850E-23 -0.27290163E-38
  0.17200000E+02  0.11728239E-23 -0.27294456E-38
  0.17300000E+02  0.11628739E-23 -0.26799356E-38
  0.17400000E+02  0.11530336E-23 -0.26671737E-38
  0.17500000E+02  0.11433016E-23 -0.26245473E-38
  0.17600000E+02  0.11336766E-23 -0.25957535E-38
  0.17700000E+02  0.11241573E-23 -0.25660803E-38
  0.17800000E+02  0.11147423E-23 -0.25334430E-38
  0.17900000E+02  0.11054305E-23 -0.25135348E-38
  0.18000000E+02  0.10962205E-23 -0.25004381E-38
  0.18100000E+02  0.10871110E-23 -0.24598953E-38
  0.18200000E+02  0.10781009E-23 -0.24391288E-38
  0.18300000E+02  0.10691889E-23 -0.24481873E-38
  0.18400000E+02  0.10603738E-23 -0.24202303E-38
  0.18500000E+02  0.10516545E-23 -0.23964975E-38
  0.18600000E+02  0.10430296E-23 -0.23549115E-38
  0.18700000E+02  0.10344981E-23 -0.23395642E-38
  0.18800000E+02  0.10260588E-23 -0.23488096E-38
  0.18900000E+02  0.10177106E-23 -0.22799470E-38
  0.19000000E+02  0.10094524E-23 -0.22574538E-38
  0.19100000E+02  0.10012829E-23 -0.22275991E-38
  0.19200000E+02  0.99320126E-24 -0.22071936E-38
  0.19300000E+02  0.98520624E-24 -0.22046108E-38
  0.19400000E+02  0.97729681E-24 -0.21988620E-38
  0.19500000E+02  0.96947192E-24 -0.21865510E-38
  0.19600000E+02  0.96173051E-24 -0.21380666E-38
  0.19700000E+02  0.95407157E-24 -0.21376885E-38
  0.19800000E+02  0.94649408E-24 -0.21135713E-38
  0.19900000E+02  0.93899703E-24 -0.21059295E-38
  0.20000000E+02  0.93157943E-24 -0.20623392E-38
  0.20100000E+02  0.92424030E-24 -0.20323505E-38
  0.20200000E+02  0.91697869E-24 -0.20337203E-38
  0.20300000E+02  0.90979362E-24 -0.20114538E-38
  0.20400000E+02  0.90268418E-24 -0.20136854E-38
  0.20500000E+02  0.89564941E-24 -0.19605134E-38
  0.20600000E+02  0.88868841E-24 -0.19644678E-38
  0.20700000E+02  0.88180027E-24 -0.19530332E-38
  0.20800000E+02  0.87498410E-24 -0.19434813E-38
  0.20900000E+02  0.86823901E-24 -0.19252626E-38
  0.21000000E+02  0.86156414E-24 -0.18748146E-38
  0.21100000E+02  0.85495861E-24 -0.18592266E-38
  0.21200000E+02  0.84842160E-24 -0.18834599E-38
  0.21300000E+02  0.84195225E-24 -0.18525533E-38
  0.21400000E+02  0.83554974E-24 -0.18239386E-38
  0.21500000E+02  0.82921325E-24 -0.18053338E-38
  0.21600000E+02  0.82294198E-24 -0.18148370E-38
  0.21700000E+02  0.81673514E-24 -0.17918623E-38
  0.21800000E+02  0.81059194E-24 -0.17408181E-38
  0.21900000E+02  0.80451160E-24 -0.17484374E-38
  0.22000000E+02  0.79849335E-24 -0.17607233E-38
  0.22100000E+02  0.79253646E-24 -0.17209333E-38
  0.22200000E+02  0.78664017E-24 -0.17188354E-38
  0.22300000E+02  0.78080374E-24 -0.16836878E-38
  0.22400000E+02  0.77502646E-24 -0.16674322E-38
  0.22500000E+02  0.76930760E-24 -0.16681902E-38
  0.22600000E+02  0.76364646E-24 -0.16455485E-38
  0.22700000E+02  0.75804235E-24 -0.16328909E-38
  0.22800000E+02  0.75249457E-24 -0.16098550E-38
  0.22900000E+02  0.74700245E-24 -0.16081551E-38
  0.23000000E+02  0.74156531E-24 -0.15981337E-38
  0.23100000E+02  0.73618250E-24 -0.15841359E-38
  0.23200000E+02  0.73085337E-24 -0.15519857E-38
  0.23300000E+02  0.72557726E-24 -0.15507955E-38
  0.23400000E+02  0.72035355E-24 -0.15447558E-38
  0.23500000E+02  0.71518161E-24 -0.15342343E-38
  0.23600000E+02  0.71006082E-24 -0.15355117E-38
  0.23700000E+02  0.70499056E-24 -0.14976696E-38
  0.23800000E+02  0.69997024E-24 -0.14898770E-38
  0.23900000E+02  0.69499927E-24 -0.15056544E-38
  0.24000000E+02  0.69007704E-24 -0.14777359E-38
  0.24100000E+02  0.68520300E-24 -0.14818148E-38
  0.24200000E+02  0.68037656E-24 -0.14602901E-38
  0.24300000E+02  0.67559716E-24 -0.14451232E-38
  0.24400000E+02  0.67086424E-24 -0.14311528E-38
  0.24500000E+02  0.66617726E-24 -0.14106288E-38
  0.24600000E+02  0.66153567E-24 -0.14126281E-38
  0.24700000E+02  0.65693894E-24 -0.13886012E-38
  0.24800000E+02  0.65238654E-24 -0.13872192E-38
  0.24900000E+02  0.64787796E-24 -0.13952058E-38
  0.25000000E+02  0.64341266E-24 -0.13669515E-38
  0.25100000E+02  0.63899016E-24 -0.13548131E-38
  0.25200000E+02  0.63460994E-24 -0.13548458E-38
  0.25300000E+02  0.63027152E-24 -0.13237279E-38
  0.25400000E+02  0.62597441E-24 -0.13298643E-38
  0.25500000E+02  0.62171812E-24 -0.13187018E-38
  0.25600000E+02  0.61750218E-24 -0.12867812E-38
  0.25700000E+02  0.61332613E-24 -0.12976354E-38
  0.25800000E+02  0.60918950E-24 -0.12849098E-38
  0.25900000E+02  0.60509182E-24 -0.12721319E-38
  0.26000000E+02  0.60103267E-24 -0.12797907E-38
  0.26100000E+02  0.59701158E-24 -0.12495916E-38
  0.26200000E+02  0.59302812E-24 -0.12431726E-38
  0.26300000E+02  0.58908185E-24 -0.12451005E-38
  0.26400000E+02  0.58517236E-24 -0.12286445E-38
  0.26500000E+02  0.58129921E-24 -0.12422757E-38
  0.26600000E+02  0.57746200E-24 -0.12073952E-38
  0.26700000E+02  0.57366030E-24 -0.12123171E-38
  0.26800000E+02  0.56989372E-24 -0.11870992E-38
  0.26900000E+02  0.56616186E-24 -0.11650806E-38
  0.27000000E+02  0.56246431E-24 -0.11836681E-38
  0.27100000E+02  0.55880070E-24 -0.11640648E-38
  0.27200000E+02  0.55517063E-24 -0.11668523E-38
  0.27300000E+02  0.55157372E-24 -0.11586848E-38
  0.27400000E+02  0.54800960E-24 -0.11398574E-38
  0.27500000E+02  0.54447791E-24 -0.11276293E-38
  0.27600000E+02  0.54097826E-24 -0.11239399E-38
  0.27700000E+02  0.53751031E-24 -0.11179982E-38
  0.27800000E+02  0.53407370E-24 -0.11042740E-38
  0.27900000E+02  0.53066808E-24 -0.11058416E-38
  0.28000000E+02  0.52729309E-24 -0.11002770E-38
  0.28100000E+02  0.52394840E-24 -0.10956586E-38
  0.28200000E+02  0.52063367E-24 -0.10749209E-38
  0.28300000E+02  0.51734857E-24 -0.10682557E-38
  0.28400000E+02  0.51409276E-24 -0.10739704E-38
  0.28500000E+02  0.51086592E-24 -0.10568554E-38
  0.28600000E+02  0.50766773E-24 -0.10589409E-38
  0.28700000E+02  0.50449787E-24 -0.10358518E-38
  0.28800000E+02  0.50135604E-24 -0.10457077E-38
  0.28900000E+02  0.49824191E-24 -0.10376248E-38
  0.29000000E+02  0.49515519E-24 -0.10196476E-38
  0.29100000E+02  0.49209558E-24 -0.10197698E-38
  0.29200000E+02  0.48906277E-24 -0.10024413E-38
  0.29300000E+02  0.48605647E-24 -0.98886763E-39
  0.29400000E+02  0.48307640E-24 -0.10082284E-38
  0.29500000E+02  0.48012227E-24 -0.99068451E-39
  0.29600000E+02  0.47719380E-24 -0.99364780E-39
  0.29700000E+02  0.47429070E-24 -0.97718322E-39
  0.29800000E+02  0.47141270E-24 -0.96541396E-39
  0.29900000E+02  0.46855953E-24 -0.96483394E-39
  0.30000000E+02  0.46573092E-24 -0.96445076E-39
  0.30100000E+02  0.46292661E-24 -0.95264519E-39
  0.30200000E+02  0.46014633E-24 -0.94213459E-39
  0.30300000E+02  0.45738983E-24 -0.94855629E-39
  0.30400000E+02  0.45465685E-24 -0.92847231E-39
  0.30500000E+02  0.45194714E-24 -0.93598538E-39
  0.30600000E+02  0.44926044E-24 -0.92347198E-39
  0.30700000E+02  0.44659652E-24 -0.91551914E-39
  0.30800000E+02  0.44395513E-24 -0.91414030E-39
  0.30900000E+02  0.44133603E-24 -0.90370516E-39
  0.31000000E+02  0.43873899E-24 -0.89833579E-39
  0.31100000E+02  0.43616376E-24 -0.90626869E-39
  0.31200000E+02  0.43361012E-24 -0.88763895E-39
  0.31300000E+02  0.43107785E-24 -0.89550757E-39
  0.31400000E+02  0.42856671E-24 -0.86921824E-39
  0.31500000E+02  0.42607649E-24 -0.88048709E-39
  0.31600000E+02  0.42360696E-24 -0.87569213E-39
  0.31700000E+02  0.42115790E-24 -0.87433066E-39
  0.31800000E+02  0.41872911E-24 -0.86730378E-39
  0.31900000E+02  0.41632037E-24 -0.84184752E-39
  0.32000000E+02  0.41393147E-24 -0.83569904E-39
  0.32100000E+02  0.41156221E-24 -0.83968673E-39
  0.32200000E+02  0.40921238E-24 -0.83139964E-39
  0.32300000E+02  0.40688177E-24 -0.83113977E-39
  0.32400000E+02  0.40457020E-24 -0.81048117E-39
  0.32500000E+02  0.40227746E-24 -0.82727224E-39
  0.32600000E+02  0.40000337E-24 -0.80854101E-39
  0.32700000E+02  0.39774772E-24 -0.80463492E-39
  0.32800000E+02  0.39551032E-24 -0.81466400E-39
  0.32900000E+02  0.39329100E-24 -0.80744106E-39
  0.33000000E+02  0.39108956E-24 -0.80762412E-39
  0.33100000E+02  0.38890583E-24 -0.78201690E-39
  0.33200000E+02  0.38673962E-24 -0.79119428E-39
  0.33300000E+02  0.38459075E-24 -0.78405418E-39
  0.33400000E+02  0.38245906E-24 -0.76376578E-39
  0.33500000E+02  0.38034435E-24 -0.78302798E-39
  0.33600000E+02  0.37824647E-24 -0.77052257E-39
  0.33700000E+02  0.37616523E-24 -0.75820836E-39
  0.33800000E+02  0.37410049E-24 -0.75404671E-39
  0.33900000E+02  0.37205206E-24 -0.75734190E-39
  0.34000000E+02  0.37001978E-24 -0.75154911E-39
  0.34100000E+02  0.36800349E-24 -0.75039008E-39
  0.34200000E+02  0.36600304E-24 -0.74345369E-39
  0.34300000E+02  0.36401826E-24 -0.73321277E-39
  0.34400000E+02  0.36204899E-24 -0.73036870E-39
  0.34500000E+02  0.36009509E-24 -0.72786180E-39
  0.34600000E+02  0.35815640E-24 -0.73027324E-39
  0.34700000E+02  0.35623277E-24 -0.72296007E-39
  0.34800000E+02  0.35432404E-24 -0.71343515E-39
  0.34900000E+02  0.35243008E-24 -0.71688327E-39
  0.35000000E+02  0.35055074E-24 -0.70729873E-39
  0.35100000E+02  0.34868587E-24 -0.71222055E-39
  0.35200000E+02  0.34683533E-24 -0.70697312E-39
  0.35300000E+02  0.34499898E-24 -0.70382316E-39
  0.35400000E+02  0.34317668E-24 -0.68159491E-39
  0.35500000E+02  0.34136829E-24 -0.68993930E-39
  0.35600000E+02  0.33957369E-24 -0.67731234E-39
  0.35700000E+02  0.33779272E-24 -0.68489392E-39
  0.35800000E+02  0.33602527E-24 -0.67251212E-39
  0.35900000E+02  0.33427120E-24 -0.67459319E-39
  0.36000000E+02  0.33253038E-24 -0.66485929E-39
  0.36100000E+02  0.33080268E-24 -0.66997254E-39
  0.36200000E+02  0.32908798E-24 -0.65650931E-39
  0.36300000E+02  0.32738615E-24 -0.65734556E-39
  0.36400000E+02  0.32569707E-24 -0.65837439E-39
  0.36500000E+02  0.32402061E-24 -0.65428164E-39
  0.36600000E+02  0.32235666E-24 -0.65401295E-39
  0.36700000E+02  0.32070509E-24 -0.64756519E-39
  0.36800000E+02  0.31906579E-24 -0.63733812E-39
  0.36900000E+02  0.31743864E-24 -0.63689775E-39
  0.37000000E+02  0.31582352E-24 -0.62962957E-39
  0.37100000E+02  0.31422032E-24 -0.62798349E-39
  0.37200000E+02  0.31262893E-24 -0.62342297E-39
  0.37300000E+02  0.31104924E-24 -0.62768330E-39
  0.37400000E+02  0.30948113E-24 -0.62005661E-39
  0.37500000E+02  0.30792450E-24 -0.61871269E-39
  0.37600000E+02  0.30637924E-24 -0.60772728E-39
  0.37700000E+02  0.30484524E-24 -0.60794603E-39
  0.37800000E+02  0.30332240E-24 -0.61073603E-39
  0.37900000E+02  0.30181061E-24 -0.60529015E-39
  0.38000000E+02  0.30030977E-24 -0.61137602E-39
  0.38100000E+02  0.29881977E-24 -0.60573945E-39
  0.38200000E+02  0.29734053E-24 -0.59287135E-39
  0.38300000E+02  0.29587193E-24 -0.59655875E-39
  0.38400000E+02  0.29441388E-24 -0.58761562E-39
  0.38500000E+02  0.29296628E-24 -0.58029424E-39
  0.38600000E+02  0.29152903E-24 -0.58414579E-39
  0.38700000E+02  0.29010205E-24 -0.58067006E-39
  0.38800000E+02  0.28868523E-24 -0.58092051E-39
  0.38900000E+02  0.28727848E-24 -0.56781495E-39
  0.39000000E+02  0.28588171E-24 -0.57622755E-39
  0.39100000E+02  0.28449483E-24 -0.56689699E-39
  0.39200000E+02  0.28311775E-24 -0.56411902E-39
  0.39300000E+02  0.28175038E-24 -0.57078194E-39
  0.39400000E+02  0.28039263E-24 -0.55814153E-39
  0.39500000E+02  0.27904441E-24 -0.56047489E-39
  0.39600000E+02  0.27770564E-24 -0.55297124E-39
  0.39700000E+02  0.27637623E-24 -0.55666127E-39
  0.39800000E+02  0.27505610E-24 -0.55409300E-39
  0.39900000E+02  0.27374517E-24 -0.54071232E-39
  0.40000000E+02  0.27244334E-24 -0.54947632E-39
