  0.00000000E+00  0.68011102E-21  0.23058990E-37
  0.10000000E+00  0.67999672E-21  0.23041615E-37
  0.20000000E+00  0.67965421E-21  0.22695629E-37
  0.30000000E+00  0.67908463E-21  0.23067015E-37
  0.40000000E+00  0.67828986E-21  0.22955591E-37
  0.50000000E+00  0.67727251E-21  0.22657747E-37
  0.60000000E+00  0.67603590E-21  0.23101042E-37
  0.70000000E+00  0.67458401E-21  0.22876773E-37
  0.80000000E+00  0.67292144E-21  0.22719418E-37
  0.90000000E+00  0.67105338E-21  0.22635287E-37
  0.10000000E+01  0.66898556E-21  0.22697027E-37
  0.11000000E+01  0.66672418E-21  0.22379612E-37
  0.12000000E+01  0.66427586E-21  0.22301440E-37
  0.13000000E+01  0.66164761E-21  0.22169994E-37
  0.14000000E+01  0.65884672E-21  0.22119268E-37
  0.15000000E+01  0.65588077E-21  0.22002803E-37
  0.16000000E+01  0.65275752E-21  0.21624102E-37
  0.17000000E+01  0.64948487E-21  0.21521151E-37
  0.18000000E+01  0.64607081E-21  0.21444765E-37
  0.19000000E+01  0.64252338E-21  0.21197931E-37
  0.20000000E+01  0.63885061E-21  0.20767814E-37
  0.21000000E+01  0.63506048E-21  0.20777808E-37
  0.22000000E+01  0.63116090E-21  0.20590446E-37
  0.23000000E+01  0.62715962E-21  0.20237195E-37
  0.24000000E+01  0.62306429E-21  0.20451276E-37
  0.25000000E+01  0.61888233E-21  0.20196829E-37
  0.26000000E+01  0.61462099E-21  0.19893793E-37
  0.27000000E+01  0.61028728E-21  0.19646985E-37
  0.28000000E+01  0.60588797E-21  0.19453065E-37
  0.29000000E+01  0.60142960E-21  0.19145869E-37
  0.30000000E+01  0.59691842E-21  0.19093331E-37
  0.31000000E+01  0.59236044E-21  0.18792160E-37
  0.32000000E+01  0.58776138E-21  0.18548593E-37
  0.33000000E+01  0.58312670E-21  0.18434311E-37
  0.34000000E+01  0.57846158E-21  0.18341043E-37
  0.35000000E+01  0.57377093E-21  0.18013506E-37
  0.36000000E+01  0.56905939E-21  0.18077570E-37
  0.37000000E+01  0.56433137E-21  0.17759820E-37
  0.38000000E+01  0.55959098E-21  0.17398630E-37
  0.39000000E+01  0.55484211E-21  0.17187606E-37
  0.40000000E+01  0.55008842E-21  0.16884366E-37
  0.41000000E+01  0.54533332E-21  0.16827438E-37
  0.42000000E+01  0.54058001E-21  0.16654193E-37
  0.43000000E+01  0.53583147E-21  0.16263122E-37
  0.44000000E+01  0.53109049E-21  0.15880299E-37
  0.45000000E+01  0.52635965E-21  0.16012586E-37
  0.46000000E+01  0.52164136E-21  0.15893429E-37
  0.47000000E+01  0.51693786E-21  0.15480730E-37
  0.48000000E+01  0.51225122E-21  0.15365882E-37
  0.49000000E+01  0.50758335E-21  0.15060806E-37
  0.50000000E+01  0.50293602E-21  0.14866103E-37
  0.51000000E+01  0.49831085E-21  0.14808196E-37
  0.52000000E+01  0.49370936E-21  0.14691235E-37
  0.53000000E+01  0.48913290E-21  0.14503902E-37
  0.54000000E+01  0.48458275E-21  0.14261197E-37
  0.55000000E+01  0.48006006E-21  0.14152988E-37
  0.56000000E+01  0.47556589E-21  0.13893293E-37
  0.57000000E+01  0.47110120E-21  0.13463011E-37
  0.58000000E+01  0.46666686E-21  0.13445497E-37
  0.59000000E+01  0.46226366E-21  0.13385122E-37
  0.60000000E+01  0.45789231E-21  0.13241208E-37
  0.61000000E+01  0.45355346E-21  0.12982667E-37
  0.62000000E+01  0.44924769E-21  0.12606179E-37
  0.63000000E+01  0.44497549E-21  0.12551815E-37
  0.64000000E+01  0.44073735E-21  0.12413569E-37
  0.65000000E+01  0.43653364E-21  0.12262464E-37
  0.66000000E+01  0.43236472E-21  0.12227386E-37
  0.67000000E+01  0.42823091E-21  0.11957131E-37
  0.68000000E+01  0.42413245E-21  0.11843599E-37
  0.69000000E+01  0.42006957E-21  0.11732772E-37
  0.70000000E+01  0.41604245E-21  0.11439020E-37
  0.71000000E+01  0.41205124E-21  0.11389661E-37
  0.72000000E+01  0.40809605E-21  0.11261208E-37
  0.73000000E+01  0.40417697E-21  0.11101818E-37
  0.74000000E+01  0.40029405E-21  0.11151881E-37
  0.75000000E+01  0.39644732E-21  0.10913673E-37
  0.76000000E+01  0.39263680E-21  0.10757978E-37
  0.77000000E+01  0.38886245E-21  0.10447318E-37
  0.78000000E+01  0.38512425E-21  0.10505393E-37
  0.79000000E+01  0.38142213E-21  0.10245195E-37
  0.80000000E+01  0.37775602E-21  0.10134644E-37
  0.81000000E+01  0.37412583E-21  0.10229989E-37
  0.82000000E+01  0.37053145E-21  0.99457322E-38
  0.83000000E+01  0.36697275E-21  0.96300747E-38
  0.84000000E+01  0.36344960E-21  0.95408209E-38
  0.85000000E+01  0.35996185E-21  0.93801823E-38
  0.86000000E+01  0.35650934E-21  0.94103952E-38
  0.87000000E+01  0.35309190E-21  0.94125336E-38
  0.88000000E+01  0.34970934E-21  0.91444898E-38
  0.89000000E+01  0.34636148E-21  0.89074660E-38
  0.90000000E+01  0.34304812E-21  0.88842826E-38
  0.91000000E+01  0.33976904E-21  0.89608967E-38
  0.92000000E+01  0.33652404E-21  0.86950239E-38
  0.93000000E+01  0.33331289E-21  0.86359115E-38
  0.94000000E+01  0.33013537E-21  0.85643714E-38
  0.95000000E+01  0.32699125E-21  0.83718628E-38
  0.96000000E+01  0.32388028E-21  0.84340446E-38
  0.97000000E+01  0.32080222E-21  0.82379987E-38
  0.98000000E+01  0.31775682E-21  0.79773169E-38
  0.99000000E+01  0.31474384E-21  0.78832214E-38
  0.10000000E+02  0.31176302E-21  0.79394809E-38
  0.10100000E+02  0.30881409E-21  0.77846168E-38
  0.10200000E+02  0.30589681E-21  0.75762701E-38
  0.10300000E+02  0.30301090E-21  0.76593753E-38
  0.10400000E+02  0.30015609E-21  0.73860183E-38
  0.10500000E+02  0.29733213E-21  0.74202525E-38
  0.10600000E+02  0.29453874E-21  0.72549204E-38
  0.10700000E+02  0.29177564E-21  0.72717298E-38
  0.10800000E+02  0.28904257E-21  0.72439384E-38
  0.10900000E+02  0.28633925E-21  0.70734468E-38
  0.11000000E+02  0.28366540E-21  0.70826994E-38
  0.11100000E+02  0.28102075E-21  0.69690782E-38
  0.11200000E+02  0.27840503E-21  0.68148409E-38
  0.11300000E+02  0.27581795E-21  0.68944870E-38
  0.11400000E+02  0.27325924E-21  0.67773928E-38
  0.11500000E+02  0.27072861E-21  0.66825572E-38
  0.11600000E+02  0.26822581E-21  0.66241522E-38
  0.11700000E+02  0.26575053E-21  0.65832479E-38
  0.11800000E+02  0.26330252E-21  0.64253447E-38
  0.11900000E+02  0.26088149E-21  0.62333610E-38
  0.12000000E+02  0.25848717E-21  0.62257209E-38
  0.12100000E+02  0.25611927E-21  0.61815826E-38
  0.12200000E+02  0.25377754E-21  0.61229956E-38
  0.12300000E+02  0.25146169E-21  0.59373958E-38
  0.12400000E+02  0.24917146E-21  0.59108237E-38
  0.12500000E+02  0.24690656E-21  0.59402687E-38
  0.12600000E+02  0.24466674E-21  0.60127922E-38
  0.12700000E+02  0.24245171E-21  0.57788644E-38
  0.12800000E+02  0.24026122E-21  0.56292741E-38
  0.12900000E+02  0.23809500E-21  0.55448984E-38
  0.13000000E+02  0.23595279E-21  0.55590903E-38
  0.13100000E+02  0.23383431E-21  0.54946146E-38
  0.13200000E+02  0.23173931E-21  0.55437736E-38
  0.13300000E+02  0.22966753E-21  0.54718589E-38
  0.13400000E+02  0.22761871E-21  0.54491309E-38
  0.13500000E+02  0.22559259E-21  0.53768826E-38
  0.13600000E+02  0.22358892E-21  0.52680826E-38
  0.13700000E+02  0.22160745E-21  0.51272290E-38
  0.13800000E+02  0.21964792E-21  0.50947322E-38
  0.13900000E+02  0.21771009E-21  0.51163981E-38
  0.14000000E+02  0.21579370E-21  0.49025487E-38
  0.14100000E+02  0.21389852E-21  0.49965418E-38
  0.14200000E+02  0.21202429E-21  0.49358566E-38
  0.14300000E+02  0.21017078E-21  0.48611115E-38
  0.14400000E+02  0.20833775E-21  0.48092679E-38
  0.14500000E+02  0.20652496E-21  0.48020862E-38
  0.14600000E+02  0.20473217E-21  0.46896901E-38
  0.14700000E+02  0.20295916E-21  0.45542923E-38
  0.14800000E+02  0.20120568E-21  0.45774790E-38
  0.14900000E+02  0.19947152E-21  0.46019351E-38
  0.15000000E+02  0.19775644E-21  0.45112630E-38
  0.15100000E+02  0.19606022E-21  0.45120829E-38
  0.15200000E+02  0.19438264E-21  0.44030785E-38
  0.15300000E+02  0.19272348E-21  0.43455253E-38
  0.15400000E+02  0.19108251E-21  0.42589521E-38
  0.15500000E+02  0.18945953E-21  0.42907782E-38
  0.15600000E+02  0.18785431E-21  0.42100205E-38
  0.15700000E+02  0.18626665E-21  0.42548644E-38
  0.15800000E+02  0.18469634E-21  0.41328779E-38
  0.15900000E+02  0.18314317E-21  0.41164079E-38
  0.16000000E+02  0.18160693E-21  0.41030078E-38
  0.16100000E+02  0.18008742E-21  0.40540669E-38
  0.16200000E+02  0.17858444E-21  0.39463938E-38
  0.16300000E+02  0.17709780E-21  0.39743363E-38
  0.16400000E+02  0.17562729E-21  0.39364183E-38
  0.16500000E+02  0.17417272E-21  0.38694135E-38
  0.16600000E+02  0.17273390E-21  0.38021972E-38
  0.16700000E+02  0.17131063E-21  0.38169562E-38
  0.16800000E+02  0.16990274E-21  0.37569129E-38
  0.16900000E+02  0.16851003E-21  0.38096477E-38
  0.17000000E+02  0.16713232E-21  0.37700273E-38
  0.17100000E+02  0.16576943E-21  0.36357509E-38
  0.17200000E+02  0.16442117E-21  0.36804005E-38
  0.17300000E+02  0.16308738E-21  0.36532531E-38
  0.17400000E+02  0.16176788E-21  0.35244087E-38
  0.17500000E+02  0.16046248E-21  0.36290995E-38
  0.17600000E+02  0.15917103E-21  0.34270669E-38
  0.17700000E+02  0.15789334E-21  0.34775290E-38
  0.17800000E+02  0.15662926E-21  0.34068254E-38
  0.17900000E+02  0.15537862E-21  0.32735789E-38
  0.18000000E+02  0.15414126E-21  0.33573452E-38
  0.18100000E+02  0.15291700E-21  0.33560969E-38
  0.18200000E+02  0.15170570E-21  0.33893965E-38
  0.18300000E+02  0.15050720E-21  0.32527504E-38
  0.18400000E+02  0.14932134E-21  0.33069128E-38
  0.18500000E+02  0.14814796E-21  0.32272750E-38
  0.18600000E+02  0.14698692E-21  0.31980735E-38
  0.18700000E+02  0.14583806E-21  0.31834474E-38
  0.18800000E+02  0.14470124E-21  0.31949694E-38
  0.18900000E+02  0.14357630E-21  0.30438742E-38
  0.19000000E+02  0.14246312E-21  0.30997300E-38
  0.19100000E+02  0.14136153E-21  0.30880699E-38
  0.19200000E+02  0.14027141E-21  0.30503934E-38
  0.19300000E+02  0.13919261E-21  0.29756892E-38
  0.19400000E+02  0.13812499E-21  0.29668289E-38
  0.19500000E+02  0.13706842E-21  0.28880467E-38
  0.19600000E+02  0.13602277E-21  0.29821218E-38
  0.19700000E+02  0.13498790E-21  0.29268842E-38
  0.19800000E+02  0.13396368E-21  0.28965229E-38
  0.19900000E+02  0.13294999E-21  0.29675218E-38
  0.20000000E+02  0.13194668E-21  0.28847865E-38
  0.20100000E+02  0.13095365E-21  0.27885371E-38
  0.20200000E+02  0.12997077E-21  0.27828328E-38
  0.20300000E+02  0.12899790E-21  0.27324413E-38
  0.20400000E+02  0.12803494E-21  0.26807295E-38
  0.20500000E+02  0.12708176E-21  0.26958253E-38
  0.20600000E+02  0.12613824E-21  0.26366288E-38
  0.20700000E+02  0.12520427E-21  0.26550014E-38
  0.20800000E+02  0.12427974E-21  0.25989035E-38
  0.20900000E+02  0.12336452E-21  0.25661539E-38
  0.21000000E+02  0.12245851E-21  0.26103184E-38
  0.21100000E+02  0.12156160E-21  0.25715684E-38
  0.21200000E+02  0.12067367E-21  0.25966005E-38
  0.21300000E+02  0.11979462E-21  0.25362098E-38
  0.21400000E+02  0.11892435E-21  0.25145494E-38
  0.21500000E+02  0.11806275E-21  0.24373960E-38
  0.21600000E+02  0.11720971E-21  0.24902368E-38
  0.21700000E+02  0.11636513E-21  0.24235315E-38
  0.21800000E+02  0.11552892E-21  0.24904442E-38
  0.21900000E+02  0.11470096E-21  0.23454956E-38
  0.22000000E+02  0.11388117E-21  0.23330459E-38
  0.22100000E+02  0.11306945E-21  0.23904120E-38
  0.22200000E+02  0.11226570E-21  0.23403297E-38
  0.22300000E+02  0.11146982E-21  0.23169872E-38
  0.22400000E+02  0.11068173E-21  0.23304022E-38
  0.22500000E+02  0.10990133E-21  0.23358908E-38
  0.22600000E+02  0.10912853E-21  0.22793409E-38
  0.22700000E+02  0.10836324E-21  0.22741108E-38
  0.22800000E+02  0.10760537E-21  0.22378578E-38
  0.22900000E+02  0.10685483E-21  0.21938844E-38
  0.23000000E+02  0.10611155E-21  0.22358683E-38
  0.23100000E+02  0.10537542E-21  0.22342517E-38
  0.23200000E+02  0.10464638E-21  0.21912158E-38
  0.23300000E+02  0.10392433E-21  0.22085981E-38
  0.23400000E+02  0.10320920E-21  0.21477130E-38
  0.23500000E+02  0.10250090E-21  0.21446860E-38
  0.23600000E+02  0.10179935E-21  0.20260217E-38
  0.23700000E+02  0.10110448E-21  0.21233404E-38
  0.23800000E+02  0.10041621E-21  0.20476880E-38
  0.23900000E+02  0.99734454E-22  0.20609946E-38
  0.24000000E+02  0.99059147E-22  0.21108069E-38
  0.24100000E+02  0.98390211E-22  0.20141739E-38
  0.24200000E+02  0.97727571E-22  0.19930501E-38
  0.24300000E+02  0.97071156E-22  0.20226905E-38
  0.24400000E+02  0.96420893E-22  0.20144945E-38
  0.24500000E+02  0.95776712E-22  0.19908392E-38
  0.24600000E+02  0.95138543E-22  0.19416195E-38
  0.24700000E+02  0.94506316E-22  0.19695955E-38
  0.24800000E+02  0.93879964E-22  0.19395073E-38
  0.24900000E+02  0.93259419E-22  0.18993158E-38
  0.25000000E+02  0.92644615E-22  0.18934335E-38
  0.25100000E+02  0.92035487E-22  0.18764935E-38
  0.25200000E+02  0.91431969E-22  0.19093186E-38
  0.25300000E+02  0.90833998E-22  0.18718591E-38
  0.25400000E+02  0.90241512E-22  0.18287585E-38
  0.25500000E+02  0.89654447E-22  0.18049025E-38
  0.25600000E+02  0.89072743E-22  0.18365042E-38
  0.25700000E+02  0.88496338E-22  0.18059577E-38
  0.25800000E+02  0.87925174E-22  0.17963167E-38
  0.25900000E+02  0.87359191E-22  0.18192575E-38
  0.26000000E+02  0.86798331E-22  0.17761473E-38
  0.26100000E+02  0.86242535E-22  0.17495199E-38
  0.26200000E+02  0.85691749E-22  0.17395759E-38
  0.26300000E+02  0.85145914E-22  0.17065406E-38
  0.26400000E+02  0.84604977E-22  0.17072474E-38
  0.26500000E+02  0.84068883E-22  0.17374249E-38
  0.26600000E+02  0.83537577E-22  0.17362424E-38
  0.26700000E+02  0.83011006E-22  0.16733001E-38
  0.26800000E+02  0.82489118E-22  0.16701152E-38
  0.26900000E+02  0.81971861E-22  0.16483822E-38
  0.27000000E+02  0.81459183E-22  0.16590958E-38
  0.27100000E+02  0.80951035E-22  0.16581812E-38
  0.27200000E+02  0.80447366E-22  0.16031806E-38
  0.27300000E+02  0.79948127E-22  0.16319321E-38
  0.27400000E+02  0.79453269E-22  0.16263464E-38
  0.27500000E+02  0.78962745E-22  0.16298053E-38
  0.27600000E+02  0.78476506E-22  0.15961365E-38
  0.27700000E+02  0.77994506E-22  0.15885553E-38
  0.27800000E+02  0.77516699E-22  0.15535214E-38
  0.27900000E+02  0.77043040E-22  0.15445558E-38
  0.28000000E+02  0.76573482E-22  0.15274805E-38
  0.28100000E+02  0.76107981E-22  0.15243218E-38
  0.28200000E+02  0.75646495E-22  0.15192945E-38
  0.28300000E+02  0.75188978E-22  0.14922807E-38
  0.28400000E+02  0.74735389E-22  0.15145473E-38
  0.28500000E+02  0.74285685E-22  0.15004751E-38
  0.28600000E+02  0.73839824E-22  0.14780191E-38
  0.28700000E+02  0.73397765E-22  0.14901102E-38
  0.28800000E+02  0.72959467E-22  0.14556848E-38
  0.28900000E+02  0.72524891E-22  0.14665021E-38
  0.29000000E+02  0.72093995E-22  0.14564364E-38
  0.29100000E+02  0.71666742E-22  0.14624271E-38
  0.29200000E+02  0.71243092E-22  0.14380670E-38
  0.29300000E+02  0.70823008E-22  0.14443650E-38
  0.29400000E+02  0.70406450E-22  0.14069724E-38
  0.29500000E+02  0.69993383E-22  0.13768896E-38
  0.29600000E+02  0.69583768E-22  0.14363110E-38
  0.29700000E+02  0.69177571E-22  0.13812609E-38
  0.29800000E+02  0.68774754E-22  0.13812333E-38
  0.29900000E+02  0.68375282E-22  0.13662089E-38
  0.30000000E+02  0.67979121E-22  0.13422824E-38
  0.30100000E+02  0.67586235E-22  0.13250262E-38
  0.30200000E+02  0.67196591E-22  0.13507441E-38
  0.30300000E+02  0.66810154E-22  0.13113420E-38
  0.30400000E+02  0.66426891E-22  0.13058129E-38
  0.30500000E+02  0.66046770E-22  0.13420094E-38
  0.30600000E+02  0.65669757E-22  0.13123746E-38
  0.30700000E+02  0.65295821E-22  0.13191520E-38
  0.30800000E+02  0.64924929E-22  0.12772750E-38
  0.30900000E+02  0.64557051E-22  0.12917151E-38
  0.31000000E+02  0.64192155E-22  0.12883119E-38
  0.31100000E+02  0.63830211E-22  0.12934747E-38
  0.31200000E+02  0.63471188E-22  0.12882836E-38
  0.31300000E+02  0.63115057E-22  0.12442773E-38
  0.31400000E+02  0.62761787E-22  0.12697300E-38
  0.31500000E+02  0.62411351E-22  0.12386272E-38
  0.31600000E+02  0.62063718E-22  0.12702320E-38
  0.31700000E+02  0.61718861E-22  0.12044607E-38
  0.31800000E+02  0.61376751E-22  0.11787203E-38
  0.31900000E+02  0.61037361E-22  0.12425304E-38
  0.32000000E+02  0.60700663E-22  0.12247077E-38
  0.32100000E+02  0.60366630E-22  0.11864528E-38
  0.32200000E+02  0.60035235E-22  0.11944429E-38
  0.32300000E+02  0.59706452E-22  0.12002759E-38
  0.32400000E+02  0.59380254E-22  0.11791556E-38
  0.32500000E+02  0.59056616E-22  0.11941439E-38
  0.32600000E+02  0.58735512E-22  0.11651823E-38
  0.32700000E+02  0.58416916E-22  0.11471896E-38
  0.32800000E+02  0.58100805E-22  0.11594748E-38
  0.32900000E+02  0.57787152E-22  0.11694807E-38
  0.33000000E+02  0.57475935E-22  0.11627611E-38
  0.33100000E+02  0.57167128E-22  0.11446443E-38
  0.33200000E+02  0.56860707E-22  0.11274492E-38
  0.33300000E+02  0.56556651E-22  0.11168717E-38
  0.33400000E+02  0.56254934E-22  0.11019025E-38
  0.33500000E+02  0.55955534E-22  0.11226100E-38
  0.33600000E+02  0.55658429E-22  0.10870811E-38
  0.33700000E+02  0.55363596E-22  0.11003745E-38
  0.33800000E+02  0.55071013E-22  0.10889875E-38
  0.33900000E+02  0.54780657E-22  0.11102611E-38
  0.34000000E+02  0.54492508E-22  0.10789044E-38
  0.34100000E+02  0.54206543E-22  0.10672793E-38
  0.34200000E+02  0.53922742E-22  0.10494753E-38
  0.34300000E+02  0.53641084E-22  0.10446961E-38
  0.34400000E+02  0.53361548E-22  0.10474035E-38
  0.34500000E+02  0.53084113E-22  0.10490584E-38
  0.34600000E+02  0.52808760E-22  0.10430358E-38
  0.34700000E+02  0.52535468E-22  0.10508800E-38
  0.34800000E+02  0.52264217E-22  0.10096819E-38
  0.34900000E+02  0.51994989E-22  0.10070782E-38
  0.35000000E+02  0.51727763E-22  0.10238149E-38
  0.35100000E+02  0.51462522E-22  0.10044211E-38
  0.35200000E+02  0.51199245E-22  0.10033186E-38
  0.35300000E+02  0.50937914E-22  0.10072194E-38
  0.35400000E+02  0.50678511E-22  0.98022938E-39
  0.35500000E+02  0.50421017E-22  0.10032059E-38
  0.35600000E+02  0.50165415E-22  0.97365915E-39
  0.35700000E+02  0.49911687E-22  0.95114807E-39
  0.35800000E+02  0.49659814E-22  0.95993657E-39
  0.35900000E+02  0.49409781E-22  0.97544037E-39
  0.36000000E+02  0.49161569E-22  0.95901722E-39
  0.36100000E+02  0.48915161E-22  0.95593417E-39
  0.36200000E+02  0.48670540E-22  0.96148051E-39
  0.36300000E+02  0.48427691E-22  0.92705362E-39
  0.36400000E+02  0.48186596E-22  0.94176332E-39
  0.36500000E+02  0.47947239E-22  0.93568925E-39
  0.36600000E+02  0.47709604E-22  0.93586477E-39
  0.36700000E+02  0.47473676E-22  0.93047816E-39
  0.36800000E+02  0.47239438E-22  0.92426305E-39
  0.36900000E+02  0.47006874E-22  0.91351412E-39
  0.37000000E+02  0.46775970E-22  0.90006063E-39
  0.37100000E+02  0.46546710E-22  0.92707367E-39
  0.37200000E+02  0.46319080E-22  0.90787583E-39
  0.37300000E+02  0.46093063E-22  0.90272449E-39
  0.37400000E+02  0.45868647E-22  0.88063945E-39
  0.37500000E+02  0.45645815E-22  0.87324640E-39
  0.37600000E+02  0.45424553E-22  0.87846796E-39
  0.37700000E+02  0.45204848E-22  0.86428519E-39
  0.37800000E+02  0.44986685E-22  0.88801523E-39
  0.37900000E+02  0.44770051E-22  0.88552308E-39
  0.38000000E+02  0.44554931E-22  0.87537065E-39
  0.38100000E+02  0.44341311E-22  0.88214188E-39
  0.38200000E+02  0.44129179E-22  0.86709323E-39
  0.38300000E+02  0.43918521E-22  0.83251103E-39
  0.38400000E+02  0.43709324E-22  0.85292007E-39
  0.38500000E+02  0.43501575E-22  0.84137704E-39
  0.38600000E+02  0.43295260E-22  0.85021609E-39
  0.38700000E+02  0.43090367E-22  0.83038088E-39
  0.38800000E+02  0.42886884E-22  0.85064070E-39
  0.38900000E+02  0.42684797E-22  0.82727843E-39
  0.39000000E+02  0.42484095E-22  0.82279562E-39
  0.39100000E+02  0.42284766E-22  0.82360151E-39
  0.39200000E+02  0.42086796E-22  0.82501953E-39
  0.39300000E+02  0.41890175E-22  0.81423682E-39
  0.39400000E+02  0.41694890E-22  0.80861077E-39
  0.39500000E+02  0.41500930E-22  0.81291768E-39
  0.39600000E+02  0.41308282E-22  0.80486238E-39
  0.39700000E+02  0.41116936E-22  0.80726056E-39
  0.39800000E+02  0.40926880E-22  0.80698410E-39
  0.39900000E+02  0.40738103E-22  0.79539342E-39
  0.40000000E+02  0.40550594E-22  0.78554944E-39
