  0.00000000E+00  0.57632955E-23  0.43710030E-37
  0.10000000E+00  0.57505237E-23  0.43667211E-37
  0.20000000E+00  0.57122658E-23  0.43742104E-37
  0.30000000E+00  0.56486945E-23  0.43439928E-37
  0.40000000E+00  0.55600953E-23  0.43437096E-37
  0.50000000E+00  0.54468641E-23  0.43222547E-37
  0.60000000E+00  0.53095037E-23  0.43075112E-37
  0.70000000E+00  0.51486182E-23  0.42934614E-37
  0.80000000E+00  0.49649081E-23  0.42745568E-37
  0.90000000E+00  0.47591637E-23  0.42413327E-37
  0.10000000E+01  0.45322575E-23  0.42100388E-37
  0.11000000E+01  0.42851370E-23  0.41854878E-37
  0.12000000E+01  0.40188162E-23  0.41488592E-37
  0.13000000E+01  0.37343673E-23  0.41153627E-37
  0.14000000E+01  0.34329116E-23  0.40844921E-37
  0.15000000E+01  0.31156111E-23  0.40363235E-37
  0.16000000E+01  0.27836596E-23  0.39965445E-37
  0.17000000E+01  0.24382736E-23  0.39536665E-37
  0.18000000E+01  0.20806845E-23  0.39055040E-37
  0.19000000E+01  0.17121300E-23  0.38594135E-37
  0.20000000E+01  0.13338462E-23  0.38012647E-37
  0.21000000E+01  0.94706094E-24  0.37610993E-37
  0.22000000E+01  0.55298648E-24  0.37129127E-37
  0.23000000E+01  0.15281341E-24  0.36554925E-37
  0.24000000E+01 -0.25229496E-24  0.36047362E-37
  0.25000000E+01 -0.66120772E-24  0.35500453E-37
  0.26000000E+01 -0.10728308E-23  0.34959826E-37
  0.27000000E+01 -0.14861107E-23  0.34462342E-37
  0.28000000E+01 -0.19000379E-23  0.33916980E-37
  0.29000000E+01 -0.23136496E-23  0.33371446E-37
  0.30000000E+01 -0.27260315E-23  0.32737870E-37
  0.31000000E+01 -0.31363197E-23  0.32199080E-37
  0.32000000E+01 -0.35437016E-23  0.31636880E-37
  0.33000000E+01 -0.39474169E-23  0.31157059E-37
  0.34000000E+01 -0.43467573E-23  0.30522560E-37
  0.35000000E+01 -0.47410667E-23  0.30002177E-37
  0.36000000E+01 -0.51297406E-23  0.29374878E-37
  0.37000000E+01 -0.55122251E-23  0.28942926E-37
  0.38000000E+01 -0.58880164E-23  0.28414530E-37
  0.39000000E+01 -0.62566588E-23  0.27885765E-37
  0.40000000E+01 -0.66177436E-23  0.27305807E-37
  0.41000000E+01 -0.69709073E-23  0.26802509E-37
  0.42000000E+01 -0.73158301E-23  0.26293660E-37
  0.43000000E+01 -0.76522335E-23  0.25722662E-37
  0.44000000E+01 -0.79798788E-23  0.25234269E-37
  0.45000000E+01 -0.82985648E-23  0.24820930E-37
  0.46000000E+01 -0.86081260E-23  0.24270914E-37
  0.47000000E+01 -0.89084304E-23  0.23851279E-37
  0.48000000E+01 -0.91993773E-23  0.23328169E-37
  0.49000000E+01 -0.94808957E-23  0.22828089E-37
  0.50000000E+01 -0.97529418E-23  0.22357136E-37
  0.51000000E+01 -0.10015497E-22  0.21968707E-37
  0.52000000E+01 -0.10268568E-22  0.21473739E-37
  0.53000000E+01 -0.10512181E-22  0.21042423E-37
  0.54000000E+01 -0.10746383E-22  0.20654672E-37
  0.55000000E+01 -0.10971239E-22  0.20225410E-37
  0.56000000E+01 -0.11186833E-22  0.19831502E-37
  0.57000000E+01 -0.11393260E-22  0.19355329E-37
  0.58000000E+01 -0.11590632E-22  0.18961909E-37
  0.59000000E+01 -0.11779072E-22  0.18594397E-37
  0.60000000E+01 -0.11958714E-22  0.18225139E-37
  0.61000000E+01 -0.12129701E-22  0.17867589E-37
  0.62000000E+01 -0.12292185E-22  0.17482220E-37
  0.63000000E+01 -0.12446327E-22  0.17067165E-37
  0.64000000E+01 -0.12592290E-22  0.16862652E-37
  0.65000000E+01 -0.12730248E-22  0.16404881E-37
  0.66000000E+01 -0.12860375E-22  0.16038432E-37
  0.67000000E+01 -0.12982852E-22  0.15761933E-37
  0.68000000E+01 -0.13097860E-22  0.15452061E-37
  0.69000000E+01 -0.13205584E-22  0.15140910E-37
  0.70000000E+01 -0.13306210E-22  0.14798504E-37
  0.71000000E+01 -0.13399925E-22  0.14527315E-37
  0.72000000E+01 -0.13486918E-22  0.14191211E-37
  0.73000000E+01 -0.13567376E-22  0.13931242E-37
  0.74000000E+01 -0.13641485E-22  0.13695742E-37
  0.75000000E+01 -0.13709433E-22  0.13484445E-37
  0.76000000E+01 -0.13771404E-22  0.13147463E-37
  0.77000000E+01 -0.13827581E-22  0.12858773E-37
  0.78000000E+01 -0.13878146E-22  0.12699203E-37
  0.79000000E+01 -0.13923279E-22  0.12360243E-37
  0.80000000E+01 -0.13963156E-22  0.12201850E-37
  0.81000000E+01 -0.13997951E-22  0.11898433E-37
  0.82000000E+01 -0.14027837E-22  0.11643534E-37
  0.83000000E+01 -0.14052981E-22  0.11445221E-37
  0.84000000E+01 -0.14073550E-22  0.11234916E-37
  0.85000000E+01 -0.14089705E-22  0.10975440E-37
  0.86000000E+01 -0.14101606E-22  0.10830896E-37
  0.87000000E+01 -0.14109409E-22  0.10552128E-37
  0.88000000E+01 -0.14113265E-22  0.10368384E-37
  0.89000000E+01 -0.14113324E-22  0.10191285E-37
  0.90000000E+01 -0.14109730E-22  0.99992709E-38
  0.91000000E+01 -0.14102627E-22  0.98449000E-38
  0.92000000E+01 -0.14092151E-22  0.96306773E-38
  0.93000000E+01 -0.14078438E-22  0.94033264E-38
  0.94000000E+01 -0.14061619E-22  0.93015702E-38
  0.95000000E+01 -0.14041821E-22  0.91306724E-38
  0.96000000E+01 -0.14019169E-22  0.89588518E-38
  0.97000000E+01 -0.13993784E-22  0.87292146E-38
  0.98000000E+01 -0.13965782E-22  0.85812019E-38
  0.99000000E+01 -0.13935277E-22  0.84823186E-38
  0.10000000E+02 -0.13902380E-22  0.83435034E-38
  0.10100000E+02 -0.13867199E-22  0.81789546E-38
  0.10200000E+02 -0.13829836E-22  0.79564210E-38
  0.10300000E+02 -0.13790394E-22  0.78933302E-38
  0.10400000E+02 -0.13748969E-22  0.77669701E-38
  0.10500000E+02 -0.13705655E-22  0.76026808E-38
  0.10600000E+02 -0.13660546E-22  0.74671365E-38
  0.10700000E+02 -0.13613728E-22  0.73405849E-38
  0.10800000E+02 -0.13565288E-22  0.72480964E-38
  0.10900000E+02 -0.13515308E-22  0.71406136E-38
  0.11000000E+02 -0.13463868E-22  0.69930426E-38
  0.11100000E+02 -0.13411047E-22  0.68513063E-38
  0.11200000E+02 -0.13356917E-22  0.67588769E-38
  0.11300000E+02 -0.13301553E-22  0.66191675E-38
  0.11400000E+02 -0.13245022E-22  0.65477675E-38
  0.11500000E+02 -0.13187393E-22  0.63740909E-38
  0.11600000E+02 -0.13128730E-22  0.63133936E-38
  0.11700000E+02 -0.13069096E-22  0.62053637E-38
  0.11800000E+02 -0.13008551E-22  0.60792406E-38
  0.11900000E+02 -0.12947153E-22  0.59900265E-38
  0.12000000E+02 -0.12884957E-22  0.58894029E-38
  0.12100000E+02 -0.12822019E-22  0.58323235E-38
  0.12200000E+02 -0.12758389E-22  0.56801471E-38
  0.12300000E+02 -0.12694117E-22  0.56049006E-38
  0.12400000E+02 -0.12629252E-22  0.55365330E-38
  0.12500000E+02 -0.12563840E-22  0.54634114E-38
  0.12600000E+02 -0.12497926E-22  0.53434639E-38
  0.12700000E+02 -0.12431551E-22  0.52503984E-38
  0.12800000E+02 -0.12364757E-22  0.52281227E-38
  0.12900000E+02 -0.12297584E-22  0.51401928E-38
  0.13000000E+02 -0.12230069E-22  0.50727097E-38
  0.13100000E+02 -0.12162249E-22  0.49371281E-38
  0.13200000E+02 -0.12094159E-22  0.48818513E-38
  0.13300000E+02 -0.12025832E-22  0.48081303E-38
  0.13400000E+02 -0.11957301E-22  0.47368543E-38
  0.13500000E+02 -0.11888595E-22  0.46743897E-38
  0.13600000E+02 -0.11819746E-22  0.46027958E-38
  0.13700000E+02 -0.11750780E-22  0.45189578E-38
  0.13800000E+02 -0.11681726E-22  0.44669937E-38
  0.13900000E+02 -0.11612609E-22  0.44128185E-38
  0.14000000E+02 -0.11543454E-22  0.43172391E-38
  0.14100000E+02 -0.11474285E-22  0.42542408E-38
  0.14200000E+02 -0.11405124E-22  0.41759029E-38
  0.14300000E+02 -0.11335993E-22  0.41459848E-38
  0.14400000E+02 -0.11266914E-22  0.40915116E-38
  0.14500000E+02 -0.11197905E-22  0.40258954E-38
  0.14600000E+02 -0.11128986E-22  0.39196391E-38
  0.14700000E+02 -0.11060176E-22  0.39088416E-38
  0.14800000E+02 -0.10991490E-22  0.38627344E-38
  0.14900000E+02 -0.10922946E-22  0.38120433E-38
  0.15000000E+02 -0.10854559E-22  0.37426317E-38
  0.15100000E+02 -0.10786344E-22  0.37285918E-38
  0.15200000E+02 -0.10718316E-22  0.36581153E-38
  0.15300000E+02 -0.10650487E-22  0.35936884E-38
  0.15400000E+02 -0.10582871E-22  0.35627942E-38
  0.15500000E+02 -0.10515480E-22  0.35013538E-38
  0.15600000E+02 -0.10448325E-22  0.34632270E-38
  0.15700000E+02 -0.10381417E-22  0.34085055E-38
  0.15800000E+02 -0.10314767E-22  0.33847197E-38
  0.15900000E+02 -0.10248385E-22  0.33159435E-38
  0.16000000E+02 -0.10182279E-22  0.33068407E-38
  0.16100000E+02 -0.10116459E-22  0.32638966E-38
  0.16200000E+02 -0.10050933E-22  0.32026922E-38
  0.16300000E+02 -0.99857078E-23  0.31567990E-38
  0.16400000E+02 -0.99207920E-23  0.31097934E-38
  0.16500000E+02 -0.98561920E-23  0.30612173E-38
  0.16600000E+02 -0.97919144E-23  0.30527688E-38
  0.16700000E+02 -0.97279652E-23  0.29946232E-38
  0.16800000E+02 -0.96643501E-23  0.29589763E-38
  0.16900000E+02 -0.96010745E-23  0.29451589E-38
  0.17000000E+02 -0.95381433E-23  0.29330240E-38
  0.17100000E+02 -0.94755610E-23  0.28504126E-38
  0.17200000E+02 -0.94133321E-23  0.28413566E-38
  0.17300000E+02 -0.93514604E-23  0.27827837E-38
  0.17400000E+02 -0.92899496E-23  0.27540879E-38
  0.17500000E+02 -0.92288031E-23  0.27285147E-38
  0.17600000E+02 -0.91680239E-23  0.26728600E-38
  0.17700000E+02 -0.91076149E-23  0.26554642E-38
  0.17800000E+02 -0.90475786E-23  0.26324055E-38
  0.17900000E+02 -0.89879174E-23  0.26097412E-38
  0.18000000E+02 -0.89286332E-23  0.25640076E-38
  0.18100000E+02 -0.88697280E-23  0.25266845E-38
  0.18200000E+02 -0.88112033E-23  0.25127298E-38
  0.18300000E+02 -0.87530607E-23  0.24765956E-38
  0.18400000E+02 -0.86953012E-23  0.24417233E-38
  0.18500000E+02 -0.86379259E-23  0.24075530E-38
  0.18600000E+02 -0.85809357E-23  0.23849989E-38
  0.18700000E+02 -0.85243312E-23  0.23596740E-38
  0.18800000E+02 -0.84681130E-23  0.23138221E-38
  0.18900000E+02 -0.84122813E-23  0.23175719E-38
  0.19000000E+02 -0.83568364E-23  0.22838891E-38
  0.19100000E+02 -0.83017783E-23  0.22601592E-38
  0.19200000E+02 -0.82471069E-23  0.22567364E-38
  0.19300000E+02 -0.81928220E-23  0.21970424E-38
  0.19400000E+02 -0.81389232E-23  0.21699972E-38
  0.19500000E+02 -0.80854100E-23  0.21496108E-38
  0.19600000E+02 -0.80322819E-23  0.21440984E-38
  0.19700000E+02 -0.79795381E-23  0.21077040E-38
  0.19800000E+02 -0.79271779E-23  0.20853269E-38
  0.19900000E+02 -0.78752003E-23  0.20693870E-38
  0.20000000E+02 -0.78236043E-23  0.20611336E-38
  0.20100000E+02 -0.77723889E-23  0.20136747E-38
  0.20200000E+02 -0.77215529E-23  0.20168419E-38
  0.20300000E+02 -0.76710950E-23  0.19926423E-38
  0.20400000E+02 -0.76210139E-23  0.19751706E-38
  0.20500000E+02 -0.75713082E-23  0.19385248E-38
  0.20600000E+02 -0.75219763E-23  0.19264376E-38
  0.20700000E+02 -0.74730169E-23  0.18916509E-38
  0.20800000E+02 -0.74244282E-23  0.18583886E-38
  0.20900000E+02 -0.73762086E-23  0.18651892E-38
  0.21000000E+02 -0.73283564E-23  0.18631183E-38
  0.21100000E+02 -0.72808699E-23  0.18216082E-38
  0.21200000E+02 -0.72337471E-23  0.18078213E-38
  0.21300000E+02 -0.71869863E-23  0.17968274E-38
  0.21400000E+02 -0.71405856E-23  0.17604878E-38
  0.21500000E+02 -0.70945430E-23  0.17395787E-38
  0.21600000E+02 -0.70488565E-23  0.17299223E-38
  0.21700000E+02 -0.70035242E-23  0.17008091E-38
  0.21800000E+02 -0.69585439E-23  0.16982955E-38
  0.21900000E+02 -0.69139135E-23  0.16725625E-38
  0.22000000E+02 -0.68696311E-23  0.16511259E-38
  0.22100000E+02 -0.68256944E-23  0.16722173E-38
  0.22200000E+02 -0.67821013E-23  0.16268563E-38
  0.22300000E+02 -0.67388496E-23  0.16448401E-38
  0.22400000E+02 -0.66959371E-23  0.16185348E-38
  0.22500000E+02 -0.66533615E-23  0.15845339E-38
  0.22600000E+02 -0.66111208E-23  0.15833532E-38
  0.22700000E+02 -0.65692125E-23  0.15783923E-38
  0.22800000E+02 -0.65276344E-23  0.15543871E-38
  0.22900000E+02 -0.64863843E-23  0.15261472E-38
  0.23000000E+02 -0.64454598E-23  0.15216298E-38
  0.23100000E+02 -0.64048587E-23  0.15025161E-38
  0.23200000E+02 -0.63645786E-23  0.14924831E-38
  0.23300000E+02 -0.63246173E-23  0.14820489E-38
  0.23400000E+02 -0.62849723E-23  0.14666243E-38
  0.23500000E+02 -0.62456415E-23  0.14429413E-38
  0.23600000E+02 -0.62066224E-23  0.14419338E-38
  0.23700000E+02 -0.61679127E-23  0.14359400E-38
  0.23800000E+02 -0.61295102E-23  0.14132966E-38
  0.23900000E+02 -0.60914123E-23  0.14024072E-38
  0.24000000E+02 -0.60536169E-23  0.13846912E-38
  0.24100000E+02 -0.60161216E-23  0.13612227E-38
  0.24200000E+02 -0.59789241E-23  0.13695237E-38
  0.24300000E+02 -0.59420220E-23  0.13499055E-38
  0.24400000E+02 -0.59054130E-23  0.13314875E-38
  0.24500000E+02 -0.58690947E-23  0.13271268E-38
  0.24600000E+02 -0.58330650E-23  0.13109574E-38
  0.24700000E+02 -0.57973214E-23  0.12848619E-38
  0.24800000E+02 -0.57618617E-23  0.13038278E-38
  0.24900000E+02 -0.57266835E-23  0.12904229E-38
  0.25000000E+02 -0.56917846E-23  0.12529950E-38
  0.25100000E+02 -0.56571628E-23  0.12496951E-38
  0.25200000E+02 -0.56228156E-23  0.12553575E-38
  0.25300000E+02 -0.55887409E-23  0.12488394E-38
  0.25400000E+02 -0.55549364E-23  0.12269894E-38
  0.25500000E+02 -0.55213998E-23  0.12167670E-38
  0.25600000E+02 -0.54881290E-23  0.12155152E-38
  0.25700000E+02 -0.54551216E-23  0.11945005E-38
  0.25800000E+02 -0.54223756E-23  0.11983800E-38
  0.25900000E+02 -0.53898886E-23  0.11836517E-38
  0.26000000E+02 -0.53576586E-23  0.11663705E-38
  0.26100000E+02 -0.53256832E-23  0.11569365E-38
  0.26200000E+02 -0.52939604E-23  0.11497308E-38
  0.26300000E+02 -0.52624879E-23  0.11316660E-38
  0.26400000E+02 -0.52312637E-23  0.11319606E-38
  0.26500000E+02 -0.52002857E-23  0.11335019E-38
  0.26600000E+02 -0.51695516E-23  0.11035184E-38
  0.26700000E+02 -0.51390594E-23  0.10910257E-38
  0.26800000E+02 -0.51088071E-23  0.11057025E-38
  0.26900000E+02 -0.50787924E-23  0.10917085E-38
  0.27000000E+02 -0.50490135E-23  0.10845440E-38
  0.27100000E+02 -0.50194681E-23  0.10702320E-38
  0.27200000E+02 -0.49901544E-23  0.10469894E-38
  0.27300000E+02 -0.49610702E-23  0.10524207E-38
  0.27400000E+02 -0.49322135E-23  0.10434219E-38
  0.27500000E+02 -0.49035824E-23  0.10322920E-38
  0.27600000E+02 -0.48751749E-23  0.10334158E-38
  0.27700000E+02 -0.48469891E-23  0.10201507E-38
  0.27800000E+02 -0.48190229E-23  0.10135803E-38
  0.27900000E+02 -0.47912744E-23  0.10044613E-38
  0.28000000E+02 -0.47637418E-23  0.98388716E-39
  0.28100000E+02 -0.47364231E-23  0.98059651E-39
  0.28200000E+02 -0.47093164E-23  0.97782381E-39
  0.28300000E+02 -0.46824198E-23  0.97581148E-39
  0.28400000E+02 -0.46557316E-23  0.96311154E-39
  0.28500000E+02 -0.46292497E-23  0.95710793E-39
  0.28600000E+02 -0.46029725E-23  0.95268572E-39
  0.28700000E+02 -0.45768981E-23  0.94471373E-39
  0.28800000E+02 -0.45510247E-23  0.94516548E-39
  0.28900000E+02 -0.45253505E-23  0.93410985E-39
  0.29000000E+02 -0.44998737E-23  0.92235341E-39
  0.29100000E+02 -0.44745926E-23  0.91953779E-39
  0.29200000E+02 -0.44495055E-23  0.90049828E-39
  0.29300000E+02 -0.44246105E-23  0.91274892E-39
  0.29400000E+02 -0.43999061E-23  0.89494230E-39
  0.29500000E+02 -0.43753904E-23  0.89575756E-39
  0.29600000E+02 -0.43510618E-23  0.88928588E-39
  0.29700000E+02 -0.43269187E-23  0.88399608E-39
  0.29800000E+02 -0.43029594E-23  0.87583212E-39
  0.29900000E+02 -0.42791822E-23  0.86764379E-39
  0.30000000E+02 -0.42555856E-23  0.86197253E-39
  0.30100000E+02 -0.42321679E-23  0.85367955E-39
  0.30200000E+02 -0.42089274E-23  0.85197504E-39
  0.30300000E+02 -0.41858627E-23  0.84043227E-39
  0.30400000E+02 -0.41629722E-23  0.83766456E-39
  0.30500000E+02 -0.41402543E-23  0.82723963E-39
  0.30600000E+02 -0.41177074E-23  0.82708868E-39
  0.30700000E+02 -0.40953300E-23  0.82313009E-39
  0.30800000E+02 -0.40731207E-23  0.82450549E-39
  0.30900000E+02 -0.40510779E-23  0.81067633E-39
  0.31000000E+02 -0.40292002E-23  0.79224870E-39
  0.31100000E+02 -0.40074860E-23  0.79776561E-39
  0.31200000E+02 -0.39859339E-23  0.78267310E-39
  0.31300000E+02 -0.39645425E-23  0.78620780E-39
  0.31400000E+02 -0.39433103E-23  0.78588079E-39
  0.31500000E+02 -0.39222359E-23  0.77615155E-39
  0.31600000E+02 -0.39013180E-23  0.77291952E-39
  0.31700000E+02 -0.38805550E-23  0.77109402E-39
  0.31800000E+02 -0.38599457E-23  0.75597080E-39
  0.31900000E+02 -0.38394886E-23  0.75547683E-39
  0.32000000E+02 -0.38191824E-23  0.75634990E-39
  0.32100000E+02 -0.37990259E-23  0.75145739E-39
  0.32200000E+02 -0.37790175E-23  0.73225659E-39
  0.32300000E+02 -0.37591561E-23  0.73341847E-39
  0.32400000E+02 -0.37394403E-23  0.73019339E-39
  0.32500000E+02 -0.37198688E-23  0.71547184E-39
  0.32600000E+02 -0.37004404E-23  0.73656458E-39
  0.32700000E+02 -0.36811538E-23  0.71838596E-39
  0.32800000E+02 -0.36620077E-23  0.71713657E-39
  0.32900000E+02 -0.36430008E-23  0.70383412E-39
  0.33000000E+02 -0.36241321E-23  0.70311201E-39
  0.33100000E+02 -0.36054001E-23  0.69379967E-39
  0.33200000E+02 -0.35868038E-23  0.69489816E-39
  0.33300000E+02 -0.35683420E-23  0.69261062E-39
  0.33400000E+02 -0.35500133E-23  0.68931306E-39
  0.33500000E+02 -0.35318168E-23  0.68662495E-39
  0.33600000E+02 -0.35137511E-23  0.68187595E-39
  0.33700000E+02 -0.34958153E-23  0.68190260E-39
  0.33800000E+02 -0.34780080E-23  0.67250572E-39
  0.33900000E+02 -0.34603282E-23  0.65894203E-39
  0.34000000E+02 -0.34427748E-23  0.66719320E-39
  0.34100000E+02 -0.34253467E-23  0.65309701E-39
  0.34200000E+02 -0.34080427E-23  0.65457024E-39
  0.34300000E+02 -0.33908618E-23  0.64860159E-39
  0.34400000E+02 -0.33738029E-23  0.63810138E-39
  0.34500000E+02 -0.33568650E-23  0.64168933E-39
  0.34600000E+02 -0.33400470E-23  0.63837943E-39
  0.34700000E+02 -0.33233478E-23  0.63715058E-39
  0.34800000E+02 -0.33067664E-23  0.62802245E-39
  0.34900000E+02 -0.32903017E-23  0.62456715E-39
  0.35000000E+02 -0.32739529E-23  0.62118792E-39
  0.35100000E+02 -0.32577188E-23  0.62120018E-39
  0.35200000E+02 -0.32415985E-23  0.60975475E-39
  0.35300000E+02 -0.32255909E-23  0.61173517E-39
  0.35400000E+02 -0.32096952E-23  0.60541946E-39
  0.35500000E+02 -0.31939103E-23  0.60674494E-39
  0.35600000E+02 -0.31782353E-23  0.59518911E-39
  0.35700000E+02 -0.31626692E-23  0.59252219E-39
  0.35800000E+02 -0.31472112E-23  0.59640847E-39
  0.35900000E+02 -0.31318602E-23  0.58268529E-39
  0.36000000E+02 -0.31166153E-23  0.58799572E-39
  0.36100000E+02 -0.31014757E-23  0.58382023E-39
  0.36200000E+02 -0.30864404E-23  0.57441026E-39
  0.36300000E+02 -0.30715085E-23  0.57844737E-39
  0.36400000E+02 -0.30566792E-23  0.57305950E-39
  0.36500000E+02 -0.30419516E-23  0.56981278E-39
  0.36600000E+02 -0.30273248E-23  0.55930806E-39
  0.36700000E+02 -0.30127979E-23  0.56739378E-39
  0.36800000E+02 -0.29983702E-23  0.56197091E-39
  0.36900000E+02 -0.29840407E-23  0.55804833E-39
  0.37000000E+02 -0.29698086E-23  0.54755705E-39
  0.37100000E+02 -0.29556731E-23  0.55016279E-39
  0.37200000E+02 -0.29416334E-23  0.54784824E-39
  0.37300000E+02 -0.29276886E-23  0.54575942E-39
  0.37400000E+02 -0.29138380E-23  0.53868786E-39
  0.37500000E+02 -0.29000807E-23  0.53541232E-39
  0.37600000E+02 -0.28864161E-23  0.53848033E-39
  0.37700000E+02 -0.28728432E-23  0.52743566E-39
  0.37800000E+02 -0.28593614E-23  0.52476286E-39
  0.37900000E+02 -0.28459698E-23  0.52348411E-39
  0.38000000E+02 -0.28326677E-23  0.51885973E-39
  0.38100000E+02 -0.28194544E-23  0.51441937E-39
  0.38200000E+02 -0.28063291E-23  0.51935743E-39
  0.38300000E+02 -0.27932910E-23  0.51196370E-39
  0.38400000E+02 -0.27803395E-23  0.51298267E-39
  0.38500000E+02 -0.27674738E-23  0.51377108E-39
  0.38600000E+02 -0.27546932E-23  0.50986455E-39
  0.38700000E+02 -0.27419971E-23  0.50746605E-39
  0.38800000E+02 -0.27293846E-23  0.49952951E-39
  0.38900000E+02 -0.27168551E-23  0.50553150E-39
  0.39000000E+02 -0.27044079E-23  0.49444845E-39
  0.39100000E+02 -0.26920424E-23  0.48596673E-39
  0.39200000E+02 -0.26797578E-23  0.48553292E-39
  0.39300000E+02 -0.26675535E-23  0.48925322E-39
  0.39400000E+02 -0.26554289E-23  0.49019415E-39
  0.39500000E+02 -0.26433832E-23  0.48395380E-39
  0.39600000E+02 -0.26314158E-23  0.48674382E-39
  0.39700000E+02 -0.26195262E-23  0.47969760E-39
  0.39800000E+02 -0.26077135E-23  0.47689822E-39
  0.39900000E+02 -0.25959773E-23  0.47553910E-39
  0.40000000E+02 -0.25843169E-23  0.47193192E-39
