  0.00000000E+00 -0.16944306E-20 -0.29833009E-38
  0.10000000E+00 -0.16938520E-20 -0.27296124E-38
  0.20000000E+00 -0.16921187E-20 -0.27273431E-38
  0.30000000E+00 -0.16892381E-20 -0.24582543E-38
  0.40000000E+00 -0.16852226E-20 -0.27035939E-38
  0.50000000E+00 -0.16800891E-20 -0.25618604E-38
  0.60000000E+00 -0.16738594E-20 -0.22501744E-38
  0.70000000E+00 -0.16665592E-20 -0.24759811E-38
  0.80000000E+00 -0.16582185E-20 -0.23637867E-38
  0.90000000E+00 -0.16488711E-20 -0.27676028E-38
  0.10000000E+01 -0.16385540E-20 -0.24585509E-38
  0.11000000E+01 -0.16273073E-20 -0.22999542E-38
  0.12000000E+01 -0.16151737E-20 -0.23055583E-38
  0.13000000E+01 -0.16021982E-20 -0.22355394E-38
  0.14000000E+01 -0.15884277E-20 -0.26383297E-38
  0.15000000E+01 -0.15739104E-20 -0.25267552E-38
  0.16000000E+01 -0.15586958E-20 -0.20965304E-38
  0.17000000E+01 -0.15428340E-20 -0.21423033E-38
  0.18000000E+01 -0.15263752E-20 -0.21721027E-38
  0.19000000E+01 -0.15093699E-20 -0.23091959E-38
  0.20000000E+01 -0.14918682E-20 -0.22666181E-38
  0.21000000E+01 -0.14739195E-20 -0.19231113E-38
  0.22000000E+01 -0.14555724E-20 -0.20485541E-38
  0.23000000E+01 -0.14368744E-20 -0.24475524E-38
  0.24000000E+01 -0.14178717E-20 -0.24058717E-38
  0.25000000E+01 -0.13986087E-20 -0.19979934E-38
  0.26000000E+01 -0.13791287E-20 -0.22155550E-38
  0.27000000E+01 -0.13594728E-20 -0.21288735E-38
  0.28000000E+01 -0.13396803E-20 -0.22343773E-38
  0.29000000E+01 -0.13197887E-20 -0.20168771E-38
  0.30000000E+01 -0.12998335E-20 -0.21657703E-38
  0.31000000E+01 -0.12798480E-20 -0.22227343E-38
  0.32000000E+01 -0.12598636E-20 -0.22537612E-38
  0.33000000E+01 -0.12399097E-20 -0.20275020E-38
  0.34000000E+01 -0.12200137E-20 -0.20395565E-38
  0.35000000E+01 -0.12002008E-20 -0.22269414E-38
  0.36000000E+01 -0.11804947E-20 -0.19656638E-38
  0.37000000E+01 -0.11609167E-20 -0.19107417E-38
  0.38000000E+01 -0.11414867E-20 -0.22675124E-38
  0.39000000E+01 -0.11222227E-20 -0.22449469E-38
  0.40000000E+01 -0.11031410E-20 -0.19866162E-38
  0.41000000E+01 -0.10842563E-20 -0.20849512E-38
  0.42000000E+01 -0.10655819E-20 -0.21161035E-38
  0.43000000E+01 -0.10471294E-20 -0.20417562E-38
  0.44000000E+01 -0.10289093E-20 -0.21740688E-38
  0.45000000E+01 -0.10109306E-20 -0.21642244E-38
  0.46000000E+01 -0.99320133E-21 -0.22215703E-38
  0.47000000E+01 -0.97572814E-21 -0.20378667E-38
  0.48000000E+01 -0.95851677E-21 -0.21694065E-38
  0.49000000E+01 -0.94157194E-21 -0.23605375E-38
  0.50000000E+01 -0.92489747E-21 -0.21929131E-38
  0.51000000E+01 -0.90849632E-21 -0.22146095E-38
  0.52000000E+01 -0.89237069E-21 -0.23604585E-38
  0.53000000E+01 -0.87652205E-21 -0.24358154E-38
  0.54000000E+01 -0.86095122E-21 -0.23252151E-38
  0.55000000E+01 -0.84565842E-21 -0.23117540E-38
  0.56000000E+01 -0.83064332E-21 -0.22942248E-38
  0.57000000E+01 -0.81590508E-21 -0.25174216E-38
  0.58000000E+01 -0.80144244E-21 -0.24615813E-38
  0.59000000E+01 -0.78725370E-21 -0.24463026E-38
  0.60000000E+01 -0.77333682E-21 -0.23656904E-38
  0.61000000E+01 -0.75968940E-21 -0.24659671E-38
  0.62000000E+01 -0.74630879E-21 -0.25894714E-38
  0.63000000E+01 -0.73319206E-21 -0.24482680E-38
  0.64000000E+01 -0.72033603E-21 -0.26171408E-38
  0.65000000E+01 -0.70773737E-21 -0.27037538E-38
  0.66000000E+01 -0.69539253E-21 -0.26101033E-38
  0.67000000E+01 -0.68329783E-21 -0.25992248E-38
  0.68000000E+01 -0.67144948E-21 -0.27883792E-38
  0.69000000E+01 -0.65984356E-21 -0.26125840E-38
  0.70000000E+01 -0.64847606E-21 -0.26057205E-38
  0.71000000E+01 -0.63734292E-21 -0.26699872E-38
  0.72000000E+01 -0.62644002E-21 -0.25944393E-38
  0.73000000E+01 -0.61576318E-21 -0.27799966E-38
  0.74000000E+01 -0.60530823E-21 -0.28832213E-38
  0.75000000E+01 -0.59507094E-21 -0.27971564E-38
  0.76000000E+01 -0.58504710E-21 -0.26963771E-38
  0.77000000E+01 -0.57523251E-21 -0.27421236E-38
  0.78000000E+01 -0.56562296E-21 -0.28768441E-38
  0.79000000E+01 -0.55621429E-21 -0.28290962E-38
  0.80000000E+01 -0.54700235E-21 -0.29358123E-38
  0.81000000E+01 -0.53798302E-21 -0.29041749E-38
  0.82000000E+01 -0.52915222E-21 -0.28574687E-38
  0.83000000E+01 -0.52050594E-21 -0.28958297E-38
  0.84000000E+01 -0.51204017E-21 -0.28297021E-38
  0.85000000E+01 -0.50375100E-21 -0.28649607E-38
  0.86000000E+01 -0.49563454E-21 -0.29820509E-38
  0.87000000E+01 -0.48768698E-21 -0.29215853E-38
  0.88000000E+01 -0.47990456E-21 -0.29140810E-38
  0.89000000E+01 -0.47228359E-21 -0.29832240E-38
  0.90000000E+01 -0.46482042E-21 -0.30064247E-38
  0.91000000E+01 -0.45751150E-21 -0.29518738E-38
  0.92000000E+01 -0.45035331E-21 -0.28370383E-38
  0.93000000E+01 -0.44334243E-21 -0.31057101E-38
  0.94000000E+01 -0.43647548E-21 -0.28848075E-38
  0.95000000E+01 -0.42974916E-21 -0.29147924E-38
  0.96000000E+01 -0.42316024E-21 -0.29531568E-38
  0.97000000E+01 -0.41670555E-21 -0.30446926E-38
  0.98000000E+01 -0.41038199E-21 -0.28904131E-38
  0.99000000E+01 -0.40418653E-21 -0.29340821E-38
  0.10000000E+02 -0.39811620E-21 -0.30353536E-38
  0.10100000E+02 -0.39216810E-21 -0.29904303E-38
  0.10200000E+02 -0.38633939E-21 -0.30375350E-38
  0.10300000E+02 -0.38062731E-21 -0.29064240E-38
  0.10400000E+02 -0.37502913E-21 -0.29684016E-38
  0.10500000E+02 -0.36954223E-21 -0.28754862E-38
  0.10600000E+02 -0.36416401E-21 -0.29650316E-38
  0.10700000E+02 -0.35889195E-21 -0.29498098E-38
  0.10800000E+02 -0.35372360E-21 -0.29827161E-38
  0.10900000E+02 -0.34865653E-21 -0.29385814E-38
  0.11000000E+02 -0.34368842E-21 -0.29088665E-38
  0.11100000E+02 -0.33881697E-21 -0.29939572E-38
  0.11200000E+02 -0.33403994E-21 -0.28949814E-38
  0.11300000E+02 -0.32935516E-21 -0.29239952E-38
  0.11400000E+02 -0.32476050E-21 -0.29318277E-38
  0.11500000E+02 -0.32025388E-21 -0.29052338E-38
  0.11600000E+02 -0.31583329E-21 -0.29406209E-38
  0.11700000E+02 -0.31149674E-21 -0.28300756E-38
  0.11800000E+02 -0.30724232E-21 -0.28650353E-38
  0.11900000E+02 -0.30306815E-21 -0.28731920E-38
  0.12000000E+02 -0.29897240E-21 -0.28564713E-38
  0.12100000E+02 -0.29495329E-21 -0.28367106E-38
  0.12200000E+02 -0.29100907E-21 -0.29217397E-38
  0.12300000E+02 -0.28713805E-21 -0.28471030E-38
  0.12400000E+02 -0.28333858E-21 -0.27930007E-38
  0.12500000E+02 -0.27960904E-21 -0.27942696E-38
  0.12600000E+02 -0.27594786E-21 -0.27886361E-38
  0.12700000E+02 -0.27235351E-21 -0.28036067E-38
  0.12800000E+02 -0.26882450E-21 -0.27779811E-38
  0.12900000E+02 -0.26535936E-21 -0.28022971E-38
  0.13000000E+02 -0.26195669E-21 -0.27325938E-38
  0.13100000E+02 -0.25861508E-21 -0.27393147E-38
  0.13200000E+02 -0.25533320E-21 -0.27685030E-38
  0.13300000E+02 -0.25210972E-21 -0.27369065E-38
  0.13400000E+02 -0.24894337E-21 -0.27491577E-38
  0.13500000E+02 -0.24583288E-21 -0.27311384E-38
  0.13600000E+02 -0.24277705E-21 -0.27179903E-38
  0.13700000E+02 -0.23977467E-21 -0.26359939E-38
  0.13800000E+02 -0.23682460E-21 -0.26869565E-38
  0.13900000E+02 -0.23392570E-21 -0.26326232E-38
  0.14000000E+02 -0.23107686E-21 -0.26576641E-38
  0.14100000E+02 -0.22827700E-21 -0.26314068E-38
  0.14200000E+02 -0.22552509E-21 -0.26066600E-38
  0.14300000E+02 -0.22282009E-21 -0.25757770E-38
  0.14400000E+02 -0.22016101E-21 -0.26099942E-38
  0.14500000E+02 -0.21754687E-21 -0.26116062E-38
  0.14600000E+02 -0.21497673E-21 -0.26011050E-38
  0.14700000E+02 -0.21244964E-21 -0.25606609E-38
  0.14800000E+02 -0.20996472E-21 -0.25886596E-38
  0.14900000E+02 -0.20752108E-21 -0.25737545E-38
  0.15000000E+02 -0.20511786E-21 -0.25103388E-38
  0.15100000E+02 -0.20275421E-21 -0.25393993E-38
  0.15200000E+02 -0.20042933E-21 -0.25268318E-38
  0.15300000E+02 -0.19814240E-21 -0.24802422E-38
  0.15400000E+02 -0.19589265E-21 -0.25028856E-38
  0.15500000E+02 -0.19367932E-21 -0.25043623E-38
  0.15600000E+02 -0.19150166E-21 -0.24584187E-38
  0.15700000E+02 -0.18935895E-21 -0.24417463E-38
  0.15800000E+02 -0.18725048E-21 -0.24376902E-38
  0.15900000E+02 -0.18517556E-21 -0.24442527E-38
  0.16000000E+02 -0.18313351E-21 -0.23954845E-38
  0.16100000E+02 -0.18112368E-21 -0.24165169E-38
  0.16200000E+02 -0.17914541E-21 -0.23930889E-38
  0.16300000E+02 -0.17719809E-21 -0.24128407E-38
  0.16400000E+02 -0.17528110E-21 -0.23397172E-38
  0.16500000E+02 -0.17339383E-21 -0.23130427E-38
  0.16600000E+02 -0.17153571E-21 -0.23374617E-38
  0.16700000E+02 -0.16970616E-21 -0.23190536E-38
  0.16800000E+02 -0.16790463E-21 -0.23222259E-38
  0.16900000E+02 -0.16613056E-21 -0.22995565E-38
  0.17000000E+02 -0.16438343E-21 -0.22777689E-38
  0.17100000E+02 -0.16266271E-21 -0.22735704E-38
  0.17200000E+02 -0.16096790E-21 -0.22808958E-38
  0.17300000E+02 -0.15929850E-21 -0.22774707E-38
  0.17400000E+02 -0.15765402E-21 -0.22402909E-38
  0.17500000E+02 -0.15603399E-21 -0.22387629E-38
  0.17600000E+02 -0.15443795E-21 -0.22420857E-38
  0.17700000E+02 -0.15286543E-21 -0.22152796E-38
  0.17800000E+02 -0.15131601E-21 -0.22015945E-38
  0.17900000E+02 -0.14978923E-21 -0.21592618E-38
  0.18000000E+02 -0.14828469E-21 -0.21676157E-38
  0.18100000E+02 -0.14680197E-21 -0.21566081E-38
  0.18200000E+02 -0.14534066E-21 -0.21647271E-38
  0.18300000E+02 -0.14390036E-21 -0.21406002E-38
  0.18400000E+02 -0.14248070E-21 -0.21716114E-38
  0.18500000E+02 -0.14108128E-21 -0.21411640E-38
  0.18600000E+02 -0.13970174E-21 -0.20983141E-38
  0.18700000E+02 -0.13834172E-21 -0.21064581E-38
  0.18800000E+02 -0.13700087E-21 -0.20990585E-38
  0.18900000E+02 -0.13567883E-21 -0.20974748E-38
  0.19000000E+02 -0.13437526E-21 -0.20904773E-38
  0.19100000E+02 -0.13308985E-21 -0.20520414E-38
  0.19200000E+02 -0.13182225E-21 -0.20928043E-38
  0.19300000E+02 -0.13057216E-21 -0.20373266E-38
  0.19400000E+02 -0.12933926E-21 -0.20412476E-38
  0.19500000E+02 -0.12812325E-21 -0.19878841E-38
  0.19600000E+02 -0.12692383E-21 -0.20174924E-38
  0.19700000E+02 -0.12574070E-21 -0.19761615E-38
  0.19800000E+02 -0.12457360E-21 -0.19672256E-38
  0.19900000E+02 -0.12342222E-21 -0.19766458E-38
  0.20000000E+02 -0.12228631E-21 -0.19516314E-38
  0.20100000E+02 -0.12116559E-21 -0.19323879E-38
  0.20200000E+02 -0.12005981E-21 -0.19198055E-38
  0.20300000E+02 -0.11896869E-21 -0.18883316E-38
  0.20400000E+02 -0.11789200E-21 -0.19251558E-38
  0.20500000E+02 -0.11682949E-21 -0.19102178E-38
  0.20600000E+02 -0.11578092E-21 -0.18780428E-38
  0.20700000E+02 -0.11474604E-21 -0.18831617E-38
  0.20800000E+02 -0.11372464E-21 -0.18385293E-38
  0.20900000E+02 -0.11271647E-21 -0.18333953E-38
  0.21000000E+02 -0.11172133E-21 -0.18751936E-38
  0.21100000E+02 -0.11073899E-21 -0.18237655E-38
  0.21200000E+02 -0.10976924E-21 -0.18208178E-38
  0.21300000E+02 -0.10881187E-21 -0.17931178E-38
  0.21400000E+02 -0.10786667E-21 -0.18212625E-38
  0.21500000E+02 -0.10693346E-21 -0.18180512E-38
  0.21600000E+02 -0.10601202E-21 -0.17732129E-38
  0.21700000E+02 -0.10510217E-21 -0.17905859E-38
  0.21800000E+02 -0.10420372E-21 -0.17667401E-38
  0.21900000E+02 -0.10331648E-21 -0.17780660E-38
  0.22000000E+02 -0.10244027E-21 -0.17258901E-38
  0.22100000E+02 -0.10157492E-21 -0.17241544E-38
  0.22200000E+02 -0.10072024E-21 -0.16861930E-38
  0.22300000E+02 -0.99876076E-22 -0.17020749E-38
  0.22400000E+02 -0.99042251E-22 -0.17078504E-38
  0.22500000E+02 -0.98218603E-22 -0.16795819E-38
  0.22600000E+02 -0.97404970E-22 -0.17059343E-38
  0.22700000E+02 -0.96601194E-22 -0.16609537E-38
  0.22800000E+02 -0.95807120E-22 -0.16657035E-38
  0.22900000E+02 -0.95022597E-22 -0.16716406E-38
  0.23000000E+02 -0.94247474E-22 -0.16556372E-38
  0.23100000E+02 -0.93481605E-22 -0.16460283E-38
  0.23200000E+02 -0.92724847E-22 -0.16372992E-38
  0.23300000E+02 -0.91977059E-22 -0.16265812E-38
  0.23400000E+02 -0.91238103E-22 -0.16297592E-38
  0.23500000E+02 -0.90507843E-22 -0.16114132E-38
  0.23600000E+02 -0.89786145E-22 -0.15886344E-38
  0.23700000E+02 -0.89072880E-22 -0.15757281E-38
  0.23800000E+02 -0.88367918E-22 -0.15523320E-38
  0.23900000E+02 -0.87671135E-22 -0.15493159E-38
  0.24000000E+02 -0.86982406E-22 -0.15444818E-38
  0.24100000E+02 -0.86301611E-22 -0.15614366E-38
  0.24200000E+02 -0.85628630E-22 -0.15434797E-38
  0.24300000E+02 -0.84963347E-22 -0.15209634E-38
  0.24400000E+02 -0.84305646E-22 -0.15318138E-38
  0.24500000E+02 -0.83655416E-22 -0.15086713E-38
  0.24600000E+02 -0.83012545E-22 -0.15177109E-38
  0.24700000E+02 -0.82376926E-22 -0.14847964E-38
  0.24800000E+02 -0.81748451E-22 -0.14832746E-38
  0.24900000E+02 -0.81127015E-22 -0.14997828E-38
  0.25000000E+02 -0.80512517E-22 -0.14806082E-38
  0.25100000E+02 -0.79904854E-22 -0.14750436E-38
  0.25200000E+02 -0.79303928E-22 -0.14458373E-38
  0.25300000E+02 -0.78709642E-22 -0.14511514E-38
  0.25400000E+02 -0.78121898E-22 -0.14553339E-38
  0.25500000E+02 -0.77540605E-22 -0.14378075E-38
  0.25600000E+02 -0.76965668E-22 -0.14193457E-38
  0.25700000E+02 -0.76396997E-22 -0.14348923E-38
  0.25800000E+02 -0.75834504E-22 -0.14115401E-38
  0.25900000E+02 -0.75278100E-22 -0.13992147E-38
  0.26000000E+02 -0.74727700E-22 -0.13939504E-38
  0.26100000E+02 -0.74183218E-22 -0.14018977E-38
  0.26200000E+02 -0.73644572E-22 -0.13756922E-38
  0.26300000E+02 -0.73111680E-22 -0.13793398E-38
  0.26400000E+02 -0.72584461E-22 -0.13773995E-38
  0.26500000E+02 -0.72062837E-22 -0.13628728E-38
  0.26600000E+02 -0.71546729E-22 -0.13512166E-38
  0.26700000E+02 -0.71036063E-22 -0.13398656E-38
  0.26800000E+02 -0.70530762E-22 -0.13332141E-38
  0.26900000E+02 -0.70030752E-22 -0.13306736E-38
  0.27000000E+02 -0.69535963E-22 -0.13267439E-38
  0.27100000E+02 -0.69046321E-22 -0.13231525E-38
  0.27200000E+02 -0.68561758E-22 -0.13200390E-38
  0.27300000E+02 -0.68082203E-22 -0.13120179E-38
  0.27400000E+02 -0.67607590E-22 -0.12997130E-38
  0.27500000E+02 -0.67137852E-22 -0.13028020E-38
  0.27600000E+02 -0.66672923E-22 -0.12837487E-38
  0.27700000E+02 -0.66212738E-22 -0.12767471E-38
  0.27800000E+02 -0.65757235E-22 -0.12537825E-38
  0.27900000E+02 -0.65306351E-22 -0.12594789E-38
  0.28000000E+02 -0.64860024E-22 -0.12629326E-38
  0.28100000E+02 -0.64418195E-22 -0.12506536E-38
  0.28200000E+02 -0.63980804E-22 -0.12313485E-38
  0.28300000E+02 -0.63547792E-22 -0.12353664E-38
  0.28400000E+02 -0.63119102E-22 -0.12306382E-38
  0.28500000E+02 -0.62694678E-22 -0.12144687E-38
  0.28600000E+02 -0.62274463E-22 -0.12134252E-38
  0.28700000E+02 -0.61858404E-22 -0.12035081E-38
  0.28800000E+02 -0.61446446E-22 -0.12001465E-38
  0.28900000E+02 -0.61038536E-22 -0.12021066E-38
  0.29000000E+02 -0.60634622E-22 -0.12065270E-38
  0.29100000E+02 -0.60234653E-22 -0.11938550E-38
  0.29200000E+02 -0.59838578E-22 -0.11791973E-38
  0.29300000E+02 -0.59446348E-22 -0.11853889E-38
  0.29400000E+02 -0.59057914E-22 -0.11697027E-38
  0.29500000E+02 -0.58673226E-22 -0.11523823E-38
  0.29600000E+02 -0.58292239E-22 -0.11374641E-38
  0.29700000E+02 -0.57914905E-22 -0.11497421E-38
  0.29800000E+02 -0.57541178E-22 -0.11317696E-38
  0.29900000E+02 -0.57171014E-22 -0.11486691E-38
  0.30000000E+02 -0.56804366E-22 -0.11455611E-38
  0.30100000E+02 -0.56441193E-22 -0.11285293E-38
  0.30200000E+02 -0.56081450E-22 -0.11293147E-38
  0.30300000E+02 -0.55725094E-22 -0.11075584E-38
  0.30400000E+02 -0.55372085E-22 -0.11128190E-38
  0.30500000E+02 -0.55022380E-22 -0.10981523E-38
  0.30600000E+02 -0.54675939E-22 -0.10930327E-38
  0.30700000E+02 -0.54332723E-22 -0.10997912E-38
  0.30800000E+02 -0.53992691E-22 -0.10863941E-38
  0.30900000E+02 -0.53655804E-22 -0.10843447E-38
  0.31000000E+02 -0.53322026E-22 -0.10772874E-38
  0.31100000E+02 -0.52991317E-22 -0.10539099E-38
  0.31200000E+02 -0.52663641E-22 -0.10741202E-38
  0.31300000E+02 -0.52338962E-22 -0.10720459E-38
  0.31400000E+02 -0.52017243E-22 -0.10547727E-38
  0.31500000E+02 -0.51698448E-22 -0.10339564E-38
  0.31600000E+02 -0.51382544E-22 -0.10411122E-38
  0.31700000E+02 -0.51069495E-22 -0.10467780E-38
  0.31800000E+02 -0.50759267E-22 -0.10419306E-38
  0.31900000E+02 -0.50451827E-22 -0.10417762E-38
  0.32000000E+02 -0.50147143E-22 -0.10195289E-38
  0.32100000E+02 -0.49845181E-22 -0.10199358E-38
  0.32200000E+02 -0.49545910E-22 -0.10175450E-38
  0.32300000E+02 -0.49249298E-22 -0.99487810E-39
  0.32400000E+02 -0.48955314E-22 -0.10171707E-38
  0.32500000E+02 -0.48663927E-22 -0.10090342E-38
  0.32600000E+02 -0.48375108E-22 -0.97975086E-39
  0.32700000E+02 -0.48088826E-22 -0.99490034E-39
  0.32800000E+02 -0.47805052E-22 -0.98686695E-39
  0.32900000E+02 -0.47523757E-22 -0.97686037E-39
  0.33000000E+02 -0.47244913E-22 -0.97108896E-39
  0.33100000E+02 -0.46968492E-22 -0.96331480E-39
  0.33200000E+02 -0.46694466E-22 -0.96364576E-39
  0.33300000E+02 -0.46422807E-22 -0.95184644E-39
  0.33400000E+02 -0.46153489E-22 -0.95913009E-39
  0.33500000E+02 -0.45886485E-22 -0.93505856E-39
  0.33600000E+02 -0.45621769E-22 -0.93843980E-39
  0.33700000E+02 -0.45359316E-22 -0.92750946E-39
  0.33800000E+02 -0.45099099E-22 -0.94624092E-39
  0.33900000E+02 -0.44841093E-22 -0.92337134E-39
  0.34000000E+02 -0.44585275E-22 -0.93185688E-39
  0.34100000E+02 -0.44331619E-22 -0.93575008E-39
  0.34200000E+02 -0.44080101E-22 -0.92343722E-39
  0.34300000E+02 -0.43830698E-22 -0.92988685E-39
  0.34400000E+02 -0.43583386E-22 -0.90892642E-39
  0.34500000E+02 -0.43338143E-22 -0.90888890E-39
  0.34600000E+02 -0.43094944E-22 -0.89753078E-39
  0.34700000E+02 -0.42853769E-22 -0.89859822E-39
  0.34800000E+02 -0.42614594E-22 -0.89017906E-39
  0.34900000E+02 -0.42377398E-22 -0.89119381E-39
  0.35000000E+02 -0.42142159E-22 -0.87216324E-39
  0.35100000E+02 -0.41908857E-22 -0.87723513E-39
  0.35200000E+02 -0.41677469E-22 -0.87676455E-39
  0.35300000E+02 -0.41447976E-22 -0.88070357E-39
  0.35400000E+02 -0.41220356E-22 -0.86869562E-39
  0.35500000E+02 -0.40994590E-22 -0.86446274E-39
  0.35600000E+02 -0.40770658E-22 -0.85624287E-39
  0.35700000E+02 -0.40548540E-22 -0.85456467E-39
  0.35800000E+02 -0.40328217E-22 -0.84126880E-39
  0.35900000E+02 -0.40109669E-22 -0.85828379E-39
  0.36000000E+02 -0.39892879E-22 -0.84947810E-39
  0.36100000E+02 -0.39677826E-22 -0.84847404E-39
  0.36200000E+02 -0.39464493E-22 -0.82910766E-39
  0.36300000E+02 -0.39252862E-22 -0.83752949E-39
  0.36400000E+02 -0.39042915E-22 -0.82836923E-39
  0.36500000E+02 -0.38834633E-22 -0.82324864E-39
  0.36600000E+02 -0.38628001E-22 -0.82481078E-39
  0.36700000E+02 -0.38422999E-22 -0.81751797E-39
  0.36800000E+02 -0.38219613E-22 -0.81110362E-39
  0.36900000E+02 -0.38017824E-22 -0.81217719E-39
  0.37000000E+02 -0.37817616E-22 -0.81385544E-39
  0.37100000E+02 -0.37618972E-22 -0.81077428E-39
  0.37200000E+02 -0.37421878E-22 -0.79418015E-39
  0.37300000E+02 -0.37226316E-22 -0.80975718E-39
  0.37400000E+02 -0.37032271E-22 -0.79083905E-39
  0.37500000E+02 -0.36839728E-22 -0.78643670E-39
  0.37600000E+02 -0.36648671E-22 -0.78331905E-39
  0.37700000E+02 -0.36459085E-22 -0.79070259E-39
  0.37800000E+02 -0.36270955E-22 -0.79089286E-39
  0.37900000E+02 -0.36084266E-22 -0.78233100E-39
  0.38000000E+02 -0.35899004E-22 -0.76620206E-39
  0.38100000E+02 -0.35715154E-22 -0.76079988E-39
  0.38200000E+02 -0.35532703E-22 -0.77441977E-39
  0.38300000E+02 -0.35351635E-22 -0.76068050E-39
  0.38400000E+02 -0.35171938E-22 -0.75391090E-39
  0.38500000E+02 -0.34993597E-22 -0.75755875E-39
  0.38600000E+02 -0.34816600E-22 -0.76099239E-39
  0.38700000E+02 -0.34640932E-22 -0.74347386E-39
  0.38800000E+02 -0.34466580E-22 -0.74760018E-39
  0.38900000E+02 -0.34293532E-22 -0.74677909E-39
  0.39000000E+02 -0.34121775E-22 -0.74708060E-39
  0.39100000E+02 -0.33951295E-22 -0.72627067E-39
  0.39200000E+02 -0.33782081E-22 -0.73245043E-39
  0.39300000E+02 -0.33614120E-22 -0.72779256E-39
  0.39400000E+02 -0.33447399E-22 -0.73038032E-39
  0.39500000E+02 -0.33281907E-22 -0.72101253E-39
  0.39600000E+02 -0.33117632E-22 -0.72249798E-39
  0.39700000E+02 -0.32954562E-22 -0.71257819E-39
  0.39800000E+02 -0.32792684E-22 -0.71698680E-39
  0.39900000E+02 -0.32631988E-22 -0.71446183E-39
  0.40000000E+02 -0.32472463E-22 -0.70144334E-39
