  0.00000000E+00 -0.24001979E-23 -0.28886291E-38
  0.10000000E+00 -0.23995033E-23 -0.29493349E-38
  0.20000000E+00 -0.23974220E-23 -0.28661415E-38
  0.30000000E+00 -0.23939621E-23 -0.28568770E-38
  0.40000000E+00 -0.23891367E-23 -0.30290464E-38
  0.50000000E+00 -0.23829641E-23 -0.30051804E-38
  0.60000000E+00 -0.23754672E-23 -0.30253967E-38
  0.70000000E+00 -0.23666739E-23 -0.29220774E-38
  0.80000000E+00 -0.23566164E-23 -0.29965185E-38
  0.90000000E+00 -0.23453307E-23 -0.30332021E-38
  0.10000000E+01 -0.23328569E-23 -0.30412572E-38
  0.11000000E+01 -0.23192382E-23 -0.30137002E-38
  0.12000000E+01 -0.23045210E-23 -0.30377603E-38
  0.13000000E+01 -0.22887539E-23 -0.32226294E-38
  0.14000000E+01 -0.22719881E-23 -0.30224109E-38
  0.15000000E+01 -0.22542764E-23 -0.30821121E-38
  0.16000000E+01 -0.22356728E-23 -0.32128755E-38
  0.17000000E+01 -0.22162326E-23 -0.30099712E-38
  0.18000000E+01 -0.21960114E-23 -0.33172176E-38
  0.19000000E+01 -0.21750654E-23 -0.30040617E-38
  0.20000000E+01 -0.21534503E-23 -0.33175267E-38
  0.21000000E+01 -0.21312218E-23 -0.31960531E-38
  0.22000000E+01 -0.21084348E-23 -0.30974684E-38
  0.23000000E+01 -0.20851432E-23 -0.31658465E-38
  0.24000000E+01 -0.20613998E-23 -0.31513160E-38
  0.25000000E+01 -0.20372560E-23 -0.32452344E-38
  0.26000000E+01 -0.20127619E-23 -0.31810345E-38
  0.27000000E+01 -0.19879655E-23 -0.32464887E-38
  0.28000000E+01 -0.19629135E-23 -0.31854989E-38
  0.29000000E+01 -0.19376503E-23 -0.30065232E-38
  0.30000000E+01 -0.19122186E-23 -0.31746769E-38
  0.31000000E+01 -0.18866589E-23 -0.32254950E-38
  0.32000000E+01 -0.18610098E-23 -0.31567962E-38
  0.33000000E+01 -0.18353077E-23 -0.29869882E-38
  0.34000000E+01 -0.18095870E-23 -0.29653393E-38
  0.35000000E+01 -0.17838801E-23 -0.30450518E-38
  0.36000000E+01 -0.17582173E-23 -0.29990984E-38
  0.37000000E+01 -0.17326269E-23 -0.29900262E-38
  0.38000000E+01 -0.17071352E-23 -0.29653302E-38
  0.39000000E+01 -0.16817667E-23 -0.30259586E-38
  0.40000000E+01 -0.16565441E-23 -0.28918765E-38
  0.41000000E+01 -0.16314882E-23 -0.29280844E-38
  0.42000000E+01 -0.16066182E-23 -0.29353425E-38
  0.43000000E+01 -0.15819515E-23 -0.28139314E-38
  0.44000000E+01 -0.15575043E-23 -0.28581665E-38
  0.45000000E+01 -0.15332908E-23 -0.27651028E-38
  0.46000000E+01 -0.15093242E-23 -0.28218963E-38
  0.47000000E+01 -0.14856163E-23 -0.28750595E-38
  0.48000000E+01 -0.14621773E-23 -0.27557664E-38
  0.49000000E+01 -0.14390167E-23 -0.27173836E-38
  0.50000000E+01 -0.14161424E-23 -0.26419748E-38
  0.51000000E+01 -0.13935617E-23 -0.26419464E-38
  0.52000000E+01 -0.13712805E-23 -0.25937526E-38
  0.53000000E+01 -0.13493041E-23 -0.25898303E-38
  0.54000000E+01 -0.13276366E-23 -0.25923155E-38
  0.55000000E+01 -0.13062817E-23 -0.24629215E-38
  0.56000000E+01 -0.12852419E-23 -0.25845052E-38
  0.57000000E+01 -0.12645195E-23 -0.24634094E-38
  0.58000000E+01 -0.12441157E-23 -0.24766954E-38
  0.59000000E+01 -0.12240314E-23 -0.23519369E-38
  0.60000000E+01 -0.12042668E-23 -0.24051551E-38
  0.61000000E+01 -0.11848217E-23 -0.23371880E-38
  0.62000000E+01 -0.11656954E-23 -0.22999252E-38
  0.63000000E+01 -0.11468868E-23 -0.22565284E-38
  0.64000000E+01 -0.11283944E-23 -0.22435346E-38
  0.65000000E+01 -0.11102163E-23 -0.22654893E-38
  0.66000000E+01 -0.10923502E-23 -0.21083049E-38
  0.67000000E+01 -0.10747939E-23 -0.21073406E-38
  0.68000000E+01 -0.10575445E-23 -0.21470708E-38
  0.69000000E+01 -0.10405990E-23 -0.20422334E-38
  0.70000000E+01 -0.10239544E-23 -0.19986793E-38
  0.71000000E+01 -0.10076073E-23 -0.20449904E-38
  0.72000000E+01 -0.99155411E-24 -0.19454280E-38
  0.73000000E+01 -0.97579123E-24 -0.19185733E-38
  0.74000000E+01 -0.96031486E-24 -0.19658919E-38
  0.75000000E+01 -0.94512113E-24 -0.19246740E-38
  0.76000000E+01 -0.93020606E-24 -0.18867069E-38
  0.77000000E+01 -0.91556557E-24 -0.18757169E-38
  0.78000000E+01 -0.90119556E-24 -0.18294509E-38
  0.79000000E+01 -0.88709184E-24 -0.18260678E-38
  0.80000000E+01 -0.87325021E-24 -0.17800944E-38
  0.81000000E+01 -0.85966642E-24 -0.17124302E-38
  0.82000000E+01 -0.84633620E-24 -0.17181556E-38
  0.83000000E+01 -0.83325529E-24 -0.17006505E-38
  0.84000000E+01 -0.82041940E-24 -0.16369955E-38
  0.85000000E+01 -0.80782426E-24 -0.17070006E-38
  0.86000000E+01 -0.79546561E-24 -0.15635946E-38
  0.87000000E+01 -0.78333920E-24 -0.16557520E-38
  0.88000000E+01 -0.77144081E-24 -0.15472772E-38
  0.89000000E+01 -0.75976625E-24 -0.15372079E-38
  0.90000000E+01 -0.74831135E-24 -0.15906532E-38
  0.91000000E+01 -0.73707198E-24 -0.14970857E-38
  0.92000000E+01 -0.72604406E-24 -0.14725193E-38
  0.93000000E+01 -0.71522354E-24 -0.15029836E-38
  0.94000000E+01 -0.70460642E-24 -0.14841700E-38
  0.95000000E+01 -0.69418875E-24 -0.14567611E-38
  0.96000000E+01 -0.68396664E-24 -0.14255792E-38
  0.97000000E+01 -0.67393622E-24 -0.13914163E-38
  0.98000000E+01 -0.66409372E-24 -0.13715899E-38
  0.99000000E+01 -0.65443538E-24 -0.13523861E-38
  0.10000000E+02 -0.64495753E-24 -0.12855734E-38
  0.10100000E+02 -0.63565654E-24 -0.12774022E-38
  0.10200000E+02 -0.62652884E-24 -0.13314616E-38
  0.10300000E+02 -0.61757093E-24 -0.12357547E-38
  0.10400000E+02 -0.60877936E-24 -0.12590338E-38
  0.10500000E+02 -0.60015073E-24 -0.12240951E-38
  0.10600000E+02 -0.59168173E-24 -0.11923735E-38
  0.10700000E+02 -0.58336908E-24 -0.12100610E-38
  0.10800000E+02 -0.57520957E-24 -0.12098668E-38
  0.10900000E+02 -0.56720005E-24 -0.11747238E-38
  0.11000000E+02 -0.55933743E-24 -0.11076956E-38
  0.11100000E+02 -0.55161868E-24 -0.11165514E-38
  0.11200000E+02 -0.54404084E-24 -0.11030396E-38
  0.11300000E+02 -0.53660097E-24 -0.10729773E-38
  0.11400000E+02 -0.52929623E-24 -0.10994762E-38
  0.11500000E+02 -0.52212382E-24 -0.10565948E-38
  0.11600000E+02 -0.51508100E-24 -0.10660601E-38
  0.11700000E+02 -0.50816507E-24 -0.10351737E-38
  0.11800000E+02 -0.50137342E-24 -0.10434753E-38
  0.11900000E+02 -0.49470345E-24 -0.10062070E-38
  0.12000000E+02 -0.48815264E-24 -0.10161701E-38
  0.12100000E+02 -0.48171853E-24 -0.99860165E-39
  0.12200000E+02 -0.47539870E-24 -0.99853987E-39
  0.12300000E+02 -0.46919077E-24 -0.96149209E-39
  0.12400000E+02 -0.46309244E-24 -0.93052725E-39
  0.12500000E+02 -0.45710143E-24 -0.94281454E-39
  0.12600000E+02 -0.45121553E-24 -0.95081124E-39
  0.12700000E+02 -0.44543255E-24 -0.87921504E-39
  0.12800000E+02 -0.43975039E-24 -0.92362321E-39
  0.12900000E+02 -0.43416696E-24 -0.90576960E-39
  0.13000000E+02 -0.42868024E-24 -0.83821118E-39
  0.13100000E+02 -0.42328822E-24 -0.88877023E-39
  0.13200000E+02 -0.41798897E-24 -0.84722543E-39
  0.13300000E+02 -0.41278058E-24 -0.84771382E-39
  0.13400000E+02 -0.40766120E-24 -0.82781903E-39
  0.13500000E+02 -0.40262901E-24 -0.79317982E-39
  0.13600000E+02 -0.39768223E-24 -0.81832028E-39
  0.13700000E+02 -0.39281911E-24 -0.78810518E-39
  0.13800000E+02 -0.38803796E-24 -0.82337186E-39
  0.13900000E+02 -0.38333711E-24 -0.77657257E-39
  0.14000000E+02 -0.37871494E-24 -0.77431046E-39
  0.14100000E+02 -0.37416986E-24 -0.77580988E-39
  0.14200000E+02 -0.36970030E-24 -0.76423124E-39
  0.14300000E+02 -0.36530476E-24 -0.73245844E-39
  0.14400000E+02 -0.36098175E-24 -0.79546170E-39
  0.14500000E+02 -0.35672980E-24 -0.74012850E-39
  0.14600000E+02 -0.35254750E-24 -0.73521589E-39
  0.14700000E+02 -0.34843347E-24 -0.70412200E-39
  0.14800000E+02 -0.34438633E-24 -0.73229018E-39
  0.14900000E+02 -0.34040477E-24 -0.70689869E-39
  0.15000000E+02 -0.33648748E-24 -0.69559233E-39
  0.15100000E+02 -0.33263320E-24 -0.69415166E-39
  0.15200000E+02 -0.32884067E-24 -0.67802506E-39
  0.15300000E+02 -0.32510870E-24 -0.65661842E-39
  0.15400000E+02 -0.32143608E-24 -0.63178429E-39
  0.15500000E+02 -0.31782166E-24 -0.64771094E-39
  0.15600000E+02 -0.31426430E-24 -0.67131635E-39
  0.15700000E+02 -0.31076289E-24 -0.61997029E-39
  0.15800000E+02 -0.30731635E-24 -0.61199193E-39
  0.15900000E+02 -0.30392361E-24 -0.60794949E-39
  0.16000000E+02 -0.30058364E-24 -0.61096334E-39
  0.16100000E+02 -0.29729542E-24 -0.61030257E-39
  0.16200000E+02 -0.29405795E-24 -0.59832444E-39
  0.16300000E+02 -0.29087027E-24 -0.59195087E-39
  0.16400000E+02 -0.28773142E-24 -0.58134219E-39
  0.16500000E+02 -0.28464048E-24 -0.56859312E-39
  0.16600000E+02 -0.28159653E-24 -0.59283768E-39
  0.16700000E+02 -0.27859869E-24 -0.54309972E-39
  0.16800000E+02 -0.27564608E-24 -0.56506774E-39
  0.16900000E+02 -0.27273786E-24 -0.56238212E-39
  0.17000000E+02 -0.26987319E-24 -0.54972579E-39
  0.17100000E+02 -0.26705125E-24 -0.55511222E-39
  0.17200000E+02 -0.26427126E-24 -0.52900314E-39
  0.17300000E+02 -0.26153242E-24 -0.52496925E-39
  0.17400000E+02 -0.25883398E-24 -0.53973644E-39
  0.17500000E+02 -0.25617520E-24 -0.54797699E-39
  0.17600000E+02 -0.25355533E-24 -0.51143074E-39
  0.17700000E+02 -0.25097366E-24 -0.51231642E-39
  0.17800000E+02 -0.24842951E-24 -0.50559049E-39
  0.17900000E+02 -0.24592217E-24 -0.50536825E-39
  0.18000000E+02 -0.24345098E-24 -0.49198531E-39
  0.18100000E+02 -0.24101529E-24 -0.48612710E-39
  0.18200000E+02 -0.23861444E-24 -0.49530100E-39
  0.18300000E+02 -0.23624782E-24 -0.47259988E-39
  0.18400000E+02 -0.23391481E-24 -0.48487127E-39
  0.18500000E+02 -0.23161481E-24 -0.45821060E-39
  0.18600000E+02 -0.22934722E-24 -0.48154713E-39
  0.18700000E+02 -0.22711147E-24 -0.45623837E-39
  0.18800000E+02 -0.22490699E-24 -0.45379029E-39
  0.18900000E+02 -0.22273323E-24 -0.45615417E-39
  0.19000000E+02 -0.22058965E-24 -0.44726132E-39
  0.19100000E+02 -0.21847571E-24 -0.41994975E-39
  0.19200000E+02 -0.21639091E-24 -0.45076710E-39
  0.19300000E+02 -0.21433472E-24 -0.43384879E-39
  0.19400000E+02 -0.21230665E-24 -0.43333005E-39
  0.19500000E+02 -0.21030621E-24 -0.42509863E-39
  0.19600000E+02 -0.20833293E-24 -0.43101553E-39
  0.19700000E+02 -0.20638633E-24 -0.41031748E-39
  0.19800000E+02 -0.20446595E-24 -0.41120991E-39
  0.19900000E+02 -0.20257135E-24 -0.41677407E-39
  0.20000000E+02 -0.20070209E-24 -0.40273249E-39
  0.20100000E+02 -0.19885773E-24 -0.39376975E-39
  0.20200000E+02 -0.19703785E-24 -0.39455582E-39
  0.20300000E+02 -0.19524204E-24 -0.38252780E-39
  0.20400000E+02 -0.19346989E-24 -0.37689330E-39
  0.20500000E+02 -0.19172100E-24 -0.39780462E-39
  0.20600000E+02 -0.18999499E-24 -0.36711977E-39
  0.20700000E+02 -0.18829146E-24 -0.35426398E-39
  0.20800000E+02 -0.18661005E-24 -0.38506408E-39
  0.20900000E+02 -0.18495039E-24 -0.37936871E-39
  0.21000000E+02 -0.18331212E-24 -0.34904459E-39
  0.21100000E+02 -0.18169488E-24 -0.37115157E-39
  0.21200000E+02 -0.18009834E-24 -0.36334486E-39
  0.21300000E+02 -0.17852214E-24 -0.36557577E-39
  0.21400000E+02 -0.17696596E-24 -0.36118462E-39
  0.21500000E+02 -0.17542948E-24 -0.34804751E-39
  0.21600000E+02 -0.17391237E-24 -0.36521427E-39
  0.21700000E+02 -0.17241431E-24 -0.34084705E-39
  0.21800000E+02 -0.17093501E-24 -0.33598103E-39
  0.21900000E+02 -0.16947416E-24 -0.31887425E-39
  0.22000000E+02 -0.16803147E-24 -0.32878177E-39
  0.22100000E+02 -0.16660664E-24 -0.32461525E-39
  0.22200000E+02 -0.16519939E-24 -0.33795905E-39
  0.22300000E+02 -0.16380944E-24 -0.31906499E-39
  0.22400000E+02 -0.16243652E-24 -0.32106223E-39
  0.22500000E+02 -0.16108035E-24 -0.30838309E-39
  0.22600000E+02 -0.15974069E-24 -0.33173109E-39
  0.22700000E+02 -0.15841726E-24 -0.30281311E-39
  0.22800000E+02 -0.15710981E-24 -0.31076835E-39
  0.22900000E+02 -0.15581810E-24 -0.29283163E-39
  0.23000000E+02 -0.15454188E-24 -0.31726396E-39
  0.23100000E+02 -0.15328091E-24 -0.29882106E-39
  0.23200000E+02 -0.15203495E-24 -0.29886795E-39
  0.23300000E+02 -0.15080378E-24 -0.30429260E-39
  0.23400000E+02 -0.14958717E-24 -0.30039917E-39
  0.23500000E+02 -0.14838490E-24 -0.29778170E-39
  0.23600000E+02 -0.14719674E-24 -0.30037212E-39
  0.23700000E+02 -0.14602248E-24 -0.27992141E-39
  0.23800000E+02 -0.14486192E-24 -0.29049654E-39
  0.23900000E+02 -0.14371485E-24 -0.28101406E-39
  0.24000000E+02 -0.14258106E-24 -0.28401907E-39
  0.24100000E+02 -0.14146035E-24 -0.27393356E-39
  0.24200000E+02 -0.14035253E-24 -0.27174006E-39
  0.24300000E+02 -0.13925741E-24 -0.27334153E-39
  0.24400000E+02 -0.13817480E-24 -0.27445537E-39
  0.24500000E+02 -0.13710451E-24 -0.26228543E-39
  0.24600000E+02 -0.13604637E-24 -0.27890956E-39
  0.24700000E+02 -0.13500018E-24 -0.27307098E-39
  0.24800000E+02 -0.13396579E-24 -0.26916017E-39
  0.24900000E+02 -0.13294301E-24 -0.27632618E-39
  0.25000000E+02 -0.13193168E-24 -0.27126208E-39
  0.25100000E+02 -0.13093162E-24 -0.25923368E-39
  0.25200000E+02 -0.12994269E-24 -0.24967831E-39
  0.25300000E+02 -0.12896471E-24 -0.26255419E-39
  0.25400000E+02 -0.12799752E-24 -0.25295930E-39
  0.25500000E+02 -0.12704099E-24 -0.24088278E-39
  0.25600000E+02 -0.12609494E-24 -0.25138468E-39
  0.25700000E+02 -0.12515924E-24 -0.24314932E-39
  0.25800000E+02 -0.12423373E-24 -0.24897918E-39
  0.25900000E+02 -0.12331827E-24 -0.24799543E-39
  0.26000000E+02 -0.12241272E-24 -0.23699171E-39
  0.26100000E+02 -0.12151694E-24 -0.24118847E-39
  0.26200000E+02 -0.12063079E-24 -0.24920787E-39
  0.26300000E+02 -0.11975414E-24 -0.24893632E-39
  0.26400000E+02 -0.11888685E-24 -0.24430995E-39
  0.26500000E+02 -0.11802880E-24 -0.23752396E-39
  0.26600000E+02 -0.11717986E-24 -0.22856690E-39
  0.26700000E+02 -0.11633989E-24 -0.23815181E-39
  0.26800000E+02 -0.11550878E-24 -0.23401317E-39
  0.26900000E+02 -0.11468641E-24 -0.23670016E-39
  0.27000000E+02 -0.11387265E-24 -0.22708381E-39
  0.27100000E+02 -0.11306739E-24 -0.22133629E-39
  0.27200000E+02 -0.11227051E-24 -0.20951132E-39
  0.27300000E+02 -0.11148190E-24 -0.21464075E-39
  0.27400000E+02 -0.11070145E-24 -0.21519001E-39
  0.27500000E+02 -0.10992904E-24 -0.20484072E-39
  0.27600000E+02 -0.10916457E-24 -0.21306417E-39
  0.27700000E+02 -0.10840793E-24 -0.21476685E-39
  0.27800000E+02 -0.10765902E-24 -0.20422168E-39
  0.27900000E+02 -0.10691773E-24 -0.21311820E-39
  0.28000000E+02 -0.10618396E-24 -0.21271028E-39
  0.28100000E+02 -0.10545762E-24 -0.21073688E-39
  0.28200000E+02 -0.10473860E-24 -0.20174424E-39
  0.28300000E+02 -0.10402681E-24 -0.21405753E-39
  0.28400000E+02 -0.10332215E-24 -0.21012909E-39
  0.28500000E+02 -0.10262453E-24 -0.20023900E-39
  0.28600000E+02 -0.10193386E-24 -0.19883873E-39
  0.28700000E+02 -0.10125005E-24 -0.20097952E-39
  0.28800000E+02 -0.10057300E-24 -0.20036131E-39
  0.28900000E+02 -0.99902636E-25 -0.18570079E-39
  0.29000000E+02 -0.99238865E-25 -0.19924017E-39
  0.29100000E+02 -0.98581603E-25 -0.19165115E-39
  0.29200000E+02 -0.97930768E-25 -0.19798596E-39
  0.29300000E+02 -0.97286275E-25 -0.19248782E-39
  0.29400000E+02 -0.96648045E-25 -0.19516618E-39
  0.29500000E+02 -0.96015999E-25 -0.18331088E-39
  0.29600000E+02 -0.95390057E-25 -0.18879320E-39
  0.29700000E+02 -0.94770142E-25 -0.18729562E-39
  0.29800000E+02 -0.94156178E-25 -0.17565574E-39
  0.29900000E+02 -0.93548091E-25 -0.18119989E-39
  0.30000000E+02 -0.92945806E-25 -0.19000143E-39
  0.30100000E+02 -0.92349252E-25 -0.17372883E-39
  0.30200000E+02 -0.91758356E-25 -0.18408844E-39
  0.30300000E+02 -0.91173049E-25 -0.18241298E-39
  0.30400000E+02 -0.90593261E-25 -0.17194588E-39
  0.30500000E+02 -0.90018924E-25 -0.17172087E-39
  0.30600000E+02 -0.89449970E-25 -0.17972982E-39
  0.30700000E+02 -0.88886334E-25 -0.17822563E-39
  0.30800000E+02 -0.88327950E-25 -0.17051246E-39
  0.30900000E+02 -0.87774754E-25 -0.17248522E-39
  0.31000000E+02 -0.87226682E-25 -0.17300579E-39
  0.31100000E+02 -0.86683674E-25 -0.16811922E-39
  0.31200000E+02 -0.86145666E-25 -0.16519061E-39
  0.31300000E+02 -0.85612599E-25 -0.16975761E-39
  0.31400000E+02 -0.85084413E-25 -0.16650942E-39
  0.31500000E+02 -0.84561050E-25 -0.16223652E-39
  0.31600000E+02 -0.84042451E-25 -0.16883518E-39
  0.31700000E+02 -0.83528560E-25 -0.17237922E-39
  0.31800000E+02 -0.83019320E-25 -0.16469894E-39
  0.31900000E+02 -0.82514677E-25 -0.14913764E-39
  0.32000000E+02 -0.82014575E-25 -0.15852603E-39
  0.32100000E+02 -0.81518962E-25 -0.16378002E-39
  0.32200000E+02 -0.81027783E-25 -0.15890108E-39
  0.32300000E+02 -0.80540987E-25 -0.15448206E-39
  0.32400000E+02 -0.80058523E-25 -0.16327825E-39
  0.32500000E+02 -0.79580340E-25 -0.15084853E-39
  0.32600000E+02 -0.79106388E-25 -0.15792414E-39
  0.32700000E+02 -0.78636617E-25 -0.15156146E-39
  0.32800000E+02 -0.78170980E-25 -0.15059829E-39
  0.32900000E+02 -0.77709428E-25 -0.15197464E-39
  0.33000000E+02 -0.77251915E-25 -0.14709069E-39
  0.33100000E+02 -0.76798393E-25 -0.15502255E-39
  0.33200000E+02 -0.76348817E-25 -0.14542860E-39
  0.33300000E+02 -0.75903142E-25 -0.14938992E-39
  0.33400000E+02 -0.75461323E-25 -0.15027551E-39
  0.33500000E+02 -0.75023317E-25 -0.14596536E-39
  0.33600000E+02 -0.74589080E-25 -0.14768958E-39
  0.33700000E+02 -0.74158569E-25 -0.14789663E-39
  0.33800000E+02 -0.73731743E-25 -0.14495506E-39
  0.33900000E+02 -0.73308559E-25 -0.14417426E-39
  0.34000000E+02 -0.72888977E-25 -0.13390519E-39
  0.34100000E+02 -0.72472957E-25 -0.14038813E-39
  0.34200000E+02 -0.72060459E-25 -0.14642144E-39
  0.34300000E+02 -0.71651443E-25 -0.13793191E-39
  0.34400000E+02 -0.71245871E-25 -0.14025624E-39
  0.34500000E+02 -0.70843704E-25 -0.13778844E-39
  0.34600000E+02 -0.70444906E-25 -0.13687253E-39
  0.34700000E+02 -0.70049438E-25 -0.13772596E-39
  0.34800000E+02 -0.69657264E-25 -0.13815591E-39
  0.34900000E+02 -0.69268348E-25 -0.13542094E-39
  0.35000000E+02 -0.68882655E-25 -0.13844103E-39
  0.35100000E+02 -0.68500148E-25 -0.13017101E-39
  0.35200000E+02 -0.68120795E-25 -0.13288823E-39
  0.35300000E+02 -0.67744559E-25 -0.13619935E-39
  0.35400000E+02 -0.67371408E-25 -0.12292879E-39
  0.35500000E+02 -0.67001308E-25 -0.12754137E-39
  0.35600000E+02 -0.66634226E-25 -0.12974581E-39
  0.35700000E+02 -0.66270129E-25 -0.12748845E-39
  0.35800000E+02 -0.65908987E-25 -0.13034633E-39
  0.35900000E+02 -0.65550767E-25 -0.12140536E-39
  0.36000000E+02 -0.65195437E-25 -0.12607174E-39
  0.36100000E+02 -0.64842968E-25 -0.12020398E-39
  0.36200000E+02 -0.64493329E-25 -0.12308475E-39
  0.36300000E+02 -0.64146490E-25 -0.12039045E-39
  0.36400000E+02 -0.63802421E-25 -0.11924003E-39
  0.36500000E+02 -0.63461093E-25 -0.12062044E-39
  0.36600000E+02 -0.63122477E-25 -0.11950654E-39
  0.36700000E+02 -0.62786546E-25 -0.12008094E-39
  0.36800000E+02 -0.62453270E-25 -0.12055116E-39
  0.36900000E+02 -0.62122622E-25 -0.12283481E-39
  0.37000000E+02 -0.61794575E-25 -0.11310841E-39
  0.37100000E+02 -0.61469102E-25 -0.11228724E-39
  0.37200000E+02 -0.61146176E-25 -0.12009169E-39
  0.37300000E+02 -0.60825771E-25 -0.12236022E-39
  0.37400000E+02 -0.60507861E-25 -0.11603702E-39
  0.37500000E+02 -0.60192420E-25 -0.11186292E-39
  0.37600000E+02 -0.59879423E-25 -0.11908763E-39
  0.37700000E+02 -0.59568844E-25 -0.11405375E-39
  0.37800000E+02 -0.59260660E-25 -0.11558896E-39
  0.37900000E+02 -0.58954846E-25 -0.11139400E-39
  0.38000000E+02 -0.58651378E-25 -0.11282465E-39
  0.38100000E+02 -0.58350232E-25 -0.11134863E-39
  0.38200000E+02 -0.58051384E-25 -0.10656543E-39
  0.38300000E+02 -0.57754812E-25 -0.10946694E-39
  0.38400000E+02 -0.57460492E-25 -0.10953946E-39
  0.38500000E+02 -0.57168402E-25 -0.10923440E-39
  0.38600000E+02 -0.56878520E-25 -0.11065571E-39
  0.38700000E+02 -0.56590823E-25 -0.10670438E-39
  0.38800000E+02 -0.56305291E-25 -0.10991053E-39
  0.38900000E+02 -0.56021900E-25 -0.10668911E-39
  0.39000000E+02 -0.55740631E-25 -0.11252843E-39
  0.39100000E+02 -0.55461462E-25 -0.10847903E-39
  0.39200000E+02 -0.55184372E-25 -0.10398819E-39
  0.39300000E+02 -0.54909341E-25 -0.10416396E-39
  0.39400000E+02 -0.54636349E-25 -0.10430606E-39
  0.39500000E+02 -0.54365376E-25 -0.10692704E-39
  0.39600000E+02 -0.54096402E-25 -0.10872282E-39
  0.39700000E+02 -0.53829407E-25 -0.10371223E-39
  0.39800000E+02 -0.53564372E-25 -0.10487882E-39
  0.39900000E+02 -0.53301279E-25 -0.10028668E-39
  0.40000000E+02 -0.53040108E-25 -0.99293372E-40
