  0.00000000E+00  0.11189434E-23  0.73214629E-39
  0.10000000E+00  0.11186135E-23  0.73155541E-39
  0.20000000E+00  0.11176248E-23  0.72978384E-39
  0.30000000E+00  0.11159809E-23  0.72683473E-39
  0.40000000E+00  0.11136876E-23  0.72271338E-39
  0.50000000E+00  0.11107528E-23  0.71742724E-39
  0.60000000E+00  0.11071868E-23  0.71098594E-39
  0.70000000E+00  0.11030018E-23  0.70340135E-39
  0.80000000E+00  0.10982121E-23  0.69468760E-39
  0.90000000E+00  0.10928338E-23  0.68486113E-39
  0.10000000E+01  0.10868845E-23  0.67394071E-39
  0.11000000E+01  0.10803837E-23  0.66194749E-39
  0.12000000E+01  0.10733520E-23  0.64890497E-39
  0.13000000E+01  0.10658113E-23  0.63483905E-39
  0.14000000E+01  0.10577847E-23  0.61977795E-39
  0.15000000E+01  0.10492961E-23  0.60375221E-39
  0.16000000E+01  0.10403701E-23  0.58679460E-39
  0.17000000E+01  0.10310318E-23  0.56894005E-39
  0.18000000E+01  0.10213068E-23  0.55022553E-39
  0.19000000E+01  0.10112211E-23  0.53068993E-39
  0.20000000E+01  0.10008004E-23  0.51037390E-39
  0.21000000E+01  0.99007066E-24  0.48931969E-39
  0.22000000E+01  0.97905759E-24  0.46757097E-39
  0.23000000E+01  0.96778657E-24  0.44517263E-39
  0.24000000E+01  0.95628262E-24  0.42217058E-39
  0.25000000E+01  0.94457025E-24  0.39861155E-39
  0.26000000E+01  0.93267336E-24  0.37454284E-39
  0.27000000E+01  0.92061522E-24  0.35001215E-39
  0.28000000E+01  0.90841836E-24  0.32506733E-39
  0.29000000E+01  0.89610452E-24  0.29975619E-39
  0.30000000E+01  0.88369462E-24  0.27412629E-39
  0.31000000E+01  0.87120871E-24  0.24822477E-39
  0.32000000E+01  0.85866596E-24  0.22209811E-39
  0.33000000E+01  0.84608463E-24  0.19579204E-39
  0.34000000E+01  0.83348204E-24  0.16935131E-39
  0.35000000E+01  0.82087460E-24  0.14281959E-39
  0.36000000E+01  0.80827779E-24  0.11623932E-39
  0.37000000E+01  0.79570618E-24  0.89651617E-40
  0.38000000E+01  0.78317343E-24  0.63096142E-40
  0.39000000E+01  0.77069231E-24  0.36611049E-40
  0.40000000E+01  0.75827471E-24  0.10232894E-40
  0.41000000E+01  0.74593168E-24 -0.16003415E-40
  0.42000000E+01  0.73367346E-24 -0.42064666E-40
  0.43000000E+01  0.72150947E-24 -0.67919372E-40
  0.44000000E+01  0.70944839E-24 -0.93537794E-40
  0.45000000E+01  0.69749813E-24 -0.11889195E-39
  0.46000000E+01  0.68566591E-24 -0.14395561E-39
  0.47000000E+01  0.67395829E-24 -0.16870429E-39
  0.48000000E+01  0.66238118E-24 -0.19311525E-39
  0.49000000E+01  0.65093985E-24 -0.21716743E-39
  0.50000000E+01  0.63963903E-24 -0.24084148E-39
  0.51000000E+01  0.62848287E-24 -0.26411965E-39
  0.52000000E+01  0.61747503E-24 -0.28698582E-39
  0.53000000E+01  0.60661867E-24 -0.30942540E-39
  0.54000000E+01  0.59591647E-24 -0.33142531E-39
  0.55000000E+01  0.58537072E-24 -0.35297392E-39
  0.56000000E+01  0.57498327E-24 -0.37406099E-39
  0.57000000E+01  0.56475562E-24 -0.39467764E-39
  0.58000000E+01  0.55468891E-24 -0.41481625E-39
  0.59000000E+01  0.54478394E-24 -0.43447045E-39
  0.60000000E+01  0.53504124E-24 -0.45363502E-39
  0.61000000E+01  0.52546101E-24 -0.47230586E-39
  0.62000000E+01  0.51604324E-24 -0.49047992E-39
  0.63000000E+01  0.50678765E-24 -0.50815514E-39
  0.64000000E+01  0.49769376E-24 -0.52533041E-39
  0.65000000E+01  0.48876085E-24 -0.54200549E-39
  0.66000000E+01  0.47998806E-24 -0.55818098E-39
  0.67000000E+01  0.47137434E-24 -0.57385824E-39
  0.68000000E+01  0.46291848E-24 -0.58903938E-39
  0.69000000E+01  0.45461914E-24 -0.60372715E-39
  0.70000000E+01  0.44647485E-24 -0.61792494E-39
  0.71000000E+01  0.43848403E-24 -0.63163674E-39
  0.72000000E+01  0.43064499E-24 -0.64486704E-39
  0.73000000E+01  0.42295597E-24 -0.65762083E-39
  0.74000000E+01  0.41541509E-24 -0.66990356E-39
  0.75000000E+01  0.40802044E-24 -0.68172108E-39
  0.76000000E+01  0.40077004E-24 -0.69307961E-39
  0.77000000E+01  0.39366182E-24 -0.70398571E-39
  0.78000000E+01  0.38669372E-24 -0.71444624E-39
  0.79000000E+01  0.37986360E-24 -0.72446832E-39
  0.80000000E+01  0.37316931E-24 -0.73405932E-39
  0.81000000E+01  0.36660866E-24 -0.74322681E-39
  0.82000000E+01  0.36017945E-24 -0.75197854E-39
  0.83000000E+01  0.35387946E-24 -0.76032241E-39
  0.84000000E+01  0.34770646E-24 -0.76826647E-39
  0.85000000E+01  0.34165822E-24 -0.77581885E-39
  0.86000000E+01  0.33573251E-24 -0.78298779E-39
  0.87000000E+01  0.32992709E-24 -0.78978157E-39
  0.88000000E+01  0.32423974E-24 -0.79620855E-39
  0.89000000E+01  0.31866824E-24 -0.80227708E-39
  0.90000000E+01  0.31321038E-24 -0.80799555E-39
  0.91000000E+01  0.30786397E-24 -0.81337233E-39
  0.92000000E+01  0.30262685E-24 -0.81841580E-39
  0.93000000E+01  0.29749685E-24 -0.82313427E-39
  0.94000000E+01  0.29247184E-24 -0.82753604E-39
  0.95000000E+01  0.28754972E-24 -0.83162935E-39
  0.96000000E+01  0.28272838E-24 -0.83542236E-39
  0.97000000E+01  0.27800578E-24 -0.83892319E-39
  0.98000000E+01  0.27337987E-24 -0.84213984E-39
  0.99000000E+01  0.26884864E-24 -0.84508026E-39
  0.10000000E+02  0.26441013E-24 -0.84775228E-39
  0.10100000E+02  0.26006237E-24 -0.85016363E-39
  0.10200000E+02  0.25580345E-24 -0.85232194E-39
  0.10300000E+02  0.25163148E-24 -0.85423473E-39
  0.10400000E+02  0.24754460E-24 -0.85590940E-39
  0.10500000E+02  0.24354098E-24 -0.85735322E-39
  0.10600000E+02  0.23961883E-24 -0.85857335E-39
  0.10700000E+02  0.23577637E-24 -0.85957682E-39
  0.10800000E+02  0.23201190E-24 -0.86037054E-39
  0.10900000E+02  0.22832369E-24 -0.86096126E-39
  0.11000000E+02  0.22471008E-24 -0.86135563E-39
  0.11100000E+02  0.22116944E-24 -0.86156015E-39
  0.11200000E+02  0.21770017E-24 -0.86158119E-39
  0.11300000E+02  0.21430068E-24 -0.86142498E-39
  0.11400000E+02  0.21096944E-24 -0.86109762E-39
  0.11500000E+02  0.20770494E-24 -0.86060507E-39
  0.11600000E+02  0.20450570E-24 -0.85995316E-39
  0.11700000E+02  0.20137027E-24 -0.85914757E-39
  0.11800000E+02  0.19829723E-24 -0.85819387E-39
  0.11900000E+02  0.19528520E-24 -0.85709749E-39
  0.12000000E+02  0.19233281E-24 -0.85586370E-39
  0.12100000E+02  0.18943875E-24 -0.85449768E-39
  0.12200000E+02  0.18660169E-24 -0.85300445E-39
  0.12300000E+02  0.18382039E-24 -0.85138891E-39
  0.12400000E+02  0.18109358E-24 -0.84965583E-39
  0.12500000E+02  0.17842006E-24 -0.84780987E-39
  0.12600000E+02  0.17579864E-24 -0.84585555E-39
  0.12700000E+02  0.17322815E-24 -0.84379727E-39
  0.12800000E+02  0.17070746E-24 -0.84163930E-39
  0.12900000E+02  0.16823545E-24 -0.83938583E-39
  0.13000000E+02  0.16581104E-24 -0.83704088E-39
  0.13100000E+02  0.16343318E-24 -0.83460840E-39
  0.13200000E+02  0.16110082E-24 -0.83209221E-39
  0.13300000E+02  0.15881295E-24 -0.82949601E-39
  0.13400000E+02  0.15656859E-24 -0.82682342E-39
  0.13500000E+02  0.15436676E-24 -0.82407792E-39
  0.13600000E+02  0.15220653E-24 -0.82126291E-39
  0.13700000E+02  0.15008697E-24 -0.81838168E-39
  0.13800000E+02  0.14800719E-24 -0.81543742E-39
  0.13900000E+02  0.14596629E-24 -0.81243324E-39
  0.14000000E+02  0.14396344E-24 -0.80937212E-39
  0.14100000E+02  0.14199778E-24 -0.80625698E-39
  0.14200000E+02  0.14006850E-24 -0.80309063E-39
  0.14300000E+02  0.13817481E-24 -0.79987580E-39
  0.14400000E+02  0.13631591E-24 -0.79661514E-39
  0.14500000E+02  0.13449106E-24 -0.79331120E-39
  0.14600000E+02  0.13269950E-24 -0.78996645E-39
  0.14700000E+02  0.13094051E-24 -0.78658330E-39
  0.14800000E+02  0.12921338E-24 -0.78316405E-39
  0.14900000E+02  0.12751742E-24 -0.77971095E-39
  0.15000000E+02  0.12585195E-24 -0.77622616E-39
  0.15100000E+02  0.12421632E-24 -0.77271178E-39
  0.15200000E+02  0.12260988E-24 -0.76916983E-39
  0.15300000E+02  0.12103200E-24 -0.76560227E-39
  0.15400000E+02  0.11948207E-24 -0.76201098E-39
  0.15500000E+02  0.11795949E-24 -0.75839780E-39
  0.15600000E+02  0.11646367E-24 -0.75476447E-39
  0.15700000E+02  0.11499405E-24 -0.75111270E-39
  0.15800000E+02  0.11355007E-24 -0.74744413E-39
  0.15900000E+02  0.11213118E-24 -0.74376034E-39
  0.16000000E+02  0.11073685E-24 -0.74006286E-39
  0.16100000E+02  0.10936657E-24 -0.73635315E-39
  0.16200000E+02  0.10801982E-24 -0.73263264E-39
  0.16300000E+02  0.10669611E-24 -0.72890269E-39
  0.16400000E+02  0.10539497E-24 -0.72516462E-39
  0.16500000E+02  0.10411591E-24 -0.72141969E-39
  0.16600000E+02  0.10285849E-24 -0.71766913E-39
  0.16700000E+02  0.10162224E-24 -0.71391410E-39
  0.16800000E+02  0.10040674E-24 -0.71015575E-39
  0.16900000E+02  0.99211543E-25 -0.70639516E-39
  0.17000000E+02  0.98036244E-25 -0.70263338E-39
  0.17100000E+02  0.96880431E-25 -0.69887140E-39
  0.17200000E+02  0.95743705E-25 -0.69511020E-39
  0.17300000E+02  0.94625676E-25 -0.69135070E-39
  0.17400000E+02  0.93525964E-25 -0.68759380E-39
  0.17500000E+02  0.92444197E-25 -0.68384035E-39
  0.17600000E+02  0.91380012E-25 -0.68009117E-39
  0.17700000E+02  0.90333055E-25 -0.67634705E-39
  0.17800000E+02  0.89302978E-25 -0.67260874E-39
  0.17900000E+02  0.88289444E-25 -0.66887698E-39
  0.18000000E+02  0.87292122E-25 -0.66515244E-39
  0.18100000E+02  0.86310689E-25 -0.66143581E-39
  0.18200000E+02  0.85344830E-25 -0.65772770E-39
  0.18300000E+02  0.84394236E-25 -0.65402874E-39
  0.18400000E+02  0.83458606E-25 -0.65033949E-39
  0.18500000E+02  0.82537646E-25 -0.64666052E-39
  0.18600000E+02  0.81631068E-25 -0.64299236E-39
  0.18700000E+02  0.80738591E-25 -0.63933552E-39
  0.18800000E+02  0.79859940E-25 -0.63569046E-39
  0.18900000E+02  0.78994848E-25 -0.63205767E-39
  0.19000000E+02  0.78143051E-25 -0.62843757E-39
  0.19100000E+02  0.77304292E-25 -0.62483059E-39
  0.19200000E+02  0.76478323E-25 -0.62123712E-39
  0.19300000E+02  0.75664896E-25 -0.61765753E-39
  0.19400000E+02  0.74863774E-25 -0.61409220E-39
  0.19500000E+02  0.74074720E-25 -0.61054145E-39
  0.19600000E+02  0.73297507E-25 -0.60700561E-39
  0.19700000E+02  0.72531911E-25 -0.60348499E-39
  0.19800000E+02  0.71777712E-25 -0.59997987E-39
  0.19900000E+02  0.71034697E-25 -0.59649053E-39
  0.20000000E+02  0.70302655E-25 -0.59301722E-39
  0.20100000E+02  0.69581384E-25 -0.58956020E-39
  0.20200000E+02  0.68870681E-25 -0.58611967E-39
  0.20300000E+02  0.68170351E-25 -0.58269587E-39
  0.20400000E+02  0.67480203E-25 -0.57928899E-39
  0.20500000E+02  0.66800048E-25 -0.57589922E-39
  0.20600000E+02  0.66129705E-25 -0.57252673E-39
  0.20700000E+02  0.65468993E-25 -0.56917170E-39
  0.20800000E+02  0.64817737E-25 -0.56583426E-39
  0.20900000E+02  0.64175764E-25 -0.56251457E-39
  0.21000000E+02  0.63542908E-25 -0.55921275E-39
  0.21100000E+02  0.62919004E-25 -0.55592892E-39
  0.21200000E+02  0.62303890E-25 -0.55266320E-39
  0.21300000E+02  0.61697409E-25 -0.54941567E-39
  0.21400000E+02  0.61099408E-25 -0.54618645E-39
  0.21500000E+02  0.60509734E-25 -0.54297560E-39
  0.21600000E+02  0.59928241E-25 -0.53978320E-39
  0.21700000E+02  0.59354785E-25 -0.53660932E-39
  0.21800000E+02  0.58789222E-25 -0.53345401E-39
  0.21900000E+02  0.58231415E-25 -0.53031733E-39
  0.22000000E+02  0.57681229E-25 -0.52719932E-39
  0.22100000E+02  0.57138530E-25 -0.52410000E-39
  0.22200000E+02  0.56603188E-25 -0.52101943E-39
  0.22300000E+02  0.56075075E-25 -0.51795760E-39
  0.22400000E+02  0.55554068E-25 -0.51491455E-39
  0.22500000E+02  0.55040044E-25 -0.51189028E-39
  0.22600000E+02  0.54532883E-25 -0.50888479E-39
  0.22700000E+02  0.54032469E-25 -0.50589809E-39
  0.22800000E+02  0.53538685E-25 -0.50293017E-39
  0.22900000E+02  0.53051420E-25 -0.49998102E-39
  0.23000000E+02  0.52570563E-25 -0.49705062E-39
  0.23100000E+02  0.52096007E-25 -0.49413894E-39
  0.23200000E+02  0.51627646E-25 -0.49124598E-39
  0.23300000E+02  0.51165376E-25 -0.48837169E-39
  0.23400000E+02  0.50709095E-25 -0.48551604E-39
  0.23500000E+02  0.50258704E-25 -0.48267900E-39
  0.23600000E+02  0.49814106E-25 -0.47986052E-39
  0.23700000E+02  0.49375204E-25 -0.47706055E-39
  0.23800000E+02  0.48941905E-25 -0.47427906E-39
  0.23900000E+02  0.48514118E-25 -0.47151599E-39
  0.24000000E+02  0.48091751E-25 -0.46877128E-39
  0.24100000E+02  0.47674717E-25 -0.46604487E-39
  0.24200000E+02  0.47262929E-25 -0.46333672E-39
  0.24300000E+02  0.46856303E-25 -0.46064674E-39
  0.24400000E+02  0.46454755E-25 -0.45797488E-39
  0.24500000E+02  0.46058203E-25 -0.45532107E-39
  0.24600000E+02  0.45666567E-25 -0.45268523E-39
  0.24700000E+02  0.45279770E-25 -0.45006731E-39
  0.24800000E+02  0.44897733E-25 -0.44746721E-39
  0.24900000E+02  0.44520382E-25 -0.44488486E-39
  0.25000000E+02  0.44147642E-25 -0.44232019E-39
  0.25100000E+02  0.43779442E-25 -0.43977311E-39
  0.25200000E+02  0.43415708E-25 -0.43724355E-39
  0.25300000E+02  0.43056373E-25 -0.43473141E-39
  0.25400000E+02  0.42701366E-25 -0.43223662E-39
  0.25500000E+02  0.42350621E-25 -0.42975908E-39
  0.25600000E+02  0.42004072E-25 -0.42729871E-39
  0.25700000E+02  0.41661653E-25 -0.42485541E-39
  0.25800000E+02  0.41323302E-25 -0.42242911E-39
  0.25900000E+02  0.40988956E-25 -0.42001970E-39
  0.26000000E+02  0.40658554E-25 -0.41762710E-39
  0.26100000E+02  0.40332035E-25 -0.41525120E-39
  0.26200000E+02  0.40009341E-25 -0.41289193E-39
  0.26300000E+02  0.39690413E-25 -0.41054917E-39
  0.26400000E+02  0.39375195E-25 -0.40822284E-39
  0.26500000E+02  0.39063631E-25 -0.40591283E-39
  0.26600000E+02  0.38755667E-25 -0.40361906E-39
  0.26700000E+02  0.38451247E-25 -0.40134142E-39
  0.26800000E+02  0.38150321E-25 -0.39907981E-39
  0.26900000E+02  0.37852835E-25 -0.39683414E-39
  0.27000000E+02  0.37558739E-25 -0.39460431E-39
  0.27100000E+02  0.37267982E-25 -0.39239021E-39
  0.27200000E+02  0.36980516E-25 -0.39019174E-39
  0.27300000E+02  0.36696293E-25 -0.38800882E-39
  0.27400000E+02  0.36415264E-25 -0.38584132E-39
  0.27500000E+02  0.36137384E-25 -0.38368917E-39
  0.27600000E+02  0.35862607E-25 -0.38155224E-39
  0.27700000E+02  0.35590887E-25 -0.37943045E-39
  0.27800000E+02  0.35322181E-25 -0.37732369E-39
  0.27900000E+02  0.35056446E-25 -0.37523186E-39
  0.28000000E+02  0.34793638E-25 -0.37315485E-39
  0.28100000E+02  0.34533716E-25 -0.37109257E-39
  0.28200000E+02  0.34276638E-25 -0.36904492E-39
  0.28300000E+02  0.34022365E-25 -0.36701180E-39
  0.28400000E+02  0.33770857E-25 -0.36499309E-39
  0.28500000E+02  0.33522074E-25 -0.36298871E-39
  0.28600000E+02  0.33275978E-25 -0.36099855E-39
  0.28700000E+02  0.33032532E-25 -0.35902251E-39
  0.28800000E+02  0.32791699E-25 -0.35706049E-39
  0.28900000E+02  0.32553441E-25 -0.35511239E-39
  0.29000000E+02  0.32317723E-25 -0.35317811E-39
  0.29100000E+02  0.32084511E-25 -0.35125755E-39
  0.29200000E+02  0.31853769E-25 -0.34935061E-39
  0.29300000E+02  0.31625463E-25 -0.34745719E-39
  0.29400000E+02  0.31399560E-25 -0.34557720E-39
  0.29500000E+02  0.31176027E-25 -0.34371052E-39
  0.29600000E+02  0.30954832E-25 -0.34185707E-39
  0.29700000E+02  0.30735943E-25 -0.34001675E-39
  0.29800000E+02  0.30519328E-25 -0.33818946E-39
  0.29900000E+02  0.30304957E-25 -0.33637511E-39
  0.30000000E+02  0.30092800E-25 -0.33457359E-39
  0.30100000E+02  0.29882826E-25 -0.33278480E-39
  0.30200000E+02  0.29675007E-25 -0.33100867E-39
  0.30300000E+02  0.29469314E-25 -0.32924508E-39
  0.30400000E+02  0.29265718E-25 -0.32749394E-39
  0.30500000E+02  0.29064192E-25 -0.32575516E-39
  0.30600000E+02  0.28864708E-25 -0.32402865E-39
  0.30700000E+02  0.28667239E-25 -0.32231431E-39
  0.30800000E+02  0.28471758E-25 -0.32061204E-39
  0.30900000E+02  0.28278241E-25 -0.31892177E-39
  0.31000000E+02  0.28086660E-25 -0.31724338E-39
  0.31100000E+02  0.27896990E-25 -0.31557680E-39
  0.31200000E+02  0.27709208E-25 -0.31392193E-39
  0.31300000E+02  0.27523287E-25 -0.31227867E-39
  0.31400000E+02  0.27339205E-25 -0.31064695E-39
  0.31500000E+02  0.27156937E-25 -0.30902667E-39
  0.31600000E+02  0.26976460E-25 -0.30741774E-39
  0.31700000E+02  0.26797752E-25 -0.30582007E-39
  0.31800000E+02  0.26620789E-25 -0.30423358E-39
  0.31900000E+02  0.26445549E-25 -0.30265818E-39
  0.32000000E+02  0.26272011E-25 -0.30109377E-39
  0.32100000E+02  0.26100152E-25 -0.29954029E-39
  0.32200000E+02  0.25929952E-25 -0.29799763E-39
  0.32300000E+02  0.25761390E-25 -0.29646571E-39
  0.32400000E+02  0.25594444E-25 -0.29494446E-39
  0.32500000E+02  0.25429096E-25 -0.29343378E-39
  0.32600000E+02  0.25265324E-25 -0.29193359E-39
  0.32700000E+02  0.25103110E-25 -0.29044382E-39
  0.32800000E+02  0.24942433E-25 -0.28896437E-39
  0.32900000E+02  0.24783275E-25 -0.28749516E-39
  0.33000000E+02  0.24625618E-25 -0.28603612E-39
  0.33100000E+02  0.24469441E-25 -0.28458716E-39
  0.33200000E+02  0.24314729E-25 -0.28314821E-39
  0.33300000E+02  0.24161461E-25 -0.28171919E-39
  0.33400000E+02  0.24009622E-25 -0.28030000E-39
  0.33500000E+02  0.23859192E-25 -0.27889059E-39
  0.33600000E+02  0.23710156E-25 -0.27749087E-39
  0.33700000E+02  0.23562497E-25 -0.27610075E-39
  0.33800000E+02  0.23416197E-25 -0.27472018E-39
  0.33900000E+02  0.23271240E-25 -0.27334906E-39
  0.34000000E+02  0.23127611E-25 -0.27198733E-39
  0.34100000E+02  0.22985293E-25 -0.27063491E-39
  0.34200000E+02  0.22844270E-25 -0.26929173E-39
  0.34300000E+02  0.22704528E-25 -0.26795771E-39
  0.34400000E+02  0.22566051E-25 -0.26663278E-39
  0.34500000E+02  0.22428823E-25 -0.26531686E-39
  0.34600000E+02  0.22292831E-25 -0.26400989E-39
  0.34700000E+02  0.22158060E-25 -0.26271179E-39
  0.34800000E+02  0.22024494E-25 -0.26142250E-39
  0.34900000E+02  0.21892121E-25 -0.26014194E-39
  0.35000000E+02  0.21760926E-25 -0.25887004E-39
  0.35100000E+02  0.21630896E-25 -0.25760673E-39
  0.35200000E+02  0.21502016E-25 -0.25635195E-39
  0.35300000E+02  0.21374274E-25 -0.25510562E-39
  0.35400000E+02  0.21247657E-25 -0.25386768E-39
  0.35500000E+02  0.21122150E-25 -0.25263807E-39
  0.35600000E+02  0.20997743E-25 -0.25141671E-39
  0.35700000E+02  0.20874421E-25 -0.25020354E-39
  0.35800000E+02  0.20752173E-25 -0.24899849E-39
  0.35900000E+02  0.20630987E-25 -0.24780151E-39
  0.36000000E+02  0.20510850E-25 -0.24661252E-39
  0.36100000E+02  0.20391750E-25 -0.24543146E-39
  0.36200000E+02  0.20273675E-25 -0.24425827E-39
  0.36300000E+02  0.20156615E-25 -0.24309288E-39
  0.36400000E+02  0.20040557E-25 -0.24193524E-39
  0.36500000E+02  0.19925490E-25 -0.24078528E-39
  0.36600000E+02  0.19811404E-25 -0.23964294E-39
  0.36700000E+02  0.19698287E-25 -0.23850815E-39
  0.36800000E+02  0.19586128E-25 -0.23738087E-39
  0.36900000E+02  0.19474917E-25 -0.23626103E-39
  0.37000000E+02  0.19364644E-25 -0.23514857E-39
  0.37100000E+02  0.19255297E-25 -0.23404343E-39
  0.37200000E+02  0.19146867E-25 -0.23294555E-39
  0.37300000E+02  0.19039343E-25 -0.23185488E-39
  0.37400000E+02  0.18932716E-25 -0.23077136E-39
  0.37500000E+02  0.18826976E-25 -0.22969493E-39
  0.37600000E+02  0.18722113E-25 -0.22862553E-39
  0.37700000E+02  0.18618118E-25 -0.22756312E-39
  0.37800000E+02  0.18514980E-25 -0.22650763E-39
  0.37900000E+02  0.18412691E-25 -0.22545901E-39
  0.38000000E+02  0.18311242E-25 -0.22441720E-39
  0.38100000E+02  0.18210624E-25 -0.22338216E-39
  0.38200000E+02  0.18110827E-25 -0.22235382E-39
  0.38300000E+02  0.18011843E-25 -0.22133214E-39
  0.38400000E+02  0.17913663E-25 -0.22031707E-39
  0.38500000E+02  0.17816279E-25 -0.21930854E-39
  0.38600000E+02  0.17719681E-25 -0.21830651E-39
  0.38700000E+02  0.17623863E-25 -0.21731093E-39
  0.38800000E+02  0.17528814E-25 -0.21632174E-39
  0.38900000E+02  0.17434528E-25 -0.21533891E-39
  0.39000000E+02  0.17340997E-25 -0.21436237E-39
  0.39100000E+02  0.17248211E-25 -0.21339207E-39
  0.39200000E+02  0.17156164E-25 -0.21242798E-39
  0.39300000E+02  0.17064848E-25 -0.21147003E-39
  0.39400000E+02  0.16974255E-25 -0.21051819E-39
  0.39500000E+02  0.16884377E-25 -0.20957240E-39
  0.39600000E+02  0.16795207E-25 -0.20863261E-39
  0.39700000E+02  0.16706739E-25 -0.20769878E-39
  0.39800000E+02  0.16618964E-25 -0.20677087E-39
  0.39900000E+02  0.16531875E-25 -0.20584882E-39
  0.40000000E+02  0.16445465E-25 -0.20493260E-39
