  0.00000000E+00  0.44176267E-20  0.72457794E-37
  0.10000000E+00  0.44169561E-20  0.72448671E-37
  0.20000000E+00  0.44149461E-20  0.72421330E-37
  0.30000000E+00  0.44116020E-20  0.72375854E-37
  0.40000000E+00  0.44069328E-20  0.72312384E-37
  0.50000000E+00  0.44009508E-20  0.72231111E-37
  0.60000000E+00  0.43936716E-20  0.72132278E-37
  0.70000000E+00  0.43851141E-20  0.72016178E-37
  0.80000000E+00  0.43753004E-20  0.71883146E-37
  0.90000000E+00  0.43642552E-20  0.71733558E-37
  0.10000000E+01  0.43520060E-20  0.71567828E-37
  0.11000000E+01  0.43385828E-20  0.71386402E-37
  0.12000000E+01  0.43240178E-20  0.71189751E-37
  0.13000000E+01  0.43083452E-20  0.70978373E-37
  0.14000000E+01  0.42916010E-20  0.70752781E-37
  0.15000000E+01  0.42738227E-20  0.70513506E-37
  0.16000000E+01  0.42550492E-20  0.70261085E-37
  0.17000000E+01  0.42353202E-20  0.69996064E-37
  0.18000000E+01  0.42146765E-20  0.69718988E-37
  0.19000000E+01  0.41931594E-20  0.69430403E-37
  0.20000000E+01  0.41708104E-20  0.69130850E-37
  0.21000000E+01  0.41476714E-20  0.68820863E-37
  0.22000000E+01  0.41237843E-20  0.68500966E-37
  0.23000000E+01  0.40991907E-20  0.68171674E-37
  0.24000000E+01  0.40739320E-20  0.67833485E-37
  0.25000000E+01  0.40480489E-20  0.67486886E-37
  0.26000000E+01  0.40215817E-20  0.67132348E-37
  0.27000000E+01  0.39945700E-20  0.66770327E-37
  0.28000000E+01  0.39670524E-20  0.66401260E-37
  0.29000000E+01  0.39390666E-20  0.66025571E-37
  0.30000000E+01  0.39106494E-20  0.65643665E-37
  0.31000000E+01  0.38818366E-20  0.65255932E-37
  0.32000000E+01  0.38526628E-20  0.64862745E-37
  0.33000000E+01  0.38231616E-20  0.64464464E-37
  0.34000000E+01  0.37933651E-20  0.64061432E-37
  0.35000000E+01  0.37633046E-20  0.63653977E-37
  0.36000000E+01  0.37330102E-20  0.63242415E-37
  0.37000000E+01  0.37025104E-20  0.62827048E-37
  0.38000000E+01  0.36718330E-20  0.62408165E-37
  0.39000000E+01  0.36410043E-20  0.61986045E-37
  0.40000000E+01  0.36100495E-20  0.61560954E-37
  0.41000000E+01  0.35789928E-20  0.61133149E-37
  0.42000000E+01  0.35478571E-20  0.60702876E-37
  0.43000000E+01  0.35166642E-20  0.60270372E-37
  0.44000000E+01  0.34854350E-20  0.59835865E-37
  0.45000000E+01  0.34541891E-20  0.59399577E-37
  0.46000000E+01  0.34229453E-20  0.58961719E-37
  0.47000000E+01  0.33917213E-20  0.58522495E-37
  0.48000000E+01  0.33605339E-20  0.58082105E-37
  0.49000000E+01  0.33293989E-20  0.57640739E-37
  0.50000000E+01  0.32983314E-20  0.57198583E-37
  0.51000000E+01  0.32673455E-20  0.56755815E-37
  0.52000000E+01  0.32364545E-20  0.56312609E-37
  0.53000000E+01  0.32056709E-20  0.55869133E-37
  0.54000000E+01  0.31750066E-20  0.55425548E-37
  0.55000000E+01  0.31444725E-20  0.54982012E-37
  0.56000000E+01  0.31140790E-20  0.54538677E-37
  0.57000000E+01  0.30838360E-20  0.54095691E-37
  0.58000000E+01  0.30537523E-20  0.53653195E-37
  0.59000000E+01  0.30238366E-20  0.53211328E-37
  0.60000000E+01  0.29940967E-20  0.52770223E-37
  0.61000000E+01  0.29645400E-20  0.52330009E-37
  0.62000000E+01  0.29351733E-20  0.51890810E-37
  0.63000000E+01  0.29060030E-20  0.51452746E-37
  0.64000000E+01  0.28770349E-20  0.51015933E-37
  0.65000000E+01  0.28482744E-20  0.50580484E-37
  0.66000000E+01  0.28197265E-20  0.50146505E-37
  0.67000000E+01  0.27913958E-20  0.49714100E-37
  0.68000000E+01  0.27632864E-20  0.49283369E-37
  0.69000000E+01  0.27354022E-20  0.48854406E-37
  0.70000000E+01  0.27077466E-20  0.48427305E-37
  0.71000000E+01  0.26803227E-20  0.48002152E-37
  0.72000000E+01  0.26531334E-20  0.47579032E-37
  0.73000000E+01  0.26261811E-20  0.47158025E-37
  0.74000000E+01  0.25994680E-20  0.46739207E-37
  0.75000000E+01  0.25729962E-20  0.46322652E-37
  0.76000000E+01  0.25467672E-20  0.45908429E-37
  0.77000000E+01  0.25207826E-20  0.45496604E-37
  0.78000000E+01  0.24950435E-20  0.45087240E-37
  0.79000000E+01  0.24695509E-20  0.44680396E-37
  0.80000000E+01  0.24443056E-20  0.44276127E-37
  0.81000000E+01  0.24193081E-20  0.43874488E-37
  0.82000000E+01  0.23945590E-20  0.43475526E-37
  0.83000000E+01  0.23700583E-20  0.43079290E-37
  0.84000000E+01  0.23458062E-20  0.42685821E-37
  0.85000000E+01  0.23218025E-20  0.42295162E-37
  0.86000000E+01  0.22980469E-20  0.41907349E-37
  0.87000000E+01  0.22745392E-20  0.41522419E-37
  0.88000000E+01  0.22512787E-20  0.41140402E-37
  0.89000000E+01  0.22282648E-20  0.40761328E-37
  0.90000000E+01  0.22054968E-20  0.40385226E-37
  0.91000000E+01  0.21829737E-20  0.40012119E-37
  0.92000000E+01  0.21606946E-20  0.39642029E-37
  0.93000000E+01  0.21386584E-20  0.39274977E-37
  0.94000000E+01  0.21168639E-20  0.38910981E-37
  0.95000000E+01  0.20953099E-20  0.38550055E-37
  0.96000000E+01  0.20739950E-20  0.38192214E-37
  0.97000000E+01  0.20529178E-20  0.37837469E-37
  0.98000000E+01  0.20320769E-20  0.37485828E-37
  0.99000000E+01  0.20114707E-20  0.37137301E-37
  0.10000000E+02  0.19910975E-20  0.36791892E-37
  0.10100000E+02  0.19709558E-20  0.36449605E-37
  0.10200000E+02  0.19510439E-20  0.36110443E-37
  0.10300000E+02  0.19313599E-20  0.35774408E-37
  0.10400000E+02  0.19119020E-20  0.35441497E-37
  0.10500000E+02  0.18926685E-20  0.35111709E-37
  0.10600000E+02  0.18736575E-20  0.34785039E-37
  0.10700000E+02  0.18548669E-20  0.34461484E-37
  0.10800000E+02  0.18362950E-20  0.34141037E-37
  0.10900000E+02  0.18179397E-20  0.33823690E-37
  0.11000000E+02  0.17997991E-20  0.33509435E-37
  0.11100000E+02  0.17818710E-20  0.33198262E-37
  0.11200000E+02  0.17641536E-20  0.32890160E-37
  0.11300000E+02  0.17466446E-20  0.32585117E-37
  0.11400000E+02  0.17293422E-20  0.32283120E-37
  0.11500000E+02  0.17122442E-20  0.31984156E-37
  0.11600000E+02  0.16953484E-20  0.31688210E-37
  0.11700000E+02  0.16786529E-20  0.31395267E-37
  0.11800000E+02  0.16621555E-20  0.31105310E-37
  0.11900000E+02  0.16458541E-20  0.30818324E-37
  0.12000000E+02  0.16297466E-20  0.30534289E-37
  0.12100000E+02  0.16138309E-20  0.30253189E-37
  0.12200000E+02  0.15981049E-20  0.29975004E-37
  0.12300000E+02  0.15825665E-20  0.29699715E-37
  0.12400000E+02  0.15672135E-20  0.29427302E-37
  0.12500000E+02  0.15520439E-20  0.29157745E-37
  0.12600000E+02  0.15370556E-20  0.28891023E-37
  0.12700000E+02  0.15222465E-20  0.28627116E-37
  0.12800000E+02  0.15076144E-20  0.28366000E-37
  0.12900000E+02  0.14931575E-20  0.28107656E-37
  0.13000000E+02  0.14788734E-20  0.27852059E-37
  0.13100000E+02  0.14647603E-20  0.27599188E-37
  0.13200000E+02  0.14508161E-20  0.27349020E-37
  0.13300000E+02  0.14370387E-20  0.27101532E-37
  0.13400000E+02  0.14234261E-20  0.26856700E-37
  0.13500000E+02  0.14099764E-20  0.26614502E-37
  0.13600000E+02  0.13966875E-20  0.26374913E-37
  0.13700000E+02  0.13835574E-20  0.26137910E-37
  0.13800000E+02  0.13705842E-20  0.25903469E-37
  0.13900000E+02  0.13577660E-20  0.25671565E-37
  0.14000000E+02  0.13451008E-20  0.25442175E-37
  0.14100000E+02  0.13325867E-20  0.25215275E-37
  0.14200000E+02  0.13202217E-20  0.24990840E-37
  0.14300000E+02  0.13080041E-20  0.24768846E-37
  0.14400000E+02  0.12959319E-20  0.24549269E-37
  0.14500000E+02  0.12840034E-20  0.24332084E-37
  0.14600000E+02  0.12722166E-20  0.24117267E-37
  0.14700000E+02  0.12605698E-20  0.23904794E-37
  0.14800000E+02  0.12490611E-20  0.23694641E-37
  0.14900000E+02  0.12376888E-20  0.23486783E-37
  0.15000000E+02  0.12264512E-20  0.23281197E-37
  0.15100000E+02  0.12153464E-20  0.23077858E-37
  0.15200000E+02  0.12043728E-20  0.22876742E-37
  0.15300000E+02  0.11935287E-20  0.22677825E-37
  0.15400000E+02  0.11828124E-20  0.22481084E-37
  0.15500000E+02  0.11722222E-20  0.22286494E-37
  0.15600000E+02  0.11617565E-20  0.22094033E-37
  0.15700000E+02  0.11514136E-20  0.21903677E-37
  0.15800000E+02  0.11411920E-20  0.21715402E-37
  0.15900000E+02  0.11310900E-20  0.21529186E-37
  0.16000000E+02  0.11211061E-20  0.21345004E-37
  0.16100000E+02  0.11112388E-20  0.21162835E-37
  0.16200000E+02  0.11014864E-20  0.20982656E-37
  0.16300000E+02  0.10918475E-20  0.20804443E-37
  0.16400000E+02  0.10823206E-20  0.20628175E-37
  0.16500000E+02  0.10729042E-20  0.20453829E-37
  0.16600000E+02  0.10635969E-20  0.20281383E-37
  0.16700000E+02  0.10543972E-20  0.20110815E-37
  0.16800000E+02  0.10453036E-20  0.19942103E-37
  0.16900000E+02  0.10363149E-20  0.19775226E-37
  0.17000000E+02  0.10274295E-20  0.19610163E-37
  0.17100000E+02  0.10186462E-20  0.19446892E-37
  0.17200000E+02  0.10099635E-20  0.19285392E-37
  0.17300000E+02  0.10013802E-20  0.19125643E-37
  0.17400000E+02  0.99289493E-21  0.18967623E-37
  0.17500000E+02  0.98450638E-21  0.18811313E-37
  0.17600000E+02  0.97621328E-21  0.18656691E-37
  0.17700000E+02  0.96801437E-21  0.18503739E-37
  0.17800000E+02  0.95990839E-21  0.18352436E-37
  0.17900000E+02  0.95189413E-21  0.18202762E-37
  0.18000000E+02  0.94397035E-21  0.18054698E-37
  0.18100000E+02  0.93613588E-21  0.17908225E-37
  0.18200000E+02  0.92838952E-21  0.17763324E-37
  0.18300000E+02  0.92073011E-21  0.17619976E-37
  0.18400000E+02  0.91315650E-21  0.17478162E-37
  0.18500000E+02  0.90566756E-21  0.17337864E-37
  0.18600000E+02  0.89826217E-21  0.17199063E-37
  0.18700000E+02  0.89093923E-21  0.17061742E-37
  0.18800000E+02  0.88369765E-21  0.16925882E-37
  0.18900000E+02  0.87653636E-21  0.16791467E-37
  0.19000000E+02  0.86945429E-21  0.16658477E-37
  0.19100000E+02  0.86245042E-21  0.16526898E-37
  0.19200000E+02  0.85552370E-21  0.16396710E-37
  0.19300000E+02  0.84867313E-21  0.16267898E-37
  0.19400000E+02  0.84189771E-21  0.16140444E-37
  0.19500000E+02  0.83519645E-21  0.16014333E-37
  0.19600000E+02  0.82856838E-21  0.15889547E-37
  0.19700000E+02  0.82201254E-21  0.15766071E-37
  0.19800000E+02  0.81552798E-21  0.15643890E-37
  0.19900000E+02  0.80911379E-21  0.15522986E-37
  0.20000000E+02  0.80276903E-21  0.15403345E-37
  0.20100000E+02  0.79649280E-21  0.15284951E-37
  0.20200000E+02  0.79028421E-21  0.15167790E-37
  0.20300000E+02  0.78414239E-21  0.15051846E-37
  0.20400000E+02  0.77806645E-21  0.14937104E-37
  0.20500000E+02  0.77205556E-21  0.14823551E-37
  0.20600000E+02  0.76610886E-21  0.14711170E-37
  0.20700000E+02  0.76022553E-21  0.14599949E-37
  0.20800000E+02  0.75440474E-21  0.14489873E-37
  0.20900000E+02  0.74864569E-21  0.14380928E-37
  0.21000000E+02  0.74294759E-21  0.14273101E-37
  0.21100000E+02  0.73730964E-21  0.14166378E-37
  0.21200000E+02  0.73173108E-21  0.14060745E-37
  0.21300000E+02  0.72621114E-21  0.13956190E-37
  0.21400000E+02  0.72074908E-21  0.13852699E-37
  0.21500000E+02  0.71534414E-21  0.13750259E-37
  0.21600000E+02  0.70999560E-21  0.13648858E-37
  0.21700000E+02  0.70470275E-21  0.13548484E-37
  0.21800000E+02  0.69946487E-21  0.13449123E-37
  0.21900000E+02  0.69428126E-21  0.13350764E-37
  0.22000000E+02  0.68915123E-21  0.13253395E-37
  0.22100000E+02  0.68407410E-21  0.13157003E-37
  0.22200000E+02  0.67904921E-21  0.13061577E-37
  0.22300000E+02  0.67407589E-21  0.12967105E-37
  0.22400000E+02  0.66915349E-21  0.12873576E-37
  0.22500000E+02  0.66428138E-21  0.12780978E-37
  0.22600000E+02  0.65945890E-21  0.12689301E-37
  0.22700000E+02  0.65468546E-21  0.12598533E-37
  0.22800000E+02  0.64996042E-21  0.12508663E-37
  0.22900000E+02  0.64528319E-21  0.12419681E-37
  0.23000000E+02  0.64065316E-21  0.12331576E-37
  0.23100000E+02  0.63606975E-21  0.12244337E-37
  0.23200000E+02  0.63153237E-21  0.12157955E-37
  0.23300000E+02  0.62704046E-21  0.12072419E-37
  0.23400000E+02  0.62259345E-21  0.11987718E-37
  0.23500000E+02  0.61819078E-21  0.11903844E-37
  0.23600000E+02  0.61383191E-21  0.11820786E-37
  0.23700000E+02  0.60951629E-21  0.11738535E-37
  0.23800000E+02  0.60524339E-21  0.11657080E-37
  0.23900000E+02  0.60101269E-21  0.11576413E-37
  0.24000000E+02  0.59682367E-21  0.11496525E-37
  0.24100000E+02  0.59267582E-21  0.11417406E-37
  0.24200000E+02  0.58856863E-21  0.11339046E-37
  0.24300000E+02  0.58450160E-21  0.11261438E-37
  0.24400000E+02  0.58047426E-21  0.11184573E-37
  0.24500000E+02  0.57648611E-21  0.11108441E-37
  0.24600000E+02  0.57253667E-21  0.11033033E-37
  0.24700000E+02  0.56862549E-21  0.10958343E-37
  0.24800000E+02  0.56475210E-21  0.10884361E-37
  0.24900000E+02  0.56091604E-21  0.10811078E-37
  0.25000000E+02  0.55711685E-21  0.10738488E-37
  0.25100000E+02  0.55335411E-21  0.10666581E-37
  0.25200000E+02  0.54962737E-21  0.10595350E-37
  0.25300000E+02  0.54593619E-21  0.10524787E-37
  0.25400000E+02  0.54228016E-21  0.10454884E-37
  0.25500000E+02  0.53865886E-21  0.10385634E-37
  0.25600000E+02  0.53507186E-21  0.10317028E-37
  0.25700000E+02  0.53151877E-21  0.10249061E-37
  0.25800000E+02  0.52799918E-21  0.10181724E-37
  0.25900000E+02  0.52451269E-21  0.10115010E-37
  0.26000000E+02  0.52105892E-21  0.10048912E-37
  0.26100000E+02  0.51763747E-21  0.99834223E-38
  0.26200000E+02  0.51424798E-21  0.99185350E-38
  0.26300000E+02  0.51089005E-21  0.98542427E-38
  0.26400000E+02  0.50756332E-21  0.97905387E-38
  0.26500000E+02  0.50426743E-21  0.97274163E-38
  0.26600000E+02  0.50100201E-21  0.96648689E-38
  0.26700000E+02  0.49776672E-21  0.96028899E-38
  0.26800000E+02  0.49456120E-21  0.95414730E-38
  0.26900000E+02  0.49138510E-21  0.94806117E-38
  0.27000000E+02  0.48823809E-21  0.94202999E-38
  0.27100000E+02  0.48511982E-21  0.93605313E-38
  0.27200000E+02  0.48202997E-21  0.93012998E-38
  0.27300000E+02  0.47896821E-21  0.92425995E-38
  0.27400000E+02  0.47593422E-21  0.91844242E-38
  0.27500000E+02  0.47292768E-21  0.91267683E-38
  0.27600000E+02  0.46994827E-21  0.90696258E-38
  0.27700000E+02  0.46699568E-21  0.90129911E-38
  0.27800000E+02  0.46406962E-21  0.89568585E-38
  0.27900000E+02  0.46116977E-21  0.89012224E-38
  0.28000000E+02  0.45829583E-21  0.88460773E-38
  0.28100000E+02  0.45544753E-21  0.87914179E-38
  0.28200000E+02  0.45262456E-21  0.87372387E-38
  0.28300000E+02  0.44982664E-21  0.86835344E-38
  0.28400000E+02  0.44705350E-21  0.86302998E-38
  0.28500000E+02  0.44430484E-21  0.85775298E-38
  0.28600000E+02  0.44158039E-21  0.85252192E-38
  0.28700000E+02  0.43887990E-21  0.84733630E-38
  0.28800000E+02  0.43620308E-21  0.84219564E-38
  0.28900000E+02  0.43354967E-21  0.83709942E-38
  0.29000000E+02  0.43091942E-21  0.83204718E-38
  0.29100000E+02  0.42831206E-21  0.82703843E-38
  0.29200000E+02  0.42572735E-21  0.82207271E-38
  0.29300000E+02  0.42316503E-21  0.81714954E-38
  0.29400000E+02  0.42062485E-21  0.81226846E-38
  0.29500000E+02  0.41810658E-21  0.80742903E-38
  0.29600000E+02  0.41560997E-21  0.80263080E-38
  0.29700000E+02  0.41313479E-21  0.79787331E-38
  0.29800000E+02  0.41068079E-21  0.79315614E-38
  0.29900000E+02  0.40824776E-21  0.78847885E-38
  0.30000000E+02  0.40583545E-21  0.78384101E-38
  0.30100000E+02  0.40344365E-21  0.77924222E-38
  0.30200000E+02  0.40107214E-21  0.77468204E-38
  0.30300000E+02  0.39872068E-21  0.77016007E-38
  0.30400000E+02  0.39638908E-21  0.76567590E-38
  0.30500000E+02  0.39407711E-21  0.76122914E-38
  0.30600000E+02  0.39178456E-21  0.75681938E-38
  0.30700000E+02  0.38951122E-21  0.75244625E-38
  0.30800000E+02  0.38725689E-21  0.74810934E-38
  0.30900000E+02  0.38502137E-21  0.74380829E-38
  0.31000000E+02  0.38280445E-21  0.73954271E-38
  0.31100000E+02  0.38060594E-21  0.73531224E-38
  0.31200000E+02  0.37842564E-21  0.73111650E-38
  0.31300000E+02  0.37626335E-21  0.72695514E-38
  0.31400000E+02  0.37411890E-21  0.72282780E-38
  0.31500000E+02  0.37199208E-21  0.71873412E-38
  0.31600000E+02  0.36988272E-21  0.71467375E-38
  0.31700000E+02  0.36779062E-21  0.71064636E-38
  0.31800000E+02  0.36571562E-21  0.70665159E-38
  0.31900000E+02  0.36365752E-21  0.70268912E-38
  0.32000000E+02  0.36161616E-21  0.69875861E-38
  0.32100000E+02  0.35959136E-21  0.69485973E-38
  0.32200000E+02  0.35758294E-21  0.69099216E-38
  0.32300000E+02  0.35559074E-21  0.68715558E-38
  0.32400000E+02  0.35361459E-21  0.68334967E-38
  0.32500000E+02  0.35165432E-21  0.67957412E-38
  0.32600000E+02  0.34970977E-21  0.67582862E-38
  0.32700000E+02  0.34778078E-21  0.67211287E-38
  0.32800000E+02  0.34586718E-21  0.66842655E-38
  0.32900000E+02  0.34396883E-21  0.66476939E-38
  0.33000000E+02  0.34208555E-21  0.66114107E-38
  0.33100000E+02  0.34021721E-21  0.65754132E-38
  0.33200000E+02  0.33836365E-21  0.65396984E-38
  0.33300000E+02  0.33652471E-21  0.65042635E-38
  0.33400000E+02  0.33470025E-21  0.64691058E-38
  0.33500000E+02  0.33289012E-21  0.64342223E-38
  0.33600000E+02  0.33109418E-21  0.63996104E-38
  0.33700000E+02  0.32931229E-21  0.63652675E-38
  0.33800000E+02  0.32754430E-21  0.63311907E-38
  0.33900000E+02  0.32579007E-21  0.62973775E-38
  0.34000000E+02  0.32404947E-21  0.62638253E-38
  0.34100000E+02  0.32232235E-21  0.62305314E-38
  0.34200000E+02  0.32060859E-21  0.61974934E-38
  0.34300000E+02  0.31890806E-21  0.61647088E-38
  0.34400000E+02  0.31722061E-21  0.61321749E-38
  0.34500000E+02  0.31554612E-21  0.60998894E-38
  0.34600000E+02  0.31388447E-21  0.60678499E-38
  0.34700000E+02  0.31223552E-21  0.60360539E-38
  0.34800000E+02  0.31059915E-21  0.60044990E-38
  0.34900000E+02  0.30897524E-21  0.59731830E-38
  0.35000000E+02  0.30736366E-21  0.59421035E-38
  0.35100000E+02  0.30576430E-21  0.59112582E-38
  0.35200000E+02  0.30417703E-21  0.58806448E-38
  0.35300000E+02  0.30260173E-21  0.58502611E-38
  0.35400000E+02  0.30103830E-21  0.58201049E-38
  0.35500000E+02  0.29948661E-21  0.57901740E-38
  0.35600000E+02  0.29794654E-21  0.57604663E-38
  0.35700000E+02  0.29641800E-21  0.57309795E-38
  0.35800000E+02  0.29490086E-21  0.57017116E-38
  0.35900000E+02  0.29339502E-21  0.56726606E-38
  0.36000000E+02  0.29190037E-21  0.56438242E-38
  0.36100000E+02  0.29041680E-21  0.56152006E-38
  0.36200000E+02  0.28894420E-21  0.55867876E-38
  0.36300000E+02  0.28748247E-21  0.55585833E-38
  0.36400000E+02  0.28603151E-21  0.55305857E-38
  0.36500000E+02  0.28459121E-21  0.55027929E-38
  0.36600000E+02  0.28316147E-21  0.54752028E-38
  0.36700000E+02  0.28174219E-21  0.54478137E-38
  0.36800000E+02  0.28033328E-21  0.54206237E-38
  0.36900000E+02  0.27893463E-21  0.53936308E-38
  0.37000000E+02  0.27754615E-21  0.53668332E-38
  0.37100000E+02  0.27616774E-21  0.53402292E-38
  0.37200000E+02  0.27479931E-21  0.53138169E-38
  0.37300000E+02  0.27344076E-21  0.52875944E-38
  0.37400000E+02  0.27209200E-21  0.52615602E-38
  0.37500000E+02  0.27075295E-21  0.52357124E-38
  0.37600000E+02  0.26942350E-21  0.52100493E-38
  0.37700000E+02  0.26810358E-21  0.51845691E-38
  0.37800000E+02  0.26679309E-21  0.51592703E-38
  0.37900000E+02  0.26549194E-21  0.51341512E-38
  0.38000000E+02  0.26420005E-21  0.51092100E-38
  0.38100000E+02  0.26291734E-21  0.50844452E-38
  0.38200000E+02  0.26164371E-21  0.50598552E-38
  0.38300000E+02  0.26037909E-21  0.50354384E-38
  0.38400000E+02  0.25912339E-21  0.50111931E-38
  0.38500000E+02  0.25787654E-21  0.49871179E-38
  0.38600000E+02  0.25663844E-21  0.49632112E-38
  0.38700000E+02  0.25540902E-21  0.49394715E-38
  0.38800000E+02  0.25418821E-21  0.49158972E-38
  0.38900000E+02  0.25297592E-21  0.48924869E-38
  0.39000000E+02  0.25177208E-21  0.48692391E-38
  0.39100000E+02  0.25057660E-21  0.48461523E-38
  0.39200000E+02  0.24938942E-21  0.48232252E-38
  0.39300000E+02  0.24821047E-21  0.48004562E-38
  0.39400000E+02  0.24703965E-21  0.47778440E-38
  0.39500000E+02  0.24587691E-21  0.47553871E-38
  0.39600000E+02  0.24472217E-21  0.47330842E-38
  0.39700000E+02  0.24357536E-21  0.47109339E-38
  0.39800000E+02  0.24243641E-21  0.46889349E-38
  0.39900000E+02  0.24130524E-21  0.46670858E-38
  0.40000000E+02  0.24018180E-21  0.46453854E-38
