  0.00000000E+00  0.72057010E-23 -0.18890856E-37
  0.10000000E+00  0.72059191E-23 -0.18883331E-37
  0.20000000E+00  0.72065706E-23 -0.18860783E-37
  0.30000000E+00  0.72076468E-23 -0.18823304E-37
  0.40000000E+00  0.72091334E-23 -0.18771037E-37
  0.50000000E+00  0.72110105E-23 -0.18704189E-37
  0.60000000E+00  0.72132530E-23 -0.18623016E-37
  0.70000000E+00  0.72158308E-23 -0.18527830E-37
  0.80000000E+00  0.72187093E-23 -0.18418990E-37
  0.90000000E+00  0.72218494E-23 -0.18296903E-37
  0.10000000E+01  0.72252082E-23 -0.18162017E-37
  0.11000000E+01  0.72287396E-23 -0.18014821E-37
  0.12000000E+01  0.72323944E-23 -0.17855836E-37
  0.13000000E+01  0.72361210E-23 -0.17685614E-37
  0.14000000E+01  0.72398660E-23 -0.17504733E-37
  0.15000000E+01  0.72435743E-23 -0.17313793E-37
  0.16000000E+01  0.72471902E-23 -0.17113410E-37
  0.17000000E+01  0.72506573E-23 -0.16904213E-37
  0.18000000E+01  0.72539192E-23 -0.16686839E-37
  0.19000000E+01  0.72569201E-23 -0.16461930E-37
  0.20000000E+01  0.72596049E-23 -0.16230127E-37
  0.21000000E+01  0.72619196E-23 -0.15992071E-37
  0.22000000E+01  0.72638120E-23 -0.15748393E-37
  0.23000000E+01  0.72652317E-23 -0.15499716E-37
  0.24000000E+01  0.72661302E-23 -0.15246652E-37
  0.25000000E+01  0.72664616E-23 -0.14989796E-37
  0.26000000E+01  0.72661825E-23 -0.14729726E-37
  0.27000000E+01  0.72652522E-23 -0.14467003E-37
  0.28000000E+01  0.72636328E-23 -0.14202165E-37
  0.29000000E+01  0.72612895E-23 -0.13935730E-37
  0.30000000E+01  0.72581904E-23 -0.13668192E-37
  0.31000000E+01  0.72543066E-23 -0.13400022E-37
  0.32000000E+01  0.72496124E-23 -0.13131665E-37
  0.33000000E+01  0.72440850E-23 -0.12863544E-37
  0.34000000E+01  0.72377048E-23 -0.12596054E-37
  0.35000000E+01  0.72304550E-23 -0.12329567E-37
  0.36000000E+01  0.72223219E-23 -0.12064430E-37
  0.37000000E+01  0.72132943E-23 -0.11800965E-37
  0.38000000E+01  0.72033640E-23 -0.11539472E-37
  0.39000000E+01  0.71925254E-23 -0.11280224E-37
  0.40000000E+01  0.71807753E-23 -0.11023474E-37
  0.41000000E+01  0.71681128E-23 -0.10769453E-37
  0.42000000E+01  0.71545397E-23 -0.10518371E-37
  0.43000000E+01  0.71400593E-23 -0.10270414E-37
  0.44000000E+01  0.71246775E-23 -0.10025755E-37
  0.45000000E+01  0.71084018E-23 -0.97845415E-38
  0.46000000E+01  0.70912414E-23 -0.95469085E-38
  0.47000000E+01  0.70732072E-23 -0.93129717E-38
  0.48000000E+01  0.70543118E-23 -0.90828318E-38
  0.49000000E+01  0.70345688E-23 -0.88565743E-38
  0.50000000E+01  0.70139933E-23 -0.86342710E-38
  0.51000000E+01  0.69926015E-23 -0.84159804E-38
  0.52000000E+01  0.69704107E-23 -0.82017489E-38
  0.53000000E+01  0.69474390E-23 -0.79916112E-38
  0.54000000E+01  0.69237053E-23 -0.77855919E-38
  0.55000000E+01  0.68992294E-23 -0.75837055E-38
  0.56000000E+01  0.68740314E-23 -0.73859576E-38
  0.57000000E+01  0.68481324E-23 -0.71923453E-38
  0.58000000E+01  0.68215534E-23 -0.70028583E-38
  0.59000000E+01  0.67943163E-23 -0.68174792E-38
  0.60000000E+01  0.67664429E-23 -0.66361843E-38
  0.61000000E+01  0.67379555E-23 -0.64589440E-38
  0.62000000E+01  0.67088763E-23 -0.62857237E-38
  0.63000000E+01  0.66792278E-23 -0.61164838E-38
  0.64000000E+01  0.66490325E-23 -0.59511809E-38
  0.65000000E+01  0.66183128E-23 -0.57897675E-38
  0.66000000E+01  0.65870912E-23 -0.56321928E-38
  0.67000000E+01  0.65553899E-23 -0.54784033E-38
  0.68000000E+01  0.65232310E-23 -0.53283428E-38
  0.69000000E+01  0.64906366E-23 -0.51819528E-38
  0.70000000E+01  0.64576284E-23 -0.50391730E-38
  0.71000000E+01  0.64242278E-23 -0.48999416E-38
  0.72000000E+01  0.63904562E-23 -0.47641954E-38
  0.73000000E+01  0.63563343E-23 -0.46318700E-38
  0.74000000E+01  0.63218828E-23 -0.45029003E-38
  0.75000000E+01  0.62871219E-23 -0.43772207E-38
  0.76000000E+01  0.62520714E-23 -0.42547650E-38
  0.77000000E+01  0.62167510E-23 -0.41354666E-38
  0.78000000E+01  0.61811795E-23 -0.40192592E-38
  0.79000000E+01  0.61453758E-23 -0.39060763E-38
  0.80000000E+01  0.61093581E-23 -0.37958516E-38
  0.81000000E+01  0.60731442E-23 -0.36885192E-38
  0.82000000E+01  0.60367516E-23 -0.35840136E-38
  0.83000000E+01  0.60001972E-23 -0.34822697E-38
  0.84000000E+01  0.59634976E-23 -0.33832233E-38
  0.85000000E+01  0.59266689E-23 -0.32868105E-38
  0.86000000E+01  0.58897266E-23 -0.31929685E-38
  0.87000000E+01  0.58526861E-23 -0.31016351E-38
  0.88000000E+01  0.58155620E-23 -0.30127491E-38
  0.89000000E+01  0.57783687E-23 -0.29262502E-38
  0.90000000E+01  0.57411202E-23 -0.28420789E-38
  0.91000000E+01  0.57038297E-23 -0.27601768E-38
  0.92000000E+01  0.56665105E-23 -0.26804865E-38
  0.93000000E+01  0.56291749E-23 -0.26029518E-38
  0.94000000E+01  0.55918353E-23 -0.25275173E-38
  0.95000000E+01  0.55545033E-23 -0.24541289E-38
  0.96000000E+01  0.55171902E-23 -0.23827333E-38
  0.97000000E+01  0.54799072E-23 -0.23132786E-38
  0.98000000E+01  0.54426645E-23 -0.22457138E-38
  0.99000000E+01  0.54054725E-23 -0.21799891E-38
  0.10000000E+02  0.53683408E-23 -0.21160557E-38
  0.10100000E+02  0.53312788E-23 -0.20538661E-38
  0.10200000E+02  0.52942955E-23 -0.19933735E-38
  0.10300000E+02  0.52573997E-23 -0.19345325E-38
  0.10400000E+02  0.52205995E-23 -0.18772988E-38
  0.10500000E+02  0.51839030E-23 -0.18216290E-38
  0.10600000E+02  0.51473177E-23 -0.17674807E-38
  0.10700000E+02  0.51108510E-23 -0.17148126E-38
  0.10800000E+02  0.50745097E-23 -0.16635847E-38
  0.10900000E+02  0.50383006E-23 -0.16137575E-38
  0.11000000E+02  0.50022300E-23 -0.15652928E-38
  0.11100000E+02  0.49663038E-23 -0.15181534E-38
  0.11200000E+02  0.49305280E-23 -0.14723029E-38
  0.11300000E+02  0.48949079E-23 -0.14277060E-38
  0.11400000E+02  0.48594487E-23 -0.13843282E-38
  0.11500000E+02  0.48241554E-23 -0.13421359E-38
  0.11600000E+02  0.47890327E-23 -0.13010965E-38
  0.11700000E+02  0.47540850E-23 -0.12611781E-38
  0.11800000E+02  0.47193165E-23 -0.12223499E-38
  0.11900000E+02  0.46847310E-23 -0.11845817E-38
  0.12000000E+02  0.46503324E-23 -0.11478442E-38
  0.12100000E+02  0.46161242E-23 -0.11121088E-38
  0.12200000E+02  0.45821095E-23 -0.10773480E-38
  0.12300000E+02  0.45482916E-23 -0.10435346E-38
  0.12400000E+02  0.45146732E-23 -0.10106424E-38
  0.12500000E+02  0.44812571E-23 -0.97864600E-39
  0.12600000E+02  0.44480458E-23 -0.94752049E-39
  0.12700000E+02  0.44150416E-23 -0.91724177E-39
  0.12800000E+02  0.43822466E-23 -0.88778639E-39
  0.12900000E+02  0.43496628E-23 -0.85913155E-39
  0.13000000E+02  0.43172921E-23 -0.83125508E-39
  0.13100000E+02  0.42851360E-23 -0.80413544E-39
  0.13200000E+02  0.42531961E-23 -0.77775169E-39
  0.13300000E+02  0.42214738E-23 -0.75208346E-39
  0.13400000E+02  0.41899702E-23 -0.72711098E-39
  0.13500000E+02  0.41586866E-23 -0.70281501E-39
  0.13600000E+02  0.41276237E-23 -0.67917688E-39
  0.13700000E+02  0.40967826E-23 -0.65617843E-39
  0.13800000E+02  0.40661638E-23 -0.63380201E-39
  0.13900000E+02  0.40357680E-23 -0.61203047E-39
  0.14000000E+02  0.40055957E-23 -0.59084715E-39
  0.14100000E+02  0.39756472E-23 -0.57023586E-39
  0.14200000E+02  0.39459229E-23 -0.55018087E-39
  0.14300000E+02  0.39164230E-23 -0.53066689E-39
  0.14400000E+02  0.38871475E-23 -0.51167906E-39
  0.14500000E+02  0.38580964E-23 -0.49320296E-39
  0.14600000E+02  0.38292697E-23 -0.47522456E-39
  0.14700000E+02  0.38006672E-23 -0.45773023E-39
  0.14800000E+02  0.37722887E-23 -0.44070674E-39
  0.14900000E+02  0.37441338E-23 -0.42414122E-39
  0.15000000E+02  0.37162022E-23 -0.40802117E-39
  0.15100000E+02  0.36884934E-23 -0.39233444E-39
  0.15200000E+02  0.36610069E-23 -0.37706923E-39
  0.15300000E+02  0.36337421E-23 -0.36221408E-39
  0.15400000E+02  0.36066984E-23 -0.34775784E-39
  0.15500000E+02  0.35798751E-23 -0.33368969E-39
  0.15600000E+02  0.35532715E-23 -0.31999910E-39
  0.15700000E+02  0.35268867E-23 -0.30667584E-39
  0.15800000E+02  0.35007198E-23 -0.29371000E-39
  0.15900000E+02  0.34747701E-23 -0.28109190E-39
  0.16000000E+02  0.34490366E-23 -0.26881217E-39
  0.16100000E+02  0.34235182E-23 -0.25686169E-39
  0.16200000E+02  0.33982140E-23 -0.24523159E-39
  0.16300000E+02  0.33731230E-23 -0.23391328E-39
  0.16400000E+02  0.33482440E-23 -0.22289837E-39
  0.16500000E+02  0.33235759E-23 -0.21217873E-39
  0.16600000E+02  0.32991176E-23 -0.20174646E-39
  0.16700000E+02  0.32748680E-23 -0.19159387E-39
  0.16800000E+02  0.32508257E-23 -0.18171350E-39
  0.16900000E+02  0.32269896E-23 -0.17209808E-39
  0.17000000E+02  0.32033584E-23 -0.16274055E-39
  0.17100000E+02  0.31799308E-23 -0.15363405E-39
  0.17200000E+02  0.31567056E-23 -0.14477193E-39
  0.17300000E+02  0.31336814E-23 -0.13614768E-39
  0.17400000E+02  0.31108570E-23 -0.12775501E-39
  0.17500000E+02  0.30882309E-23 -0.11958779E-39
  0.17600000E+02  0.30658017E-23 -0.11164007E-39
  0.17700000E+02  0.30435682E-23 -0.10390604E-39
  0.17800000E+02  0.30215290E-23 -0.96380084E-40
  0.17900000E+02  0.29996825E-23 -0.89056717E-40
  0.18000000E+02  0.29780275E-23 -0.81930615E-40
  0.18100000E+02  0.29565624E-23 -0.74996599E-40
  0.18200000E+02  0.29352859E-23 -0.68249633E-40
  0.18300000E+02  0.29141966E-23 -0.61684819E-40
  0.18400000E+02  0.28932930E-23 -0.55297393E-40
  0.18500000E+02  0.28725735E-23 -0.49082724E-40
  0.18600000E+02  0.28520369E-23 -0.43036305E-40
  0.18700000E+02  0.28316816E-23 -0.37153753E-40
  0.18800000E+02  0.28115062E-23 -0.31430805E-40
  0.18900000E+02  0.27915093E-23 -0.25863315E-40
  0.19000000E+02  0.27716892E-23 -0.20447247E-40
  0.19100000E+02  0.27520447E-23 -0.15178678E-40
  0.19200000E+02  0.27325742E-23 -0.10053790E-40
  0.19300000E+02  0.27132763E-23 -0.50688677E-41
  0.19400000E+02  0.26941494E-23 -0.22029741E-42
  0.19500000E+02  0.26751923E-23  0.44954373E-41
  0.19600000E+02  0.26564033E-23  0.90817581E-41
  0.19700000E+02  0.26377810E-23  0.13541994E-40
  0.19800000E+02  0.26193240E-23  0.17879386E-40
  0.19900000E+02  0.26010309E-23  0.22097087E-40
  0.20000000E+02  0.25829002E-23  0.26198164E-40
  0.20100000E+02  0.25649304E-23  0.30185604E-40
  0.20200000E+02  0.25471201E-23  0.34062315E-40
  0.20300000E+02  0.25294679E-23  0.37831125E-40
  0.20400000E+02  0.25119724E-23  0.41494787E-40
  0.20500000E+02  0.24946321E-23  0.45055982E-40
  0.20600000E+02  0.24774456E-23  0.48517320E-40
  0.20700000E+02  0.24604116E-23  0.51881341E-40
  0.20800000E+02  0.24435286E-23  0.55150517E-40
  0.20900000E+02  0.24267953E-23  0.58327256E-40
  0.21000000E+02  0.24102102E-23  0.61413903E-40
  0.21100000E+02  0.23937719E-23  0.64412739E-40
  0.21200000E+02  0.23774792E-23  0.67325987E-40
  0.21300000E+02  0.23613307E-23  0.70155811E-40
  0.21400000E+02  0.23453249E-23  0.72904317E-40
  0.21500000E+02  0.23294606E-23  0.75573559E-40
  0.21600000E+02  0.23137364E-23  0.78165535E-40
  0.21700000E+02  0.22981510E-23  0.80682190E-40
  0.21800000E+02  0.22827031E-23  0.83125421E-40
  0.21900000E+02  0.22673913E-23  0.85497074E-40
  0.22000000E+02  0.22522144E-23  0.87798947E-40
  0.22100000E+02  0.22371711E-23  0.90032793E-40
  0.22200000E+02  0.22222600E-23  0.92200317E-40
  0.22300000E+02  0.22074800E-23  0.94303182E-40
  0.22400000E+02  0.21928298E-23  0.96343007E-40
  0.22500000E+02  0.21783080E-23  0.98321371E-40
  0.22600000E+02  0.21639135E-23  0.10023981E-39
  0.22700000E+02  0.21496451E-23  0.10209982E-39
  0.22800000E+02  0.21355014E-23  0.10390287E-39
  0.22900000E+02  0.21214814E-23  0.10565037E-39
  0.23000000E+02  0.21075838E-23  0.10734370E-39
  0.23100000E+02  0.20938073E-23  0.10898423E-39
  0.23200000E+02  0.20801509E-23  0.11057327E-39
  0.23300000E+02  0.20666133E-23  0.11211209E-39
  0.23400000E+02  0.20531934E-23  0.11360195E-39
  0.23500000E+02  0.20398900E-23  0.11504407E-39
  0.23600000E+02  0.20267020E-23  0.11643963E-39
  0.23700000E+02  0.20136282E-23  0.11778980E-39
  0.23800000E+02  0.20006676E-23  0.11909569E-39
  0.23900000E+02  0.19878190E-23  0.12035841E-39
  0.24000000E+02  0.19750812E-23  0.12157903E-39
  0.24100000E+02  0.19624534E-23  0.12275859E-39
  0.24200000E+02  0.19499342E-23  0.12389812E-39
  0.24300000E+02  0.19375227E-23  0.12499861E-39
  0.24400000E+02  0.19252178E-23  0.12606102E-39
  0.24500000E+02  0.19130184E-23  0.12708630E-39
  0.24600000E+02  0.19009236E-23  0.12807538E-39
  0.24700000E+02  0.18889322E-23  0.12902914E-39
  0.24800000E+02  0.18770432E-23  0.12994846E-39
  0.24900000E+02  0.18652557E-23  0.13083420E-39
  0.25000000E+02  0.18535686E-23  0.13168719E-39
  0.25100000E+02  0.18419810E-23  0.13250825E-39
  0.25200000E+02  0.18304917E-23  0.13329815E-39
  0.25300000E+02  0.18191000E-23  0.13405768E-39
  0.25400000E+02  0.18078048E-23  0.13478759E-39
  0.25500000E+02  0.17966051E-23  0.13548861E-39
  0.25600000E+02  0.17855000E-23  0.13616146E-39
  0.25700000E+02  0.17744885E-23  0.13680684E-39
  0.25800000E+02  0.17635699E-23  0.13742543E-39
  0.25900000E+02  0.17527430E-23  0.13801789E-39
  0.26000000E+02  0.17420070E-23  0.13858488E-39
  0.26100000E+02  0.17313611E-23  0.13912702E-39
  0.26200000E+02  0.17208042E-23  0.13964494E-39
  0.26300000E+02  0.17103356E-23  0.14013923E-39
  0.26400000E+02  0.16999544E-23  0.14061049E-39
  0.26500000E+02  0.16896596E-23  0.14105929E-39
  0.26600000E+02  0.16794505E-23  0.14148618E-39
  0.26700000E+02  0.16693262E-23  0.14189171E-39
  0.26800000E+02  0.16592859E-23  0.14227643E-39
  0.26900000E+02  0.16493286E-23  0.14264083E-39
  0.27000000E+02  0.16394537E-23  0.14298544E-39
  0.27100000E+02  0.16296603E-23  0.14331075E-39
  0.27200000E+02  0.16199475E-23  0.14361724E-39
  0.27300000E+02  0.16103147E-23  0.14390538E-39
  0.27400000E+02  0.16007610E-23  0.14417563E-39
  0.27500000E+02  0.15912856E-23  0.14442844E-39
  0.27600000E+02  0.15818877E-23  0.14466426E-39
  0.27700000E+02  0.15725667E-23  0.14488350E-39
  0.27800000E+02  0.15633217E-23  0.14508659E-39
  0.27900000E+02  0.15541519E-23  0.14527393E-39
  0.28000000E+02  0.15450568E-23  0.14544591E-39
  0.28100000E+02  0.15360354E-23  0.14560294E-39
  0.28200000E+02  0.15270872E-23  0.14574539E-39
  0.28300000E+02  0.15182113E-23  0.14587362E-39
  0.28400000E+02  0.15094071E-23  0.14598800E-39
  0.28500000E+02  0.15006739E-23  0.14608889E-39
  0.28600000E+02  0.14920110E-23  0.14617662E-39
  0.28700000E+02  0.14834176E-23  0.14625153E-39
  0.28800000E+02  0.14748932E-23  0.14631395E-39
  0.28900000E+02  0.14664370E-23  0.14636420E-39
  0.29000000E+02  0.14580484E-23  0.14640259E-39
  0.29100000E+02  0.14497267E-23  0.14642944E-39
  0.29200000E+02  0.14414713E-23  0.14644502E-39
  0.29300000E+02  0.14332815E-23  0.14644965E-39
  0.29400000E+02  0.14251567E-23  0.14644360E-39
  0.29500000E+02  0.14170963E-23  0.14642715E-39
  0.29600000E+02  0.14090996E-23  0.14640056E-39
  0.29700000E+02  0.14011660E-23  0.14636412E-39
  0.29800000E+02  0.13932950E-23  0.14631806E-39
  0.29900000E+02  0.13854858E-23  0.14626265E-39
  0.30000000E+02  0.13777380E-23  0.14619814E-39
  0.30100000E+02  0.13700509E-23  0.14612475E-39
  0.30200000E+02  0.13624239E-23  0.14604274E-39
  0.30300000E+02  0.13548565E-23  0.14595232E-39
  0.30400000E+02  0.13473481E-23  0.14585372E-39
  0.30500000E+02  0.13398981E-23  0.14574716E-39
  0.30600000E+02  0.13325059E-23  0.14563286E-39
  0.30700000E+02  0.13251711E-23  0.14551102E-39
  0.30800000E+02  0.13178930E-23  0.14538184E-39
  0.30900000E+02  0.13106712E-23  0.14524553E-39
  0.31000000E+02  0.13035050E-23  0.14510228E-39
  0.31100000E+02  0.12963940E-23  0.14495228E-39
  0.31200000E+02  0.12893376E-23  0.14479572E-39
  0.31300000E+02  0.12823354E-23  0.14463277E-39
  0.31400000E+02  0.12753867E-23  0.14446362E-39
  0.31500000E+02  0.12684911E-23  0.14428843E-39
  0.31600000E+02  0.12616481E-23  0.14410738E-39
  0.31700000E+02  0.12548572E-23  0.14392063E-39
  0.31800000E+02  0.12481179E-23  0.14372834E-39
  0.31900000E+02  0.12414298E-23  0.14353067E-39
  0.32000000E+02  0.12347922E-23  0.14332777E-39
  0.32100000E+02  0.12282048E-23  0.14311980E-39
  0.32200000E+02  0.12216671E-23  0.14290689E-39
  0.32300000E+02  0.12151786E-23  0.14268919E-39
  0.32400000E+02  0.12087389E-23  0.14246685E-39
  0.32500000E+02  0.12023475E-23  0.14224000E-39
  0.32600000E+02  0.11960039E-23  0.14200877E-39
  0.32700000E+02  0.11897077E-23  0.14177329E-39
  0.32800000E+02  0.11834585E-23  0.14153369E-39
  0.32900000E+02  0.11772558E-23  0.14129009E-39
  0.33000000E+02  0.11710992E-23  0.14104262E-39
  0.33100000E+02  0.11649883E-23  0.14079140E-39
  0.33200000E+02  0.11589226E-23  0.14053653E-39
  0.33300000E+02  0.11529018E-23  0.14027814E-39
  0.33400000E+02  0.11469253E-23  0.14001634E-39
  0.33500000E+02  0.11409929E-23  0.13975122E-39
  0.33600000E+02  0.11351041E-23  0.13948291E-39
  0.33700000E+02  0.11292584E-23  0.13921149E-39
  0.33800000E+02  0.11234556E-23  0.13893708E-39
  0.33900000E+02  0.11176951E-23  0.13865976E-39
  0.34000000E+02  0.11119767E-23  0.13837965E-39
  0.34100000E+02  0.11062999E-23  0.13809682E-39
  0.34200000E+02  0.11006644E-23  0.13781137E-39
  0.34300000E+02  0.10950697E-23  0.13752340E-39
  0.34400000E+02  0.10895156E-23  0.13723298E-39
  0.34500000E+02  0.10840016E-23  0.13694021E-39
  0.34600000E+02  0.10785273E-23  0.13664517E-39
  0.34700000E+02  0.10730925E-23  0.13634793E-39
  0.34800000E+02  0.10676967E-23  0.13604858E-39
  0.34900000E+02  0.10623396E-23  0.13574720E-39
  0.35000000E+02  0.10570209E-23  0.13544386E-39
  0.35100000E+02  0.10517402E-23  0.13513864E-39
  0.35200000E+02  0.10464971E-23  0.13483161E-39
  0.35300000E+02  0.10412914E-23  0.13452283E-39
  0.35400000E+02  0.10361227E-23  0.13421238E-39
  0.35500000E+02  0.10309906E-23  0.13390033E-39
  0.35600000E+02  0.10258948E-23  0.13358675E-39
  0.35700000E+02  0.10208351E-23  0.13327168E-39
  0.35800000E+02  0.10158110E-23  0.13295521E-39
  0.35900000E+02  0.10108224E-23  0.13263739E-39
  0.36000000E+02  0.10058687E-23  0.13231827E-39
  0.36100000E+02  0.10009498E-23  0.13199793E-39
  0.36200000E+02  0.99606537E-24  0.13167641E-39
  0.36300000E+02  0.99121505E-24  0.13135377E-39
  0.36400000E+02  0.98639855E-24  0.13103007E-39
  0.36500000E+02  0.98161558E-24  0.13070536E-39
  0.36600000E+02  0.97686585E-24  0.13037969E-39
  0.36700000E+02  0.97214905E-24  0.13005311E-39
  0.36800000E+02  0.96746491E-24  0.12972567E-39
  0.36900000E+02  0.96281314E-24  0.12939742E-39
  0.37000000E+02  0.95819344E-24  0.12906840E-39
  0.37100000E+02  0.95360555E-24  0.12873867E-39
  0.37200000E+02  0.94904919E-24  0.12840827E-39
  0.37300000E+02  0.94452407E-24  0.12807724E-39
  0.37400000E+02  0.94002993E-24  0.12774562E-39
  0.37500000E+02  0.93556650E-24  0.12741346E-39
  0.37600000E+02  0.93113351E-24  0.12708079E-39
  0.37700000E+02  0.92673070E-24  0.12674766E-39
  0.37800000E+02  0.92235781E-24  0.12641411E-39
  0.37900000E+02  0.91801457E-24  0.12608017E-39
  0.38000000E+02  0.91370074E-24  0.12574587E-39
  0.38100000E+02  0.90941606E-24  0.12541127E-39
  0.38200000E+02  0.90516028E-24  0.12507638E-39
  0.38300000E+02  0.90093315E-24  0.12474125E-39
  0.38400000E+02  0.89673443E-24  0.12440591E-39
  0.38500000E+02  0.89256387E-24  0.12407040E-39
  0.38600000E+02  0.88842123E-24  0.12373473E-39
  0.38700000E+02  0.88430628E-24  0.12339895E-39
  0.38800000E+02  0.88021877E-24  0.12306308E-39
  0.38900000E+02  0.87615848E-24  0.12272716E-39
  0.39000000E+02  0.87212518E-24  0.12239121E-39
  0.39100000E+02  0.86811863E-24  0.12205527E-39
  0.39200000E+02  0.86413861E-24  0.12171935E-39
  0.39300000E+02  0.86018490E-24  0.12138348E-39
  0.39400000E+02  0.85625727E-24  0.12104770E-39
  0.39500000E+02  0.85235551E-24  0.12071203E-39
  0.39600000E+02  0.84847939E-24  0.12037648E-39
  0.39700000E+02  0.84462870E-24  0.12004110E-39
  0.39800000E+02  0.84080323E-24  0.11970589E-39
  0.39900000E+02  0.83700277E-24  0.11937088E-39
  0.40000000E+02  0.83322711E-24  0.11903610E-39
