  0.00000000E+00  0.18236816E-20 -0.25281769E-37
  0.10000000E+00  0.18234639E-20 -0.25275976E-37
  0.20000000E+00  0.18228113E-20 -0.25258613E-37
  0.30000000E+00  0.18217255E-20 -0.25229736E-37
  0.40000000E+00  0.18202091E-20 -0.25189438E-37
  0.50000000E+00  0.18182660E-20 -0.25137844E-37
  0.60000000E+00  0.18159008E-20 -0.25075117E-37
  0.70000000E+00  0.18131194E-20 -0.25001451E-37
  0.80000000E+00  0.18099285E-20 -0.24917072E-37
  0.90000000E+00  0.18063355E-20 -0.24822234E-37
  0.10000000E+01  0.18023489E-20 -0.24717220E-37
  0.11000000E+01  0.17979775E-20 -0.24602337E-37
  0.12000000E+01  0.17932313E-20 -0.24477916E-37
  0.13000000E+01  0.17881204E-20 -0.24344305E-37
  0.14000000E+01  0.17826557E-20 -0.24201874E-37
  0.15000000E+01  0.17768483E-20 -0.24051003E-37
  0.16000000E+01  0.17707100E-20 -0.23892088E-37
  0.17000000E+01  0.17642524E-20 -0.23725533E-37
  0.18000000E+01  0.17574879E-20 -0.23551750E-37
  0.19000000E+01  0.17504284E-20 -0.23371156E-37
  0.20000000E+01  0.17430865E-20 -0.23184171E-37
  0.21000000E+01  0.17354743E-20 -0.22991213E-37
  0.22000000E+01  0.17276043E-20 -0.22792702E-37
  0.23000000E+01  0.17194886E-20 -0.22589052E-37
  0.24000000E+01  0.17111394E-20 -0.22380673E-37
  0.25000000E+01  0.17025686E-20 -0.22167968E-37
  0.26000000E+01  0.16937880E-20 -0.21951332E-37
  0.27000000E+01  0.16848091E-20 -0.21731151E-37
  0.28000000E+01  0.16756433E-20 -0.21507800E-37
  0.29000000E+01  0.16663015E-20 -0.21281645E-37
  0.30000000E+01  0.16567945E-20 -0.21053036E-37
  0.31000000E+01  0.16471327E-20 -0.20822314E-37
  0.32000000E+01  0.16373264E-20 -0.20589805E-37
  0.33000000E+01  0.16273852E-20 -0.20355823E-37
  0.34000000E+01  0.16173188E-20 -0.20120667E-37
  0.35000000E+01  0.16071363E-20 -0.19884622E-37
  0.36000000E+01  0.15968465E-20 -0.19647961E-37
  0.37000000E+01  0.15864581E-20 -0.19410941E-37
  0.38000000E+01  0.15759793E-20 -0.19173806E-37
  0.39000000E+01  0.15654181E-20 -0.18936786E-37
  0.40000000E+01  0.15547819E-20 -0.18700100E-37
  0.41000000E+01  0.15440783E-20 -0.18463951E-37
  0.42000000E+01  0.15333142E-20 -0.18228531E-37
  0.43000000E+01  0.15224964E-20 -0.17994017E-37
  0.44000000E+01  0.15116314E-20 -0.17760578E-37
  0.45000000E+01  0.15007254E-20 -0.17528368E-37
  0.46000000E+01  0.14897844E-20 -0.17297532E-37
  0.47000000E+01  0.14788141E-20 -0.17068202E-37
  0.48000000E+01  0.14678200E-20 -0.16840502E-37
  0.49000000E+01  0.14568074E-20 -0.16614545E-37
  0.50000000E+01  0.14457812E-20 -0.16390433E-37
  0.51000000E+01  0.14347464E-20 -0.16168262E-37
  0.52000000E+01  0.14237074E-20 -0.15948118E-37
  0.53000000E+01  0.14126688E-20 -0.15730077E-37
  0.54000000E+01  0.14016348E-20 -0.15514211E-37
  0.55000000E+01  0.13906093E-20 -0.15300582E-37
  0.56000000E+01  0.13795963E-20 -0.15089246E-37
  0.57000000E+01  0.13685994E-20 -0.14880252E-37
  0.58000000E+01  0.13576222E-20 -0.14673643E-37
  0.59000000E+01  0.13466680E-20 -0.14469456E-37
  0.60000000E+01  0.13357400E-20 -0.14267724E-37
  0.61000000E+01  0.13248414E-20 -0.14068473E-37
  0.62000000E+01  0.13139749E-20 -0.13871726E-37
  0.63000000E+01  0.13031435E-20 -0.13677500E-37
  0.64000000E+01  0.12923497E-20 -0.13485808E-37
  0.65000000E+01  0.12815962E-20 -0.13296661E-37
  0.66000000E+01  0.12708852E-20 -0.13110063E-37
  0.67000000E+01  0.12602191E-20 -0.12926018E-37
  0.68000000E+01  0.12496001E-20 -0.12744525E-37
  0.69000000E+01  0.12390302E-20 -0.12565581E-37
  0.70000000E+01  0.12285115E-20 -0.12389179E-37
  0.71000000E+01  0.12180456E-20 -0.12215312E-37
  0.72000000E+01  0.12076345E-20 -0.12043968E-37
  0.73000000E+01  0.11972797E-20 -0.11875135E-37
  0.74000000E+01  0.11869828E-20 -0.11708797E-37
  0.75000000E+01  0.11767453E-20 -0.11544938E-37
  0.76000000E+01  0.11665687E-20 -0.11383540E-37
  0.77000000E+01  0.11564541E-20 -0.11224584E-37
  0.78000000E+01  0.11464029E-20 -0.11068048E-37
  0.79000000E+01  0.11364162E-20 -0.10913910E-37
  0.80000000E+01  0.11264950E-20 -0.10762148E-37
  0.81000000E+01  0.11166404E-20 -0.10612737E-37
  0.82000000E+01  0.11068532E-20 -0.10465652E-37
  0.83000000E+01  0.10971345E-20 -0.10320867E-37
  0.84000000E+01  0.10874849E-20 -0.10178357E-37
  0.85000000E+01  0.10779052E-20 -0.10038093E-37
  0.86000000E+01  0.10683960E-20 -0.99000482E-38
  0.87000000E+01  0.10589581E-20 -0.97641952E-38
  0.88000000E+01  0.10495919E-20 -0.96305054E-38
  0.89000000E+01  0.10402980E-20 -0.94989500E-38
  0.90000000E+01  0.10310768E-20 -0.93695004E-38
  0.91000000E+01  0.10219287E-20 -0.92421273E-38
  0.92000000E+01  0.10128541E-20 -0.91168017E-38
  0.93000000E+01  0.10038532E-20 -0.89934942E-38
  0.94000000E+01  0.99492643E-21 -0.88721756E-38
  0.95000000E+01  0.98607389E-21 -0.87528165E-38
  0.96000000E+01  0.97729580E-21 -0.86353876E-38
  0.97000000E+01  0.96859229E-21 -0.85198597E-38
  0.98000000E+01  0.95996346E-21 -0.84062036E-38
  0.99000000E+01  0.95140937E-21 -0.82943904E-38
  0.10000000E+02  0.94293006E-21 -0.81843911E-38
  0.10100000E+02  0.93452551E-21 -0.80761770E-38
  0.10200000E+02  0.92619569E-21 -0.79697197E-38
  0.10300000E+02  0.91794053E-21 -0.78649909E-38
  0.10400000E+02  0.90975992E-21 -0.77619625E-38
  0.10500000E+02  0.90165375E-21 -0.76606067E-38
  0.10600000E+02  0.89362186E-21 -0.75608960E-38
  0.10700000E+02  0.88566406E-21 -0.74628031E-38
  0.10800000E+02  0.87778015E-21 -0.73663010E-38
  0.10900000E+02  0.86996991E-21 -0.72713630E-38
  0.11000000E+02  0.86223308E-21 -0.71779629E-38
  0.11100000E+02  0.85456939E-21 -0.70860744E-38
  0.11200000E+02  0.84697855E-21 -0.69956720E-38
  0.11300000E+02  0.83946024E-21 -0.69067301E-38
  0.11400000E+02  0.83201414E-21 -0.68192237E-38
  0.11500000E+02  0.82463990E-21 -0.67331282E-38
  0.11600000E+02  0.81733716E-21 -0.66484190E-38
  0.11700000E+02  0.81010553E-21 -0.65650723E-38
  0.11800000E+02  0.80294462E-21 -0.64830641E-38
  0.11900000E+02  0.79585403E-21 -0.64023713E-38
  0.12000000E+02  0.78883334E-21 -0.63229708E-38
  0.12100000E+02  0.78188211E-21 -0.62448400E-38
  0.12200000E+02  0.77499990E-21 -0.61679565E-38
  0.12300000E+02  0.76818625E-21 -0.60922985E-38
  0.12400000E+02  0.76144071E-21 -0.60178443E-38
  0.12500000E+02  0.75476280E-21 -0.59445726E-38
  0.12600000E+02  0.74815203E-21 -0.58724626E-38
  0.12700000E+02  0.74160792E-21 -0.58014937E-38
  0.12800000E+02  0.73512997E-21 -0.57316457E-38
  0.12900000E+02  0.72871767E-21 -0.56628986E-38
  0.13000000E+02  0.72237052E-21 -0.55952330E-38
  0.13100000E+02  0.71608799E-21 -0.55286296E-38
  0.13200000E+02  0.70986958E-21 -0.54630696E-38
  0.13300000E+02  0.70371474E-21 -0.53985343E-38
  0.13400000E+02  0.69762296E-21 -0.53350056E-38
  0.13500000E+02  0.69159369E-21 -0.52724655E-38
  0.13600000E+02  0.68562641E-21 -0.52108965E-38
  0.13700000E+02  0.67972057E-21 -0.51502812E-38
  0.13800000E+02  0.67387562E-21 -0.50906026E-38
  0.13900000E+02  0.66809103E-21 -0.50318442E-38
  0.14000000E+02  0.66236625E-21 -0.49739896E-38
  0.14100000E+02  0.65670072E-21 -0.49170226E-38
  0.14200000E+02  0.65109391E-21 -0.48609274E-38
  0.14300000E+02  0.64554526E-21 -0.48056887E-38
  0.14400000E+02  0.64005422E-21 -0.47512911E-38
  0.14500000E+02  0.63462025E-21 -0.46977198E-38
  0.14600000E+02  0.62924278E-21 -0.46449601E-38
  0.14700000E+02  0.62392129E-21 -0.45929975E-38
  0.14800000E+02  0.61865520E-21 -0.45418181E-38
  0.14900000E+02  0.61344399E-21 -0.44914079E-38
  0.15000000E+02  0.60828710E-21 -0.44417533E-38
  0.15100000E+02  0.60318398E-21 -0.43928411E-38
  0.15200000E+02  0.59813410E-21 -0.43446580E-38
  0.15300000E+02  0.59313691E-21 -0.42971913E-38
  0.15400000E+02  0.58819188E-21 -0.42504284E-38
  0.15500000E+02  0.58329846E-21 -0.42043568E-38
  0.15600000E+02  0.57845611E-21 -0.41589645E-38
  0.15700000E+02  0.57366432E-21 -0.41142395E-38
  0.15800000E+02  0.56892255E-21 -0.40701702E-38
  0.15900000E+02  0.56423026E-21 -0.40267451E-38
  0.16000000E+02  0.55958694E-21 -0.39839530E-38
  0.16100000E+02  0.55499207E-21 -0.39417828E-38
  0.16200000E+02  0.55044513E-21 -0.39002237E-38
  0.16300000E+02  0.54594559E-21 -0.38592650E-38
  0.16400000E+02  0.54149296E-21 -0.38188965E-38
  0.16500000E+02  0.53708672E-21 -0.37791078E-38
  0.16600000E+02  0.53272637E-21 -0.37398890E-38
  0.16700000E+02  0.52841141E-21 -0.37012302E-38
  0.16800000E+02  0.52414134E-21 -0.36631217E-38
  0.16900000E+02  0.51991566E-21 -0.36255542E-38
  0.17000000E+02  0.51573390E-21 -0.35885182E-38
  0.17100000E+02  0.51159555E-21 -0.35520048E-38
  0.17200000E+02  0.50750014E-21 -0.35160050E-38
  0.17300000E+02  0.50344720E-21 -0.34805100E-38
  0.17400000E+02  0.49943625E-21 -0.34455112E-38
  0.17500000E+02  0.49546681E-21 -0.34110002E-38
  0.17600000E+02  0.49153843E-21 -0.33769687E-38
  0.17700000E+02  0.48765064E-21 -0.33434086E-38
  0.17800000E+02  0.48380299E-21 -0.33103119E-38
  0.17900000E+02  0.47999502E-21 -0.32776709E-38
  0.18000000E+02  0.47622628E-21 -0.32454779E-38
  0.18100000E+02  0.47249633E-21 -0.32137253E-38
  0.18200000E+02  0.46880473E-21 -0.31824057E-38
  0.18300000E+02  0.46515104E-21 -0.31515120E-38
  0.18400000E+02  0.46153483E-21 -0.31210370E-38
  0.18500000E+02  0.45795568E-21 -0.30909738E-38
  0.18600000E+02  0.45441316E-21 -0.30613155E-38
  0.18700000E+02  0.45090684E-21 -0.30320555E-38
  0.18800000E+02  0.44743633E-21 -0.30031871E-38
  0.18900000E+02  0.44400120E-21 -0.29747038E-38
  0.19000000E+02  0.44060105E-21 -0.29465995E-38
  0.19100000E+02  0.43723547E-21 -0.29188677E-38
  0.19200000E+02  0.43390408E-21 -0.28915025E-38
  0.19300000E+02  0.43060648E-21 -0.28644978E-38
  0.19400000E+02  0.42734227E-21 -0.28378478E-38
  0.19500000E+02  0.42411108E-21 -0.28115467E-38
  0.19600000E+02  0.42091252E-21 -0.27855889E-38
  0.19700000E+02  0.41774621E-21 -0.27599687E-38
  0.19800000E+02  0.41461179E-21 -0.27346808E-38
  0.19900000E+02  0.41150889E-21 -0.27097198E-38
  0.20000000E+02  0.40843713E-21 -0.26850804E-38
  0.20100000E+02  0.40539617E-21 -0.26607575E-38
  0.20200000E+02  0.40238564E-21 -0.26367460E-38
  0.20300000E+02  0.39940519E-21 -0.26130410E-38
  0.20400000E+02  0.39645448E-21 -0.25896376E-38
  0.20500000E+02  0.39353317E-21 -0.25665310E-38
  0.20600000E+02  0.39064090E-21 -0.25437165E-38
  0.20700000E+02  0.38777734E-21 -0.25211896E-38
  0.20800000E+02  0.38494217E-21 -0.24989456E-38
  0.20900000E+02  0.38213506E-21 -0.24769801E-38
  0.21000000E+02  0.37935567E-21 -0.24552888E-38
  0.21100000E+02  0.37660370E-21 -0.24338674E-38
  0.21200000E+02  0.37387881E-21 -0.24127117E-38
  0.21300000E+02  0.37118071E-21 -0.23918175E-38
  0.21400000E+02  0.36850907E-21 -0.23711808E-38
  0.21500000E+02  0.36586360E-21 -0.23507977E-38
  0.21600000E+02  0.36324399E-21 -0.23306641E-38
  0.21700000E+02  0.36064995E-21 -0.23107763E-38
  0.21800000E+02  0.35808117E-21 -0.22911305E-38
  0.21900000E+02  0.35553737E-21 -0.22717230E-38
  0.22000000E+02  0.35301826E-21 -0.22525502E-38
  0.22100000E+02  0.35052356E-21 -0.22336084E-38
  0.22200000E+02  0.34805298E-21 -0.22148942E-38
  0.22300000E+02  0.34560624E-21 -0.21964042E-38
  0.22400000E+02  0.34318308E-21 -0.21781349E-38
  0.22500000E+02  0.34078322E-21 -0.21600830E-38
  0.22600000E+02  0.33840639E-21 -0.21422453E-38
  0.22700000E+02  0.33605233E-21 -0.21246185E-38
  0.22800000E+02  0.33372078E-21 -0.21071995E-38
  0.22900000E+02  0.33141148E-21 -0.20899852E-38
  0.23000000E+02  0.32912418E-21 -0.20729725E-38
  0.23100000E+02  0.32685862E-21 -0.20561586E-38
  0.23200000E+02  0.32461455E-21 -0.20395403E-38
  0.23300000E+02  0.32239174E-21 -0.20231149E-38
  0.23400000E+02  0.32018993E-21 -0.20068795E-38
  0.23500000E+02  0.31800890E-21 -0.19908313E-38
  0.23600000E+02  0.31584839E-21 -0.19749676E-38
  0.23700000E+02  0.31370819E-21 -0.19592857E-38
  0.23800000E+02  0.31158805E-21 -0.19437829E-38
  0.23900000E+02  0.30948776E-21 -0.19284567E-38
  0.24000000E+02  0.30740708E-21 -0.19133044E-38
  0.24100000E+02  0.30534579E-21 -0.18983237E-38
  0.24200000E+02  0.30330368E-21 -0.18835119E-38
  0.24300000E+02  0.30128052E-21 -0.18688668E-38
  0.24400000E+02  0.29927611E-21 -0.18543858E-38
  0.24500000E+02  0.29729023E-21 -0.18400667E-38
  0.24600000E+02  0.29532267E-21 -0.18259071E-38
  0.24700000E+02  0.29337324E-21 -0.18119048E-38
  0.24800000E+02  0.29144171E-21 -0.17980576E-38
  0.24900000E+02  0.28952790E-21 -0.17843633E-38
  0.25000000E+02  0.28763160E-21 -0.17708196E-38
  0.25100000E+02  0.28575263E-21 -0.17574246E-38
  0.25200000E+02  0.28389077E-21 -0.17441761E-38
  0.25300000E+02  0.28204585E-21 -0.17310720E-38
  0.25400000E+02  0.28021768E-21 -0.17181104E-38
  0.25500000E+02  0.27840606E-21 -0.17052893E-38
  0.25600000E+02  0.27661082E-21 -0.16926067E-38
  0.25700000E+02  0.27483178E-21 -0.16800607E-38
  0.25800000E+02  0.27306874E-21 -0.16676495E-38
  0.25900000E+02  0.27132154E-21 -0.16553711E-38
  0.26000000E+02  0.26959001E-21 -0.16432238E-38
  0.26100000E+02  0.26787396E-21 -0.16312057E-38
  0.26200000E+02  0.26617323E-21 -0.16193151E-38
  0.26300000E+02  0.26448765E-21 -0.16075503E-38
  0.26400000E+02  0.26281705E-21 -0.15959096E-38
  0.26500000E+02  0.26116126E-21 -0.15843913E-38
  0.26600000E+02  0.25952014E-21 -0.15729937E-38
  0.26700000E+02  0.25789351E-21 -0.15617152E-38
  0.26800000E+02  0.25628121E-21 -0.15505542E-38
  0.26900000E+02  0.25468310E-21 -0.15395091E-38
  0.27000000E+02  0.25309901E-21 -0.15285784E-38
  0.27100000E+02  0.25152879E-21 -0.15177606E-38
  0.27200000E+02  0.24997230E-21 -0.15070542E-38
  0.27300000E+02  0.24842938E-21 -0.14964576E-38
  0.27400000E+02  0.24689989E-21 -0.14859695E-38
  0.27500000E+02  0.24538367E-21 -0.14755884E-38
  0.27600000E+02  0.24388060E-21 -0.14653130E-38
  0.27700000E+02  0.24239052E-21 -0.14551417E-38
  0.27800000E+02  0.24091331E-21 -0.14450733E-38
  0.27900000E+02  0.23944880E-21 -0.14351065E-38
  0.28000000E+02  0.23799689E-21 -0.14252398E-38
  0.28100000E+02  0.23655741E-21 -0.14154720E-38
  0.28200000E+02  0.23513026E-21 -0.14058019E-38
  0.28300000E+02  0.23371528E-21 -0.13962281E-38
  0.28400000E+02  0.23231236E-21 -0.13867495E-38
  0.28500000E+02  0.23092137E-21 -0.13773648E-38
  0.28600000E+02  0.22954217E-21 -0.13680728E-38
  0.28700000E+02  0.22817465E-21 -0.13588723E-38
  0.28800000E+02  0.22681867E-21 -0.13497622E-38
  0.28900000E+02  0.22547413E-21 -0.13407413E-38
  0.29000000E+02  0.22414089E-21 -0.13318085E-38
  0.29100000E+02  0.22281884E-21 -0.13229626E-38
  0.29200000E+02  0.22150786E-21 -0.13142027E-38
  0.29300000E+02  0.22020783E-21 -0.13055275E-38
  0.29400000E+02  0.21891864E-21 -0.12969361E-38
  0.29500000E+02  0.21764018E-21 -0.12884274E-38
  0.29600000E+02  0.21637233E-21 -0.12800003E-38
  0.29700000E+02  0.21511499E-21 -0.12716539E-38
  0.29800000E+02  0.21386803E-21 -0.12633871E-38
  0.29900000E+02  0.21263137E-21 -0.12551991E-38
  0.30000000E+02  0.21140488E-21 -0.12470887E-38
  0.30100000E+02  0.21018847E-21 -0.12390550E-38
  0.30200000E+02  0.20898203E-21 -0.12310972E-38
  0.30300000E+02  0.20778546E-21 -0.12232142E-38
  0.30400000E+02  0.20659864E-21 -0.12154052E-38
  0.30500000E+02  0.20542150E-21 -0.12076692E-38
  0.30600000E+02  0.20425392E-21 -0.12000054E-38
  0.30700000E+02  0.20309581E-21 -0.11924130E-38
  0.30800000E+02  0.20194707E-21 -0.11848909E-38
  0.30900000E+02  0.20080760E-21 -0.11774385E-38
  0.31000000E+02  0.19967731E-21 -0.11700548E-38
  0.31100000E+02  0.19855612E-21 -0.11627390E-38
  0.31200000E+02  0.19744391E-21 -0.11554904E-38
  0.31300000E+02  0.19634061E-21 -0.11483081E-38
  0.31400000E+02  0.19524612E-21 -0.11411913E-38
  0.31500000E+02  0.19416036E-21 -0.11341393E-38
  0.31600000E+02  0.19308324E-21 -0.11271513E-38
  0.31700000E+02  0.19201466E-21 -0.11202265E-38
  0.31800000E+02  0.19095455E-21 -0.11133642E-38
  0.31900000E+02  0.18990281E-21 -0.11065636E-38
  0.32000000E+02  0.18885937E-21 -0.10998241E-38
  0.32100000E+02  0.18782415E-21 -0.10931449E-38
  0.32200000E+02  0.18679705E-21 -0.10865254E-38
  0.32300000E+02  0.18577800E-21 -0.10799647E-38
  0.32400000E+02  0.18476692E-21 -0.10734623E-38
  0.32500000E+02  0.18376374E-21 -0.10670175E-38
  0.32600000E+02  0.18276836E-21 -0.10606296E-38
  0.32700000E+02  0.18178072E-21 -0.10542980E-38
  0.32800000E+02  0.18080073E-21 -0.10480219E-38
  0.32900000E+02  0.17982833E-21 -0.10418008E-38
  0.33000000E+02  0.17886344E-21 -0.10356341E-38
  0.33100000E+02  0.17790598E-21 -0.10295211E-38
  0.33200000E+02  0.17695588E-21 -0.10234612E-38
  0.33300000E+02  0.17601307E-21 -0.10174538E-38
  0.33400000E+02  0.17507749E-21 -0.10114984E-38
  0.33500000E+02  0.17414905E-21 -0.10055943E-38
  0.33600000E+02  0.17322768E-21 -0.99974092E-39
  0.33700000E+02  0.17231333E-21 -0.99393775E-39
  0.33800000E+02  0.17140592E-21 -0.98818422E-39
  0.33900000E+02  0.17050539E-21 -0.98247975E-39
  0.34000000E+02  0.16961166E-21 -0.97682382E-39
  0.34100000E+02  0.16872468E-21 -0.97121588E-39
  0.34200000E+02  0.16784437E-21 -0.96565539E-39
  0.34300000E+02  0.16697068E-21 -0.96014184E-39
  0.34400000E+02  0.16610354E-21 -0.95467470E-39
  0.34500000E+02  0.16524288E-21 -0.94925347E-39
  0.34600000E+02  0.16438866E-21 -0.94387764E-39
  0.34700000E+02  0.16354079E-21 -0.93854672E-39
  0.34800000E+02  0.16269923E-21 -0.93326022E-39
  0.34900000E+02  0.16186392E-21 -0.92801764E-39
  0.35000000E+02  0.16103479E-21 -0.92281852E-39
  0.35100000E+02  0.16021179E-21 -0.91766239E-39
  0.35200000E+02  0.15939485E-21 -0.91254877E-39
  0.35300000E+02  0.15858393E-21 -0.90747722E-39
  0.35400000E+02  0.15777896E-21 -0.90244727E-39
  0.35500000E+02  0.15697989E-21 -0.89745849E-39
  0.35600000E+02  0.15618666E-21 -0.89251043E-39
  0.35700000E+02  0.15539922E-21 -0.88760266E-39
  0.35800000E+02  0.15461752E-21 -0.88273474E-39
  0.35900000E+02  0.15384149E-21 -0.87790625E-39
  0.36000000E+02  0.15307110E-21 -0.87311679E-39
  0.36100000E+02  0.15230628E-21 -0.86836592E-39
  0.36200000E+02  0.15154699E-21 -0.86365326E-39
  0.36300000E+02  0.15079317E-21 -0.85897838E-39
  0.36400000E+02  0.15004477E-21 -0.85434090E-39
  0.36500000E+02  0.14930174E-21 -0.84974043E-39
  0.36600000E+02  0.14856404E-21 -0.84517658E-39
  0.36700000E+02  0.14783161E-21 -0.84064896E-39
  0.36800000E+02  0.14710441E-21 -0.83615721E-39
  0.36900000E+02  0.14638238E-21 -0.83170094E-39
  0.37000000E+02  0.14566549E-21 -0.82727979E-39
  0.37100000E+02  0.14495368E-21 -0.82289340E-39
  0.37200000E+02  0.14424690E-21 -0.81854141E-39
  0.37300000E+02  0.14354512E-21 -0.81422346E-39
  0.37400000E+02  0.14284829E-21 -0.80993921E-39
  0.37500000E+02  0.14215636E-21 -0.80568832E-39
  0.37600000E+02  0.14146928E-21 -0.80147043E-39
  0.37700000E+02  0.14078702E-21 -0.79728522E-39
  0.37800000E+02  0.14010952E-21 -0.79313235E-39
  0.37900000E+02  0.13943676E-21 -0.78901150E-39
  0.38000000E+02  0.13876868E-21 -0.78492234E-39
  0.38100000E+02  0.13810524E-21 -0.78086455E-39
  0.38200000E+02  0.13744640E-21 -0.77683782E-39
  0.38300000E+02  0.13679213E-21 -0.77284184E-39
  0.38400000E+02  0.13614237E-21 -0.76887628E-39
  0.38500000E+02  0.13549709E-21 -0.76494086E-39
  0.38600000E+02  0.13485626E-21 -0.76103528E-39
  0.38700000E+02  0.13421982E-21 -0.75715922E-39
  0.38800000E+02  0.13358774E-21 -0.75331241E-39
  0.38900000E+02  0.13295999E-21 -0.74949455E-39
  0.39000000E+02  0.13233652E-21 -0.74570535E-39
  0.39100000E+02  0.13171730E-21 -0.74194454E-39
  0.39200000E+02  0.13110229E-21 -0.73821183E-39
  0.39300000E+02  0.13049145E-21 -0.73450695E-39
  0.39400000E+02  0.12988475E-21 -0.73082962E-39
  0.39500000E+02  0.12928215E-21 -0.72717958E-39
  0.39600000E+02  0.12868361E-21 -0.72355656E-39
  0.39700000E+02  0.12808911E-21 -0.71996029E-39
  0.39800000E+02  0.12749859E-21 -0.71639053E-39
  0.39900000E+02  0.12691204E-21 -0.71284700E-39
  0.40000000E+02  0.12632941E-21 -0.70932946E-39
