  0.00000000E+00 -0.85660524E-21  0.16800598E-37
  0.10000000E+00 -0.85648736E-21  0.16795797E-37
  0.20000000E+00 -0.85613405E-21  0.16781413E-37
  0.30000000E+00 -0.85554635E-21  0.16757509E-37
  0.40000000E+00 -0.85472598E-21  0.16724185E-37
  0.50000000E+00 -0.85367531E-21  0.16681581E-37
  0.60000000E+00 -0.85239738E-21  0.16629874E-37
  0.70000000E+00 -0.85089579E-21  0.16569278E-37
  0.80000000E+00 -0.84917476E-21  0.16500038E-37
  0.90000000E+00 -0.84723902E-21  0.16422430E-37
  0.10000000E+01 -0.84509379E-21  0.16336758E-37
  0.11000000E+01 -0.84274475E-21  0.16243351E-37
  0.12000000E+01 -0.84019795E-21  0.16142560E-37
  0.13000000E+01 -0.83745982E-21  0.16034753E-37
  0.14000000E+01 -0.83453705E-21  0.15920314E-37
  0.15000000E+01 -0.83143660E-21  0.15799638E-37
  0.16000000E+01 -0.82816561E-21  0.15673129E-37
  0.17000000E+01 -0.82473136E-21  0.15541196E-37
  0.18000000E+01 -0.82114124E-21  0.15404252E-37
  0.19000000E+01 -0.81740270E-21  0.15262707E-37
  0.20000000E+01 -0.81352320E-21  0.15116971E-37
  0.21000000E+01 -0.80951016E-21  0.14967446E-37
  0.22000000E+01 -0.80537097E-21  0.14814528E-37
  0.23000000E+01 -0.80111290E-21  0.14658605E-37
  0.24000000E+01 -0.79674313E-21  0.14500050E-37
  0.25000000E+01 -0.79226868E-21  0.14339228E-37
  0.26000000E+01 -0.78769642E-21  0.14176487E-37
  0.27000000E+01 -0.78303304E-21  0.14012162E-37
  0.28000000E+01 -0.77828502E-21  0.13846572E-37
  0.29000000E+01 -0.77345866E-21  0.13680020E-37
  0.30000000E+01 -0.76856002E-21  0.13512794E-37
  0.31000000E+01 -0.76359496E-21  0.13345162E-37
  0.32000000E+01 -0.75856910E-21  0.13177378E-37
  0.33000000E+01 -0.75348785E-21  0.13009681E-37
  0.34000000E+01 -0.74835637E-21  0.12842289E-37
  0.35000000E+01 -0.74317962E-21  0.12675408E-37
  0.36000000E+01 -0.73796232E-21  0.12509226E-37
  0.37000000E+01 -0.73270897E-21  0.12343917E-37
  0.38000000E+01 -0.72742387E-21  0.12179640E-37
  0.39000000E+01 -0.72211110E-21  0.12016539E-37
  0.40000000E+01 -0.71677454E-21  0.11854746E-37
  0.41000000E+01 -0.71141787E-21  0.11694380E-37
  0.42000000E+01 -0.70604458E-21  0.11535546E-37
  0.43000000E+01 -0.70065799E-21  0.11378339E-37
  0.44000000E+01 -0.69526124E-21  0.11222842E-37
  0.45000000E+01 -0.68985730E-21  0.11069129E-37
  0.46000000E+01 -0.68444897E-21  0.10917265E-37
  0.47000000E+01 -0.67903891E-21  0.10767303E-37
  0.48000000E+01 -0.67362965E-21  0.10619290E-37
  0.49000000E+01 -0.66822355E-21  0.10473266E-37
  0.50000000E+01 -0.66282285E-21  0.10329261E-37
  0.51000000E+01 -0.65742968E-21  0.10187301E-37
  0.52000000E+01 -0.65204604E-21  0.10047405E-37
  0.53000000E+01 -0.64667380E-21  0.99095856E-38
  0.54000000E+01 -0.64131475E-21  0.97738516E-38
  0.55000000E+01 -0.63597057E-21  0.96402065E-38
  0.56000000E+01 -0.63064285E-21  0.95086496E-38
  0.57000000E+01 -0.62533307E-21  0.93791764E-38
  0.58000000E+01 -0.62004264E-21  0.92517789E-38
  0.59000000E+01 -0.61477289E-21  0.91264461E-38
  0.60000000E+01 -0.60952505E-21  0.90031641E-38
  0.61000000E+01 -0.60430032E-21  0.88819165E-38
  0.62000000E+01 -0.59909978E-21  0.87626848E-38
  0.63000000E+01 -0.59392448E-21  0.86454484E-38
  0.64000000E+01 -0.58877540E-21  0.85301852E-38
  0.65000000E+01 -0.58365344E-21  0.84168712E-38
  0.66000000E+01 -0.57855946E-21  0.83054816E-38
  0.67000000E+01 -0.57349428E-21  0.81959902E-38
  0.68000000E+01 -0.56845864E-21  0.80883699E-38
  0.69000000E+01 -0.56345325E-21  0.79825928E-38
  0.70000000E+01 -0.55847877E-21  0.78786306E-38
  0.71000000E+01 -0.55353581E-21  0.77764543E-38
  0.72000000E+01 -0.54862494E-21  0.76760343E-38
  0.73000000E+01 -0.54374669E-21  0.75773412E-38
  0.74000000E+01 -0.53890156E-21  0.74803451E-38
  0.75000000E+01 -0.53409000E-21  0.73850159E-38
  0.76000000E+01 -0.52931244E-21  0.72913239E-38
  0.77000000E+01 -0.52456925E-21  0.71992390E-38
  0.78000000E+01 -0.51986080E-21  0.71087314E-38
  0.79000000E+01 -0.51518741E-21  0.70197716E-38
  0.80000000E+01 -0.51054937E-21  0.69323301E-38
  0.81000000E+01 -0.50594696E-21  0.68463778E-38
  0.82000000E+01 -0.50138040E-21  0.67618858E-38
  0.83000000E+01 -0.49684992E-21  0.66788255E-38
  0.84000000E+01 -0.49235571E-21  0.65971689E-38
  0.85000000E+01 -0.48789792E-21  0.65168881E-38
  0.86000000E+01 -0.48347671E-21  0.64379558E-38
  0.87000000E+01 -0.47909219E-21  0.63603450E-38
  0.88000000E+01 -0.47474446E-21  0.62840292E-38
  0.89000000E+01 -0.47043361E-21  0.62089823E-38
  0.90000000E+01 -0.46615969E-21  0.61351787E-38
  0.91000000E+01 -0.46192275E-21  0.60625933E-38
  0.92000000E+01 -0.45772282E-21  0.59912015E-38
  0.93000000E+01 -0.45355989E-21  0.59209790E-38
  0.94000000E+01 -0.44943397E-21  0.58519021E-38
  0.95000000E+01 -0.44534502E-21  0.57839476E-38
  0.96000000E+01 -0.44129302E-21  0.57170927E-38
  0.97000000E+01 -0.43727791E-21  0.56513151E-38
  0.98000000E+01 -0.43329963E-21  0.55865931E-38
  0.99000000E+01 -0.42935808E-21  0.55229053E-38
  0.10000000E+02 -0.42545320E-21  0.54602309E-38
  0.10100000E+02 -0.42158486E-21  0.53985493E-38
  0.10200000E+02 -0.41775297E-21  0.53378406E-38
  0.10300000E+02 -0.41395739E-21  0.52780853E-38
  0.10400000E+02 -0.41019798E-21  0.52192644E-38
  0.10500000E+02 -0.40647462E-21  0.51613591E-38
  0.10600000E+02 -0.40278713E-21  0.51043512E-38
  0.10700000E+02 -0.39913537E-21  0.50482230E-38
  0.10800000E+02 -0.39551915E-21  0.49929569E-38
  0.10900000E+02 -0.39193831E-21  0.49385361E-38
  0.11000000E+02 -0.38839265E-21  0.48849439E-38
  0.11100000E+02 -0.38488198E-21  0.48321641E-38
  0.11200000E+02 -0.38140610E-21  0.47801808E-38
  0.11300000E+02 -0.37796482E-21  0.47289786E-38
  0.11400000E+02 -0.37455790E-21  0.46785422E-38
  0.11500000E+02 -0.37118515E-21  0.46288571E-38
  0.11600000E+02 -0.36784633E-21  0.45799086E-38
  0.11700000E+02 -0.36454122E-21  0.45316827E-38
  0.11800000E+02 -0.36126959E-21  0.44841657E-38
  0.11900000E+02 -0.35803119E-21  0.44373441E-38
  0.12000000E+02 -0.35482580E-21  0.43912048E-38
  0.12100000E+02 -0.35165316E-21  0.43457349E-38
  0.12200000E+02 -0.34851303E-21  0.43009218E-38
  0.12300000E+02 -0.34540516E-21  0.42567534E-38
  0.12400000E+02 -0.34232930E-21  0.42132177E-38
  0.12500000E+02 -0.33928518E-21  0.41703029E-38
  0.12600000E+02 -0.33627256E-21  0.41279977E-38
  0.12700000E+02 -0.33329117E-21  0.40862908E-38
  0.12800000E+02 -0.33034074E-21  0.40451714E-38
  0.12900000E+02 -0.32742103E-21  0.40046287E-38
  0.13000000E+02 -0.32453175E-21  0.39646524E-38
  0.13100000E+02 -0.32167264E-21  0.39252322E-38
  0.13200000E+02 -0.31884343E-21  0.38863582E-38
  0.13300000E+02 -0.31604386E-21  0.38480207E-38
  0.13400000E+02 -0.31327366E-21  0.38102100E-38
  0.13500000E+02 -0.31053255E-21  0.37729169E-38
  0.13600000E+02 -0.30782026E-21  0.37361323E-38
  0.13700000E+02 -0.30513652E-21  0.36998473E-38
  0.13800000E+02 -0.30248107E-21  0.36640530E-38
  0.13900000E+02 -0.29985362E-21  0.36287411E-38
  0.14000000E+02 -0.29725392E-21  0.35939032E-38
  0.14100000E+02 -0.29468168E-21  0.35595310E-38
  0.14200000E+02 -0.29213663E-21  0.35256166E-38
  0.14300000E+02 -0.28961851E-21  0.34921523E-38
  0.14400000E+02 -0.28712705E-21  0.34591302E-38
  0.14500000E+02 -0.28466197E-21  0.34265430E-38
  0.14600000E+02 -0.28222301E-21  0.33943833E-38
  0.14700000E+02 -0.27980991E-21  0.33626440E-38
  0.14800000E+02 -0.27742238E-21  0.33313179E-38
  0.14900000E+02 -0.27506018E-21  0.33003983E-38
  0.15000000E+02 -0.27272303E-21  0.32698783E-38
  0.15100000E+02 -0.27041067E-21  0.32397514E-38
  0.15200000E+02 -0.26812285E-21  0.32100111E-38
  0.15300000E+02 -0.26585929E-21  0.31806511E-38
  0.15400000E+02 -0.26361975E-21  0.31516652E-38
  0.15500000E+02 -0.26140396E-21  0.31230473E-38
  0.15600000E+02 -0.25921166E-21  0.30947914E-38
  0.15700000E+02 -0.25704261E-21  0.30668917E-38
  0.15800000E+02 -0.25489655E-21  0.30393424E-38
  0.15900000E+02 -0.25277323E-21  0.30121381E-38
  0.16000000E+02 -0.25067240E-21  0.29852731E-38
  0.16100000E+02 -0.24859381E-21  0.29587421E-38
  0.16200000E+02 -0.24653721E-21  0.29325398E-38
  0.16300000E+02 -0.24450237E-21  0.29066610E-38
  0.16400000E+02 -0.24248904E-21  0.28811007E-38
  0.16500000E+02 -0.24049699E-21  0.28558538E-38
  0.16600000E+02 -0.23852596E-21  0.28309156E-38
  0.16700000E+02 -0.23657573E-21  0.28062811E-38
  0.16800000E+02 -0.23464606E-21  0.27819457E-38
  0.16900000E+02 -0.23273672E-21  0.27579048E-38
  0.17000000E+02 -0.23084748E-21  0.27341538E-38
  0.17100000E+02 -0.22897812E-21  0.27106884E-38
  0.17200000E+02 -0.22712840E-21  0.26875041E-38
  0.17300000E+02 -0.22529809E-21  0.26645968E-38
  0.17400000E+02 -0.22348699E-21  0.26419621E-38
  0.17500000E+02 -0.22169487E-21  0.26195960E-38
  0.17600000E+02 -0.21992151E-21  0.25974945E-38
  0.17700000E+02 -0.21816670E-21  0.25756536E-38
  0.17800000E+02 -0.21643021E-21  0.25540693E-38
  0.17900000E+02 -0.21471185E-21  0.25327379E-38
  0.18000000E+02 -0.21301140E-21  0.25116557E-38
  0.18100000E+02 -0.21132866E-21  0.24908189E-38
  0.18200000E+02 -0.20966341E-21  0.24702239E-38
  0.18300000E+02 -0.20801546E-21  0.24498672E-38
  0.18400000E+02 -0.20638461E-21  0.24297452E-38
  0.18500000E+02 -0.20477065E-21  0.24098546E-38
  0.18600000E+02 -0.20317339E-21  0.23901920E-38
  0.18700000E+02 -0.20159264E-21  0.23707541E-38
  0.18800000E+02 -0.20002820E-21  0.23515376E-38
  0.18900000E+02 -0.19847988E-21  0.23325393E-38
  0.19000000E+02 -0.19694750E-21  0.23137562E-38
  0.19100000E+02 -0.19543087E-21  0.22951850E-38
  0.19200000E+02 -0.19392979E-21  0.22768229E-38
  0.19300000E+02 -0.19244411E-21  0.22586668E-38
  0.19400000E+02 -0.19097362E-21  0.22407138E-38
  0.19500000E+02 -0.18951815E-21  0.22229610E-38
  0.19600000E+02 -0.18807753E-21  0.22054057E-38
  0.19700000E+02 -0.18665159E-21  0.21880449E-38
  0.19800000E+02 -0.18524015E-21  0.21708761E-38
  0.19900000E+02 -0.18384304E-21  0.21538965E-38
  0.20000000E+02 -0.18246009E-21  0.21371035E-38
  0.20100000E+02 -0.18109114E-21  0.21204944E-38
  0.20200000E+02 -0.17973602E-21  0.21040668E-38
  0.20300000E+02 -0.17839457E-21  0.20878181E-38
  0.20400000E+02 -0.17706663E-21  0.20717460E-38
  0.20500000E+02 -0.17575205E-21  0.20558478E-38
  0.20600000E+02 -0.17445065E-21  0.20401213E-38
  0.20700000E+02 -0.17316230E-21  0.20245642E-38
  0.20800000E+02 -0.17188684E-21  0.20091740E-38
  0.20900000E+02 -0.17062411E-21  0.19939486E-38
  0.21000000E+02 -0.16937397E-21  0.19788857E-38
  0.21100000E+02 -0.16813627E-21  0.19639832E-38
  0.21200000E+02 -0.16691086E-21  0.19492388E-38
  0.21300000E+02 -0.16569761E-21  0.19346504E-38
  0.21400000E+02 -0.16449636E-21  0.19202160E-38
  0.21500000E+02 -0.16330698E-21  0.19059335E-38
  0.21600000E+02 -0.16212932E-21  0.18918009E-38
  0.21700000E+02 -0.16096326E-21  0.18778162E-38
  0.21800000E+02 -0.15980866E-21  0.18639773E-38
  0.21900000E+02 -0.15866537E-21  0.18502825E-38
  0.22000000E+02 -0.15753328E-21  0.18367298E-38
  0.22100000E+02 -0.15641225E-21  0.18233173E-38
  0.22200000E+02 -0.15530215E-21  0.18100433E-38
  0.22300000E+02 -0.15420285E-21  0.17969058E-38
  0.22400000E+02 -0.15311424E-21  0.17839031E-38
  0.22500000E+02 -0.15203617E-21  0.17710335E-38
  0.22600000E+02 -0.15096854E-21  0.17582952E-38
  0.22700000E+02 -0.14991122E-21  0.17456866E-38
  0.22800000E+02 -0.14886409E-21  0.17332059E-38
  0.22900000E+02 -0.14782704E-21  0.17208515E-38
  0.23000000E+02 -0.14679994E-21  0.17086219E-38
  0.23100000E+02 -0.14578269E-21  0.16965153E-38
  0.23200000E+02 -0.14477516E-21  0.16845303E-38
  0.23300000E+02 -0.14377725E-21  0.16726653E-38
  0.23400000E+02 -0.14278884E-21  0.16609188E-38
  0.23500000E+02 -0.14180983E-21  0.16492892E-38
  0.23600000E+02 -0.14084011E-21  0.16377751E-38
  0.23700000E+02 -0.13987957E-21  0.16263750E-38
  0.23800000E+02 -0.13892810E-21  0.16150876E-38
  0.23900000E+02 -0.13798561E-21  0.16039113E-38
  0.24000000E+02 -0.13705199E-21  0.15928448E-38
  0.24100000E+02 -0.13612713E-21  0.15818868E-38
  0.24200000E+02 -0.13521094E-21  0.15710358E-38
  0.24300000E+02 -0.13430332E-21  0.15602906E-38
  0.24400000E+02 -0.13340417E-21  0.15496499E-38
  0.24500000E+02 -0.13251340E-21  0.15391123E-38
  0.24600000E+02 -0.13163090E-21  0.15286766E-38
  0.24700000E+02 -0.13075660E-21  0.15183416E-38
  0.24800000E+02 -0.12989038E-21  0.15081059E-38
  0.24900000E+02 -0.12903217E-21  0.14979684E-38
  0.25000000E+02 -0.12818186E-21  0.14879279E-38
  0.25100000E+02 -0.12733938E-21  0.14779833E-38
  0.25200000E+02 -0.12650463E-21  0.14681333E-38
  0.25300000E+02 -0.12567753E-21  0.14583767E-38
  0.25400000E+02 -0.12485799E-21  0.14487126E-38
  0.25500000E+02 -0.12404592E-21  0.14391397E-38
  0.25600000E+02 -0.12324125E-21  0.14296570E-38
  0.25700000E+02 -0.12244388E-21  0.14202634E-38
  0.25800000E+02 -0.12165374E-21  0.14109578E-38
  0.25900000E+02 -0.12087075E-21  0.14017392E-38
  0.26000000E+02 -0.12009483E-21  0.13926065E-38
  0.26100000E+02 -0.11932589E-21  0.13835588E-38
  0.26200000E+02 -0.11856386E-21  0.13745949E-38
  0.26300000E+02 -0.11780867E-21  0.13657140E-38
  0.26400000E+02 -0.11706023E-21  0.13569150E-38
  0.26500000E+02 -0.11631848E-21  0.13481970E-38
  0.26600000E+02 -0.11558334E-21  0.13395590E-38
  0.26700000E+02 -0.11485473E-21  0.13310001E-38
  0.26800000E+02 -0.11413259E-21  0.13225194E-38
  0.26900000E+02 -0.11341684E-21  0.13141160E-38
  0.27000000E+02 -0.11270742E-21  0.13057889E-38
  0.27100000E+02 -0.11200425E-21  0.12975373E-38
  0.27200000E+02 -0.11130726E-21  0.12893603E-38
  0.27300000E+02 -0.11061639E-21  0.12812570E-38
  0.27400000E+02 -0.10993158E-21  0.12732267E-38
  0.27500000E+02 -0.10925275E-21  0.12652684E-38
  0.27600000E+02 -0.10857983E-21  0.12573813E-38
  0.27700000E+02 -0.10791278E-21  0.12495647E-38
  0.27800000E+02 -0.10725152E-21  0.12418177E-38
  0.27900000E+02 -0.10659598E-21  0.12341395E-38
  0.28000000E+02 -0.10594612E-21  0.12265294E-38
  0.28100000E+02 -0.10530186E-21  0.12189865E-38
  0.28200000E+02 -0.10466314E-21  0.12115101E-38
  0.28300000E+02 -0.10402992E-21  0.12040996E-38
  0.28400000E+02 -0.10340212E-21  0.11967540E-38
  0.28500000E+02 -0.10277969E-21  0.11894727E-38
  0.28600000E+02 -0.10216257E-21  0.11822551E-38
  0.28700000E+02 -0.10155071E-21  0.11751002E-38
  0.28800000E+02 -0.10094405E-21  0.11680076E-38
  0.28900000E+02 -0.10034253E-21  0.11609764E-38
  0.29000000E+02 -0.99746098E-22  0.11540061E-38
  0.29100000E+02 -0.99154704E-22  0.11470958E-38
  0.29200000E+02 -0.98568292E-22  0.11402450E-38
  0.29300000E+02 -0.97986809E-22  0.11334530E-38
  0.29400000E+02 -0.97410203E-22  0.11267192E-38
  0.29500000E+02 -0.96838424E-22  0.11200429E-38
  0.29600000E+02 -0.96271419E-22  0.11134234E-38
  0.29700000E+02 -0.95709140E-22  0.11068603E-38
  0.29800000E+02 -0.95151536E-22  0.11003528E-38
  0.29900000E+02 -0.94598559E-22  0.10939004E-38
  0.30000000E+02 -0.94050161E-22  0.10875024E-38
  0.30100000E+02 -0.93506293E-22  0.10811582E-38
  0.30200000E+02 -0.92966908E-22  0.10748674E-38
  0.30300000E+02 -0.92431960E-22  0.10686293E-38
  0.30400000E+02 -0.91901404E-22  0.10624433E-38
  0.30500000E+02 -0.91375192E-22  0.10563089E-38
  0.30600000E+02 -0.90853281E-22  0.10502256E-38
  0.30700000E+02 -0.90335627E-22  0.10441927E-38
  0.30800000E+02 -0.89822185E-22  0.10382098E-38
  0.30900000E+02 -0.89312912E-22  0.10322763E-38
  0.31000000E+02 -0.88807765E-22  0.10263917E-38
  0.31100000E+02 -0.88306702E-22  0.10205554E-38
  0.31200000E+02 -0.87809682E-22  0.10147671E-38
  0.31300000E+02 -0.87316662E-22  0.10090261E-38
  0.31400000E+02 -0.86827603E-22  0.10033320E-38
  0.31500000E+02 -0.86342464E-22  0.99768424E-39
  0.31600000E+02 -0.85861205E-22  0.99208238E-39
  0.31700000E+02 -0.85383788E-22  0.98652594E-39
  0.31800000E+02 -0.84910172E-22  0.98101443E-39
  0.31900000E+02 -0.84440320E-22  0.97554739E-39
  0.32000000E+02 -0.83974194E-22  0.97012437E-39
  0.32100000E+02 -0.83511757E-22  0.96474490E-39
  0.32200000E+02 -0.83052970E-22  0.95940853E-39
  0.32300000E+02 -0.82597799E-22  0.95411482E-39
  0.32400000E+02 -0.82146206E-22  0.94886333E-39
  0.32500000E+02 -0.81698156E-22  0.94365363E-39
  0.32600000E+02 -0.81253614E-22  0.93848530E-39
  0.32700000E+02 -0.80812544E-22  0.93335790E-39
  0.32800000E+02 -0.80374912E-22  0.92827102E-39
  0.32900000E+02 -0.79940685E-22  0.92322424E-39
  0.33000000E+02 -0.79509828E-22  0.91821717E-39
  0.33100000E+02 -0.79082308E-22  0.91324940E-39
  0.33200000E+02 -0.78658093E-22  0.90832053E-39
  0.33300000E+02 -0.78237149E-22  0.90343017E-39
  0.33400000E+02 -0.77819445E-22  0.89857793E-39
  0.33500000E+02 -0.77404949E-22  0.89376343E-39
  0.33600000E+02 -0.76993629E-22  0.88898628E-39
  0.33700000E+02 -0.76585455E-22  0.88424613E-39
  0.33800000E+02 -0.76180396E-22  0.87954259E-39
  0.33900000E+02 -0.75778421E-22  0.87487531E-39
  0.34000000E+02 -0.75379501E-22  0.87024392E-39
  0.34100000E+02 -0.74983605E-22  0.86564807E-39
  0.34200000E+02 -0.74590706E-22  0.86108740E-39
  0.34300000E+02 -0.74200773E-22  0.85656157E-39
  0.34400000E+02 -0.73813778E-22  0.85207023E-39
  0.34500000E+02 -0.73429693E-22  0.84761305E-39
  0.34600000E+02 -0.73048491E-22  0.84318969E-39
  0.34700000E+02 -0.72670142E-22  0.83879982E-39
  0.34800000E+02 -0.72294620E-22  0.83444311E-39
  0.34900000E+02 -0.71921899E-22  0.83011924E-39
  0.35000000E+02 -0.71551951E-22  0.82582788E-39
  0.35100000E+02 -0.71184749E-22  0.82156873E-39
  0.35200000E+02 -0.70820269E-22  0.81734148E-39
  0.35300000E+02 -0.70458483E-22  0.81314580E-39
  0.35400000E+02 -0.70099367E-22  0.80898140E-39
  0.35500000E+02 -0.69742895E-22  0.80484798E-39
  0.35600000E+02 -0.69389043E-22  0.80074523E-39
  0.35700000E+02 -0.69037785E-22  0.79667287E-39
  0.35800000E+02 -0.68689098E-22  0.79263061E-39
  0.35900000E+02 -0.68342957E-22  0.78861815E-39
  0.36000000E+02 -0.67999338E-22  0.78463521E-39
  0.36100000E+02 -0.67658218E-22  0.78068151E-39
  0.36200000E+02 -0.67319574E-22  0.77675678E-39
  0.36300000E+02 -0.66983382E-22  0.77286074E-39
  0.36400000E+02 -0.66649620E-22  0.76899311E-39
  0.36500000E+02 -0.66318265E-22  0.76515363E-39
  0.36600000E+02 -0.65989295E-22  0.76134204E-39
  0.36700000E+02 -0.65662688E-22  0.75755808E-39
  0.36800000E+02 -0.65338422E-22  0.75380147E-39
  0.36900000E+02 -0.65016475E-22  0.75007197E-39
  0.37000000E+02 -0.64696827E-22  0.74636933E-39
  0.37100000E+02 -0.64379456E-22  0.74269329E-39
  0.37200000E+02 -0.64064341E-22  0.73904361E-39
  0.37300000E+02 -0.63751462E-22  0.73542004E-39
  0.37400000E+02 -0.63440798E-22  0.73182234E-39
  0.37500000E+02 -0.63132330E-22  0.72825027E-39
  0.37600000E+02 -0.62826036E-22  0.72470360E-39
  0.37700000E+02 -0.62521898E-22  0.72118208E-39
  0.37800000E+02 -0.62219896E-22  0.71768550E-39
  0.37900000E+02 -0.61920010E-22  0.71421361E-39
  0.38000000E+02 -0.61622223E-22  0.71076620E-39
  0.38100000E+02 -0.61326513E-22  0.70734304E-39
  0.38200000E+02 -0.61032864E-22  0.70394391E-39
  0.38300000E+02 -0.60741256E-22  0.70056859E-39
  0.38400000E+02 -0.60451672E-22  0.69721687E-39
  0.38500000E+02 -0.60164092E-22  0.69388852E-39
  0.38600000E+02 -0.59878500E-22  0.69058335E-39
  0.38700000E+02 -0.59594878E-22  0.68730113E-39
  0.38800000E+02 -0.59313207E-22  0.68404167E-39
  0.38900000E+02 -0.59033472E-22  0.68080476E-39
  0.39000000E+02 -0.58755654E-22  0.67759020E-39
  0.39100000E+02 -0.58479736E-22  0.67439778E-39
  0.39200000E+02 -0.58205702E-22  0.67122731E-39
  0.39300000E+02 -0.57933536E-22  0.66807859E-39
  0.39400000E+02 -0.57663221E-22  0.66495143E-39
  0.39500000E+02 -0.57394740E-22  0.66184563E-39
  0.39600000E+02 -0.57128078E-22  0.65876102E-39
  0.39700000E+02 -0.56863218E-22  0.65569739E-39
  0.39800000E+02 -0.56600146E-22  0.65265457E-39
  0.39900000E+02 -0.56338844E-22  0.64963237E-39
  0.40000000E+02 -0.56079299E-22  0.64663061E-39
