  0.00000000E+00 -0.53476577E-21  0.21627294E-37
  0.10000000E+00 -0.53458543E-21  0.21486098E-37
  0.20000000E+00 -0.53404518E-21  0.21470960E-37
  0.30000000E+00 -0.53314735E-21  0.20968351E-37
  0.40000000E+00 -0.53189577E-21  0.21288435E-37
  0.50000000E+00 -0.53029579E-21  0.21308397E-37
  0.60000000E+00 -0.52835413E-21  0.21022678E-37
  0.70000000E+00 -0.52607889E-21  0.21061428E-37
  0.80000000E+00 -0.52347942E-21  0.20880579E-37
  0.90000000E+00 -0.52056623E-21  0.20974422E-37
  0.10000000E+01 -0.51735090E-21  0.20614150E-37
  0.11000000E+01 -0.51384594E-21  0.20569291E-37
  0.12000000E+01 -0.51006469E-21  0.20137516E-37
  0.13000000E+01 -0.50602118E-21  0.20228043E-37
  0.14000000E+01 -0.50173003E-21  0.20378770E-37
  0.15000000E+01 -0.49720630E-21  0.19777865E-37
  0.16000000E+01 -0.49246538E-21  0.19741336E-37
  0.17000000E+01 -0.48752288E-21  0.19514619E-37
  0.18000000E+01 -0.48239452E-21  0.19155550E-37
  0.19000000E+01 -0.47709598E-21  0.19213782E-37
  0.20000000E+01 -0.47164288E-21  0.19278757E-37
  0.21000000E+01 -0.46605060E-21  0.18735698E-37
  0.22000000E+01 -0.46033428E-21  0.18799530E-37
  0.23000000E+01 -0.45450868E-21  0.18462649E-37
  0.24000000E+01 -0.44858817E-21  0.17972723E-37
  0.25000000E+01 -0.44258664E-21  0.17651249E-37
  0.26000000E+01 -0.43651745E-21  0.17961498E-37
  0.27000000E+01 -0.43039344E-21  0.17677613E-37
  0.28000000E+01 -0.42422682E-21  0.17468285E-37
  0.29000000E+01 -0.41802924E-21  0.17079876E-37
  0.30000000E+01 -0.41181169E-21  0.16942581E-37
  0.31000000E+01 -0.40558456E-21  0.16786134E-37
  0.32000000E+01 -0.39935758E-21  0.16572326E-37
  0.33000000E+01 -0.39313987E-21  0.16394623E-37
  0.34000000E+01 -0.38693990E-21  0.16091074E-37
  0.35000000E+01 -0.38076555E-21  0.15716970E-37
  0.36000000E+01 -0.37462408E-21  0.15518920E-37
  0.37000000E+01 -0.36852218E-21  0.15455762E-37
  0.38000000E+01 -0.36246597E-21  0.15317893E-37
  0.39000000E+01 -0.35646103E-21  0.15147570E-37
  0.40000000E+01 -0.35051240E-21  0.14809463E-37
  0.41000000E+01 -0.34462465E-21  0.14726698E-37
  0.42000000E+01 -0.33880185E-21  0.14324512E-37
  0.43000000E+01 -0.33304766E-21  0.14163677E-37
  0.44000000E+01 -0.32736527E-21  0.14007215E-37
  0.45000000E+01 -0.32175750E-21  0.13820761E-37
  0.46000000E+01 -0.31622678E-21  0.13614426E-37
  0.47000000E+01 -0.31077522E-21  0.13580346E-37
  0.48000000E+01 -0.30540456E-21  0.13405024E-37
  0.49000000E+01 -0.30011627E-21  0.13179258E-37
  0.50000000E+01 -0.29491153E-21  0.12953937E-37
  0.51000000E+01 -0.28979124E-21  0.12814885E-37
  0.52000000E+01 -0.28475609E-21  0.12593878E-37
  0.53000000E+01 -0.27980653E-21  0.12450744E-37
  0.54000000E+01 -0.27494282E-21  0.12196065E-37
  0.55000000E+01 -0.27016501E-21  0.12103908E-37
  0.56000000E+01 -0.26547301E-21  0.12058799E-37
  0.57000000E+01 -0.26086656E-21  0.11828684E-37
  0.58000000E+01 -0.25634526E-21  0.11676503E-37
  0.59000000E+01 -0.25190860E-21  0.11548732E-37
  0.60000000E+01 -0.24755594E-21  0.11459961E-37
  0.61000000E+01 -0.24328655E-21  0.11304207E-37
  0.62000000E+01 -0.23909961E-21  0.11089398E-37
  0.63000000E+01 -0.23499421E-21  0.10992910E-37
  0.64000000E+01 -0.23096938E-21  0.10867038E-37
  0.65000000E+01 -0.22702409E-21  0.10731932E-37
  0.66000000E+01 -0.22315724E-21  0.10515622E-37
  0.67000000E+01 -0.21936771E-21  0.10418913E-37
  0.68000000E+01 -0.21565433E-21  0.10365120E-37
  0.69000000E+01 -0.21201589E-21  0.10107439E-37
  0.70000000E+01 -0.20845116E-21  0.10066521E-37
  0.71000000E+01 -0.20495888E-21  0.99473053E-38
  0.72000000E+01 -0.20153780E-21  0.98067938E-38
  0.73000000E+01 -0.19818662E-21  0.97782325E-38
  0.74000000E+01 -0.19490406E-21  0.95966412E-38
  0.75000000E+01 -0.19168883E-21  0.95273310E-38
  0.76000000E+01 -0.18853963E-21  0.93529822E-38
  0.77000000E+01 -0.18545516E-21  0.91955456E-38
  0.78000000E+01 -0.18243414E-21  0.92613941E-38
  0.79000000E+01 -0.17947528E-21  0.89713552E-38
  0.80000000E+01 -0.17657730E-21  0.90728931E-38
  0.81000000E+01 -0.17373895E-21  0.88573723E-38
  0.82000000E+01 -0.17095897E-21  0.87459636E-38
  0.83000000E+01 -0.16823613E-21  0.87252139E-38
  0.84000000E+01 -0.16556919E-21  0.85768298E-38
  0.85000000E+01 -0.16295695E-21  0.84852078E-38
  0.86000000E+01 -0.16039822E-21  0.84163749E-38
  0.87000000E+01 -0.15789182E-21  0.83209432E-38
  0.88000000E+01 -0.15543661E-21  0.82795228E-38
  0.89000000E+01 -0.15303145E-21  0.81096498E-38
  0.90000000E+01 -0.15067521E-21  0.81001082E-38
  0.91000000E+01 -0.14836680E-21  0.79509921E-38
  0.92000000E+01 -0.14610516E-21  0.78339928E-38
  0.93000000E+01 -0.14388921E-21  0.78390614E-38
  0.94000000E+01 -0.14171794E-21  0.76668819E-38
  0.95000000E+01 -0.13959031E-21  0.75996760E-38
  0.96000000E+01 -0.13750534E-21  0.75310158E-38
  0.97000000E+01 -0.13546206E-21  0.75178489E-38
  0.98000000E+01 -0.13345951E-21  0.73555741E-38
  0.99000000E+01 -0.13149676E-21  0.73551081E-38
  0.10000000E+02 -0.12957290E-21  0.73217005E-38
  0.10100000E+02 -0.12768703E-21  0.71789764E-38
  0.10200000E+02 -0.12583829E-21  0.72065284E-38
  0.10300000E+02 -0.12402582E-21  0.69018185E-38
  0.10400000E+02 -0.12224880E-21  0.69584693E-38
  0.10500000E+02 -0.12050640E-21  0.69433774E-38
  0.10600000E+02 -0.11879783E-21  0.68534155E-38
  0.10700000E+02 -0.11712232E-21  0.67795328E-38
  0.10800000E+02 -0.11547912E-21  0.67396065E-38
  0.10900000E+02 -0.11386747E-21  0.66124918E-38
  0.11000000E+02 -0.11228666E-21  0.65499099E-38
  0.11100000E+02 -0.11073598E-21  0.65225222E-38
  0.11200000E+02 -0.10921476E-21  0.64634810E-38
  0.11300000E+02 -0.10772230E-21  0.64584348E-38
  0.11400000E+02 -0.10625797E-21  0.62969362E-38
  0.11500000E+02 -0.10482113E-21  0.62926308E-38
  0.11600000E+02 -0.10341114E-21  0.62109053E-38
  0.11700000E+02 -0.10202741E-21  0.61260849E-38
  0.11800000E+02 -0.10066934E-21  0.61337274E-38
  0.11900000E+02 -0.99336347E-22  0.60393204E-38
  0.12000000E+02 -0.98027876E-22  0.59693262E-38
  0.12100000E+02 -0.96743373E-22  0.59769798E-38
  0.12200000E+02 -0.95482304E-22  0.58561950E-38
  0.12300000E+02 -0.94244144E-22  0.57901745E-38
  0.12400000E+02 -0.93028385E-22  0.57415942E-38
  0.12500000E+02 -0.91834528E-22  0.57219111E-38
  0.12600000E+02 -0.90662090E-22  0.56380106E-38
  0.12700000E+02 -0.89510596E-22  0.55764107E-38
  0.12800000E+02 -0.88379587E-22  0.55585327E-38
  0.12900000E+02 -0.87268611E-22  0.54856019E-38
  0.13000000E+02 -0.86177232E-22  0.54570147E-38
  0.13100000E+02 -0.85105021E-22  0.54588462E-38
  0.13200000E+02 -0.84051561E-22  0.53845846E-38
  0.13300000E+02 -0.83016446E-22  0.53300005E-38
  0.13400000E+02 -0.81999278E-22  0.52867381E-38
  0.13500000E+02 -0.80999671E-22  0.52279094E-38
  0.13600000E+02 -0.80017248E-22  0.52093200E-38
  0.13700000E+02 -0.79051640E-22  0.50773131E-38
  0.13800000E+02 -0.78102489E-22  0.50788823E-38
  0.13900000E+02 -0.77169445E-22  0.50220041E-38
  0.14000000E+02 -0.76252165E-22  0.49792402E-38
  0.14100000E+02 -0.75350317E-22  0.49565087E-38
  0.14200000E+02 -0.74463576E-22  0.49339495E-38
  0.14300000E+02 -0.73591624E-22  0.48161714E-38
  0.14400000E+02 -0.72734152E-22  0.48185200E-38
  0.14500000E+02 -0.71890858E-22  0.48250076E-38
  0.14600000E+02 -0.71061449E-22  0.47516692E-38
  0.14700000E+02 -0.70245635E-22  0.46962200E-38
  0.14800000E+02 -0.69443137E-22  0.46862014E-38
  0.14900000E+02 -0.68653681E-22  0.46248460E-38
  0.15000000E+02 -0.67877000E-22  0.45325384E-38
  0.15100000E+02 -0.67112833E-22  0.45426700E-38
  0.15200000E+02 -0.66360926E-22  0.45093919E-38
  0.15300000E+02 -0.65621030E-22  0.44613216E-38
  0.15400000E+02 -0.64892902E-22  0.44319903E-38
  0.15500000E+02 -0.64176306E-22  0.44057302E-38
  0.15600000E+02 -0.63471011E-22  0.43517317E-38
  0.15700000E+02 -0.62776791E-22  0.43453398E-38
  0.15800000E+02 -0.62093425E-22  0.43397603E-38
  0.15900000E+02 -0.61420698E-22  0.42570043E-38
  0.16000000E+02 -0.60758400E-22  0.41924783E-38
  0.16100000E+02 -0.60106326E-22  0.41863774E-38
  0.16200000E+02 -0.59464276E-22  0.41165789E-38
  0.16300000E+02 -0.58832053E-22  0.41543912E-38
  0.16400000E+02 -0.58209466E-22  0.40989287E-38
  0.16500000E+02 -0.57596328E-22  0.40352425E-38
  0.16600000E+02 -0.56992457E-22  0.40141122E-38
  0.16700000E+02 -0.56397674E-22  0.40081481E-38
  0.16800000E+02 -0.55811805E-22  0.39600888E-38
  0.16900000E+02 -0.55234679E-22  0.39171254E-38
  0.17000000E+02 -0.54666131E-22  0.39025954E-38
  0.17100000E+02 -0.54105996E-22  0.38394822E-38
  0.17200000E+02 -0.53554118E-22  0.38309075E-38
  0.17300000E+02 -0.53010339E-22  0.37874874E-38
  0.17400000E+02 -0.52474508E-22  0.37278730E-38
  0.17500000E+02 -0.51946476E-22  0.37482188E-38
  0.17600000E+02 -0.51426099E-22  0.37436506E-38
  0.17700000E+02 -0.50913233E-22  0.36606195E-38
  0.17800000E+02 -0.50407741E-22  0.36569874E-38
  0.17900000E+02 -0.49909487E-22  0.36077841E-38
  0.18000000E+02 -0.49418337E-22  0.36052016E-38
  0.18100000E+02 -0.48934162E-22  0.35962592E-38
  0.18200000E+02 -0.48456836E-22  0.35464020E-38
  0.18300000E+02 -0.47986232E-22  0.34820830E-38
  0.18400000E+02 -0.47522231E-22  0.34772118E-38
  0.18500000E+02 -0.47064713E-22  0.34745420E-38
  0.18600000E+02 -0.46613562E-22  0.34326923E-38
  0.18700000E+02 -0.46168663E-22  0.34295957E-38
  0.18800000E+02 -0.45729907E-22  0.34304366E-38
  0.18900000E+02 -0.45297183E-22  0.33578666E-38
  0.19000000E+02 -0.44870385E-22  0.33360641E-38
  0.19100000E+02 -0.44449408E-22  0.32866376E-38
  0.19200000E+02 -0.44034151E-22  0.32663399E-38
  0.19300000E+02 -0.43624513E-22  0.32622413E-38
  0.19400000E+02 -0.43220397E-22  0.32557974E-38
  0.19500000E+02 -0.42821706E-22  0.31866722E-38
  0.19600000E+02 -0.42428346E-22  0.32142578E-38
  0.19700000E+02 -0.42040227E-22  0.31855710E-38
  0.19800000E+02 -0.41657257E-22  0.31197766E-38
  0.19900000E+02 -0.41279349E-22  0.31118817E-38
  0.20000000E+02 -0.40906416E-22  0.30948769E-38
  0.20100000E+02 -0.40538374E-22  0.30870988E-38
  0.20200000E+02 -0.40175141E-22  0.30339513E-38
  0.20300000E+02 -0.39816634E-22  0.30366940E-38
  0.20400000E+02 -0.39462774E-22  0.30054027E-38
  0.20500000E+02 -0.39113485E-22  0.29975594E-38
  0.20600000E+02 -0.38768689E-22  0.29552429E-38
  0.20700000E+02 -0.38428311E-22  0.29407357E-38
  0.20800000E+02 -0.38092279E-22  0.29337343E-38
  0.20900000E+02 -0.37760521E-22  0.28807867E-38
  0.21000000E+02 -0.37432966E-22  0.28837006E-38
  0.21100000E+02 -0.37109546E-22  0.28464676E-38
  0.21200000E+02 -0.36790192E-22  0.28374233E-38
  0.21300000E+02 -0.36474840E-22  0.28016444E-38
  0.21400000E+02 -0.36163424E-22  0.27702866E-38
  0.21500000E+02 -0.35855879E-22  0.27895606E-38
  0.21600000E+02 -0.35552145E-22  0.27662324E-38
  0.21700000E+02 -0.35252160E-22  0.27356402E-38
  0.21800000E+02 -0.34955863E-22  0.27034009E-38
  0.21900000E+02 -0.34663197E-22  0.27097090E-38
  0.22000000E+02 -0.34374103E-22  0.26668981E-38
  0.22100000E+02 -0.34088524E-22  0.26266248E-38
  0.22200000E+02 -0.33806407E-22  0.26193420E-38
  0.22300000E+02 -0.33527695E-22  0.26176372E-38
  0.22400000E+02 -0.33252336E-22  0.26406744E-38
  0.22500000E+02 -0.32980277E-22  0.25963358E-38
  0.22600000E+02 -0.32711467E-22  0.25790546E-38
  0.22700000E+02 -0.32445856E-22  0.25680119E-38
  0.22800000E+02 -0.32183394E-22  0.25495749E-38
  0.22900000E+02 -0.31924032E-22  0.25167660E-38
  0.23000000E+02 -0.31667724E-22  0.25137825E-38
  0.23100000E+02 -0.31414422E-22  0.25258325E-38
  0.23200000E+02 -0.31164081E-22  0.24621481E-38
  0.23300000E+02 -0.30916655E-22  0.24594253E-38
  0.23400000E+02 -0.30672101E-22  0.24184445E-38
  0.23500000E+02 -0.30430375E-22  0.24280683E-38
  0.23600000E+02 -0.30191435E-22  0.23950189E-38
  0.23700000E+02 -0.29955238E-22  0.23888684E-38
  0.23800000E+02 -0.29721745E-22  0.23543513E-38
  0.23900000E+02 -0.29490914E-22  0.23405178E-38
  0.24000000E+02 -0.29262706E-22  0.23428838E-38
  0.24100000E+02 -0.29037082E-22  0.23317906E-38
  0.24200000E+02 -0.28814005E-22  0.23327313E-38
  0.24300000E+02 -0.28593436E-22  0.22877835E-38
  0.24400000E+02 -0.28375340E-22  0.22948035E-38
  0.24500000E+02 -0.28159680E-22  0.22643315E-38
  0.24600000E+02 -0.27946420E-22  0.22656245E-38
  0.24700000E+02 -0.27735526E-22  0.22402734E-38
  0.24800000E+02 -0.27526963E-22  0.22221687E-38
  0.24900000E+02 -0.27320699E-22  0.22094566E-38
  0.25000000E+02 -0.27116699E-22  0.21963603E-38
  0.25100000E+02 -0.26914932E-22  0.21817286E-38
  0.25200000E+02 -0.26715366E-22  0.21743336E-38
  0.25300000E+02 -0.26517969E-22  0.21621227E-38
  0.25400000E+02 -0.26322711E-22  0.21456648E-38
  0.25500000E+02 -0.26129561E-22  0.21303937E-38
  0.25600000E+02 -0.25938490E-22  0.21055227E-38
  0.25700000E+02 -0.25749468E-22  0.20937223E-38
  0.25800000E+02 -0.25562468E-22  0.21036463E-38
  0.25900000E+02 -0.25377460E-22  0.20846369E-38
  0.26000000E+02 -0.25194417E-22  0.20570317E-38
  0.26100000E+02 -0.25013311E-22  0.20604013E-38
  0.26200000E+02 -0.24834117E-22  0.20378003E-38
  0.26300000E+02 -0.24656807E-22  0.20188047E-38
  0.26400000E+02 -0.24481356E-22  0.20150274E-38
  0.26500000E+02 -0.24307738E-22  0.20046442E-38
  0.26600000E+02 -0.24135929E-22  0.19913592E-38
  0.26700000E+02 -0.23965903E-22  0.19756526E-38
  0.26800000E+02 -0.23797637E-22  0.19521377E-38
  0.26900000E+02 -0.23631106E-22  0.19451172E-38
  0.27000000E+02 -0.23466288E-22  0.19353974E-38
  0.27100000E+02 -0.23303158E-22  0.19318240E-38
  0.27200000E+02 -0.23141696E-22  0.19137203E-38
  0.27300000E+02 -0.22981878E-22  0.18983384E-38
  0.27400000E+02 -0.22823682E-22  0.18860371E-38
  0.27500000E+02 -0.22667088E-22  0.18915249E-38
  0.27600000E+02 -0.22512073E-22  0.18724350E-38
  0.27700000E+02 -0.22358617E-22  0.18462445E-38
  0.27800000E+02 -0.22206699E-22  0.18424790E-38
  0.27900000E+02 -0.22056300E-22  0.18300459E-38
  0.28000000E+02 -0.21907399E-22  0.18266795E-38
  0.28100000E+02 -0.21759977E-22  0.18122900E-38
  0.28200000E+02 -0.21614014E-22  0.17936718E-38
  0.28300000E+02 -0.21469493E-22  0.17923051E-38
  0.28400000E+02 -0.21326393E-22  0.17715799E-38
  0.28500000E+02 -0.21184697E-22  0.17758942E-38
  0.28600000E+02 -0.21044387E-22  0.17548418E-38
  0.28700000E+02 -0.20905445E-22  0.17400028E-38
  0.28800000E+02 -0.20767854E-22  0.17416068E-38
  0.28900000E+02 -0.20631596E-22  0.17283007E-38
  0.29000000E+02 -0.20496654E-22  0.17122410E-38
  0.29100000E+02 -0.20363013E-22  0.17106645E-38
  0.29200000E+02 -0.20230654E-22  0.17018880E-38
  0.29300000E+02 -0.20099563E-22  0.16938969E-38
  0.29400000E+02 -0.19969723E-22  0.16857707E-38
  0.29500000E+02 -0.19841119E-22  0.16662710E-38
  0.29600000E+02 -0.19713735E-22  0.16423244E-38
  0.29700000E+02 -0.19587557E-22  0.16587782E-38
  0.29800000E+02 -0.19462568E-22  0.16372844E-38
  0.29900000E+02 -0.19338755E-22  0.16282826E-38
  0.30000000E+02 -0.19216103E-22  0.16339195E-38
  0.30100000E+02 -0.19094598E-22  0.16169036E-38
  0.30200000E+02 -0.18974225E-22  0.16065173E-38
  0.30300000E+02 -0.18854971E-22  0.15977156E-38
  0.30400000E+02 -0.18736822E-22  0.15917621E-38
  0.30500000E+02 -0.18619765E-22  0.15804264E-38
  0.30600000E+02 -0.18503787E-22  0.15839220E-38
  0.30700000E+02 -0.18388874E-22  0.15566474E-38
  0.30800000E+02 -0.18275013E-22  0.15493973E-38
  0.30900000E+02 -0.18162193E-22  0.15481480E-38
  0.31000000E+02 -0.18050400E-22  0.15347041E-38
  0.31100000E+02 -0.17939622E-22  0.15238198E-38
  0.31200000E+02 -0.17829848E-22  0.15185975E-38
  0.31300000E+02 -0.17721064E-22  0.15150542E-38
  0.31400000E+02 -0.17613260E-22  0.15044392E-38
  0.31500000E+02 -0.17506424E-22  0.14901208E-38
  0.31600000E+02 -0.17400545E-22  0.14714803E-38
  0.31700000E+02 -0.17295611E-22  0.14726213E-38
  0.31800000E+02 -0.17191611E-22  0.14744767E-38
  0.31900000E+02 -0.17088534E-22  0.14686895E-38
  0.32000000E+02 -0.16986369E-22  0.14530026E-38
  0.32100000E+02 -0.16885107E-22  0.14396919E-38
  0.32200000E+02 -0.16784736E-22  0.14436024E-38
  0.32300000E+02 -0.16685246E-22  0.14305712E-38
  0.32400000E+02 -0.16586627E-22  0.14261921E-38
  0.32500000E+02 -0.16488869E-22  0.14143516E-38
  0.32600000E+02 -0.16391962E-22  0.13971228E-38
  0.32700000E+02 -0.16295897E-22  0.14087008E-38
  0.32800000E+02 -0.16200663E-22  0.13853305E-38
  0.32900000E+02 -0.16106252E-22  0.13860188E-38
  0.33000000E+02 -0.16012653E-22  0.13784764E-38
  0.33100000E+02 -0.15919858E-22  0.13690551E-38
  0.33200000E+02 -0.15827858E-22  0.13746247E-38
  0.33300000E+02 -0.15736644E-22  0.13557424E-38
  0.33400000E+02 -0.15646206E-22  0.13441227E-38
  0.33500000E+02 -0.15556537E-22  0.13371083E-38
  0.33600000E+02 -0.15467628E-22  0.13255223E-38
  0.33700000E+02 -0.15379469E-22  0.13281698E-38
  0.33800000E+02 -0.15292054E-22  0.13275428E-38
  0.33900000E+02 -0.15205373E-22  0.13119708E-38
  0.34000000E+02 -0.15119418E-22  0.12969545E-38
  0.34100000E+02 -0.15034182E-22  0.13003866E-38
  0.34200000E+02 -0.14949657E-22  0.12968624E-38
  0.34300000E+02 -0.14865834E-22  0.12830231E-38
  0.34400000E+02 -0.14782707E-22  0.12747656E-38
  0.34500000E+02 -0.14700267E-22  0.12725528E-38
  0.34600000E+02 -0.14618507E-22  0.12614789E-38
  0.34700000E+02 -0.14537420E-22  0.12628492E-38
  0.34800000E+02 -0.14456998E-22  0.12423610E-38
  0.34900000E+02 -0.14377235E-22  0.12549965E-38
  0.35000000E+02 -0.14298122E-22  0.12376622E-38
  0.35100000E+02 -0.14219654E-22  0.12277074E-38
  0.35200000E+02 -0.14141823E-22  0.12245720E-38
  0.35300000E+02 -0.14064622E-22  0.12225987E-38
  0.35400000E+02 -0.13988045E-22  0.12273010E-38
  0.35500000E+02 -0.13912085E-22  0.12078035E-38
  0.35600000E+02 -0.13836736E-22  0.12062135E-38
  0.35700000E+02 -0.13761990E-22  0.12026925E-38
  0.35800000E+02 -0.13687843E-22  0.11947301E-38
  0.35900000E+02 -0.13614286E-22  0.11862470E-38
  0.36000000E+02 -0.13541315E-22  0.11785417E-38
  0.36100000E+02 -0.13468923E-22  0.11814277E-38
  0.36200000E+02 -0.13397104E-22  0.11594907E-38
  0.36300000E+02 -0.13325852E-22  0.11667584E-38
  0.36400000E+02 -0.13255162E-22  0.11555711E-38
  0.36500000E+02 -0.13185026E-22  0.11539985E-38
  0.36600000E+02 -0.13115440E-22  0.11429441E-38
  0.36700000E+02 -0.13046398E-22  0.11446770E-38
  0.36800000E+02 -0.12977895E-22  0.11392450E-38
  0.36900000E+02 -0.12909924E-22  0.11263964E-38
  0.37000000E+02 -0.12842480E-22  0.11241819E-38
  0.37100000E+02 -0.12775558E-22  0.11242103E-38
  0.37200000E+02 -0.12709153E-22  0.11128530E-38
  0.37300000E+02 -0.12643260E-22  0.11098222E-38
  0.37400000E+02 -0.12577872E-22  0.11032433E-38
  0.37500000E+02 -0.12512986E-22  0.11044580E-38
  0.37600000E+02 -0.12448595E-22  0.10884738E-38
  0.37700000E+02 -0.12384696E-22  0.10898594E-38
  0.37800000E+02 -0.12321282E-22  0.10864414E-38
  0.37900000E+02 -0.12258350E-22  0.10772770E-38
  0.38000000E+02 -0.12195894E-22  0.10742919E-38
  0.38100000E+02 -0.12133910E-22  0.10703099E-38
  0.38200000E+02 -0.12072393E-22  0.10655121E-38
  0.38300000E+02 -0.12011338E-22  0.10518859E-38
  0.38400000E+02 -0.11950741E-22  0.10505980E-38
  0.38500000E+02 -0.11890596E-22  0.10460059E-38
  0.38600000E+02 -0.11830901E-22  0.10350457E-38
  0.38700000E+02 -0.11771650E-22  0.10370903E-38
  0.38800000E+02 -0.11712839E-22  0.10404428E-38
  0.38900000E+02 -0.11654463E-22  0.10327478E-38
  0.39000000E+02 -0.11596519E-22  0.10263669E-38
  0.39100000E+02 -0.11539003E-22  0.10083626E-38
  0.39200000E+02 -0.11481909E-22  0.10086304E-38
  0.39300000E+02 -0.11425234E-22  0.10106445E-38
  0.39400000E+02 -0.11368974E-22  0.10053703E-38
  0.39500000E+02 -0.11313125E-22  0.99280534E-39
  0.39600000E+02 -0.11257682E-22  0.99548474E-39
  0.39700000E+02 -0.11202643E-22  0.98766526E-39
  0.39800000E+02 -0.11148003E-22  0.98367019E-39
  0.39900000E+02 -0.11093758E-22  0.98274908E-39
  0.40000000E+02 -0.11039905E-22  0.97251898E-39
