  0.00000000E+00 -0.42065257E-23  0.14122976E-37
  0.10000000E+00 -0.41953159E-23  0.14170781E-37
  0.20000000E+00 -0.41617372E-23  0.13990647E-37
  0.30000000E+00 -0.41059406E-23  0.14130118E-37
  0.40000000E+00 -0.40281764E-23  0.13965949E-37
  0.50000000E+00 -0.39287916E-23  0.14021238E-37
  0.60000000E+00 -0.38082268E-23  0.13813099E-37
  0.70000000E+00 -0.36670118E-23  0.13726602E-37
  0.80000000E+00 -0.35057607E-23  0.13697338E-37
  0.90000000E+00 -0.33251666E-23  0.13549505E-37
  0.10000000E+01 -0.31259952E-23  0.13458809E-37
  0.11000000E+01 -0.29090780E-23  0.13346163E-37
  0.12000000E+01 -0.26753054E-23  0.13266278E-37
  0.13000000E+01 -0.24256189E-23  0.13000748E-37
  0.14000000E+01 -0.21610039E-23  0.12979821E-37
  0.15000000E+01 -0.18824820E-23  0.12822441E-37
  0.16000000E+01 -0.15911027E-23  0.12711212E-37
  0.17000000E+01 -0.12879365E-23  0.12509160E-37
  0.18000000E+01 -0.97406712E-24  0.12348748E-37
  0.19000000E+01 -0.65058437E-24  0.12073513E-37
  0.20000000E+01 -0.31857737E-24  0.12054872E-37
  0.21000000E+01  0.20871878E-25  0.11728348E-37
  0.22000000E+01  0.36669452E-24  0.11586520E-37
  0.23000000E+01  0.71784037E-24  0.11438547E-37
  0.24000000E+01  0.10732829E-23  0.11172985E-37
  0.25000000E+01  0.14320238E-23  0.11033466E-37
  0.26000000E+01  0.17930969E-23  0.10845589E-37
  0.27000000E+01  0.21555716E-23  0.10613776E-37
  0.28000000E+01  0.25185558E-23  0.10432051E-37
  0.29000000E+01  0.28811983E-23  0.10325820E-37
  0.30000000E+01  0.32426910E-23  0.10046883E-37
  0.31000000E+01  0.36022697E-23  0.98884051E-38
  0.32000000E+01  0.39592158E-23  0.97037241E-38
  0.33000000E+01  0.43128566E-23  0.94756498E-38
  0.34000000E+01  0.46625655E-23  0.92885743E-38
  0.35000000E+01  0.50077619E-23  0.90527800E-38
  0.36000000E+01  0.53479110E-23  0.87806325E-38
  0.37000000E+01  0.56825230E-23  0.87525998E-38
  0.38000000E+01  0.60111519E-23  0.85127974E-38
  0.39000000E+01  0.63333950E-23  0.82696205E-38
  0.40000000E+01  0.66488908E-23  0.80766986E-38
  0.41000000E+01  0.69573184E-23  0.80075246E-38
  0.42000000E+01  0.72583952E-23  0.77559147E-38
  0.43000000E+01  0.75518756E-23  0.75772634E-38
  0.44000000E+01  0.78375493E-23  0.73747437E-38
  0.45000000E+01  0.81152394E-23  0.72277887E-38
  0.46000000E+01  0.83848005E-23  0.70598837E-38
  0.47000000E+01  0.86461173E-23  0.69754371E-38
  0.48000000E+01  0.88991022E-23  0.67569559E-38
  0.49000000E+01  0.91436938E-23  0.66450846E-38
  0.50000000E+01  0.93798554E-23  0.64562642E-38
  0.51000000E+01  0.96075727E-23  0.63162992E-38
  0.52000000E+01  0.98268526E-23  0.61915809E-38
  0.53000000E+01  0.10037721E-22  0.60599394E-38
  0.54000000E+01  0.10240222E-22  0.58473515E-38
  0.55000000E+01  0.10434416E-22  0.57918220E-38
  0.56000000E+01  0.10620377E-22  0.55811342E-38
  0.57000000E+01  0.10798195E-22  0.54948421E-38
  0.58000000E+01  0.10967969E-22  0.53660851E-38
  0.59000000E+01  0.11129811E-22  0.51801324E-38
  0.60000000E+01  0.11283842E-22  0.50873578E-38
  0.61000000E+01  0.11430192E-22  0.49978186E-38
  0.62000000E+01  0.11568997E-22  0.48221682E-38
  0.63000000E+01  0.11700401E-22  0.47527671E-38
  0.64000000E+01  0.11824554E-22  0.45890203E-38
  0.65000000E+01  0.11941609E-22  0.45500699E-38
  0.66000000E+01  0.12051725E-22  0.44446448E-38
  0.67000000E+01  0.12155062E-22  0.43310956E-38
  0.68000000E+01  0.12251784E-22  0.42284958E-38
  0.69000000E+01  0.12342058E-22  0.41049255E-38
  0.70000000E+01  0.12426049E-22  0.40780613E-38
  0.71000000E+01  0.12503927E-22  0.39139641E-38
  0.72000000E+01  0.12575859E-22  0.38834705E-38
  0.73000000E+01  0.12642013E-22  0.37315171E-38
  0.74000000E+01  0.12702557E-22  0.36607994E-38
  0.75000000E+01  0.12757658E-22  0.36213516E-38
  0.76000000E+01  0.12807481E-22  0.35120590E-38
  0.77000000E+01  0.12852191E-22  0.34541292E-38
  0.78000000E+01  0.12891949E-22  0.33082625E-38
  0.79000000E+01  0.12926917E-22  0.33095274E-38
  0.80000000E+01  0.12957252E-22  0.32710765E-38
  0.81000000E+01  0.12983110E-22  0.31808905E-38
  0.82000000E+01  0.13004644E-22  0.31024414E-38
  0.83000000E+01  0.13022006E-22  0.30330348E-38
  0.84000000E+01  0.13035342E-22  0.29391061E-38
  0.85000000E+01  0.13044798E-22  0.29214849E-38
  0.86000000E+01  0.13050516E-22  0.28845754E-38
  0.87000000E+01  0.13052635E-22  0.27117727E-38
  0.88000000E+01  0.13051290E-22  0.26892796E-38
  0.89000000E+01  0.13046614E-22  0.26155575E-38
  0.90000000E+01  0.13038737E-22  0.25802525E-38
  0.91000000E+01  0.13027785E-22  0.25188970E-38
  0.92000000E+01  0.13013881E-22  0.24904360E-38
  0.93000000E+01  0.12997146E-22  0.24427181E-38
  0.94000000E+01  0.12977695E-22  0.23921234E-38
  0.95000000E+01  0.12955643E-22  0.23084896E-38
  0.96000000E+01  0.12931100E-22  0.23241846E-38
  0.97000000E+01  0.12904173E-22  0.22373504E-38
  0.98000000E+01  0.12874966E-22  0.21967119E-38
  0.99000000E+01  0.12843582E-22  0.21308756E-38
  0.10000000E+02  0.12810117E-22  0.20995407E-38
  0.10100000E+02  0.12774668E-22  0.20723889E-38
  0.10200000E+02  0.12737325E-22  0.20178125E-38
  0.10300000E+02  0.12698180E-22  0.19809496E-38
  0.10400000E+02  0.12657318E-22  0.18864354E-38
  0.10500000E+02  0.12614823E-22  0.18818877E-38
  0.10600000E+02  0.12570777E-22  0.19037345E-38
  0.10700000E+02  0.12525257E-22  0.18186666E-38
  0.10800000E+02  0.12478340E-22  0.17722077E-38
  0.10900000E+02  0.12430099E-22  0.17826951E-38
  0.11000000E+02  0.12380604E-22  0.16828511E-38
  0.11100000E+02  0.12329925E-22  0.16633096E-38
  0.11200000E+02  0.12278128E-22  0.16457913E-38
  0.11300000E+02  0.12225275E-22  0.15832944E-38
  0.11400000E+02  0.12171429E-22  0.15998261E-38
  0.11500000E+02  0.12116649E-22  0.15764825E-38
  0.11600000E+02  0.12060993E-22  0.15099265E-38
  0.11700000E+02  0.12004514E-22  0.15412878E-38
  0.11800000E+02  0.11947267E-22  0.14840534E-38
  0.11900000E+02  0.11889303E-22  0.14435433E-38
  0.12000000E+02  0.11830671E-22  0.14385909E-38
  0.12100000E+02  0.11771419E-22  0.13687244E-38
  0.12200000E+02  0.11711591E-22  0.13957216E-38
  0.12300000E+02  0.11651233E-22  0.12793790E-38
  0.12400000E+02  0.11590387E-22  0.13114819E-38
  0.12500000E+02  0.11529092E-22  0.13091802E-38
  0.12600000E+02  0.11467389E-22  0.12787751E-38
  0.12700000E+02  0.11405314E-22  0.12877902E-38
  0.12800000E+02  0.11342904E-22  0.12390561E-38
  0.12900000E+02  0.11280194E-22  0.12106130E-38
  0.13000000E+02  0.11217216E-22  0.11728575E-38
  0.13100000E+02  0.11154002E-22  0.12050023E-38
  0.13200000E+02  0.11090584E-22  0.11767705E-38
  0.13300000E+02  0.11026991E-22  0.11299587E-38
  0.13400000E+02  0.10963249E-22  0.10976739E-38
  0.13500000E+02  0.10899388E-22  0.11235254E-38
  0.13600000E+02  0.10835432E-22  0.10978714E-38
  0.13700000E+02  0.10771406E-22  0.11212066E-38
  0.13800000E+02  0.10707334E-22  0.10314517E-38
  0.13900000E+02  0.10643238E-22  0.10525499E-38
  0.14000000E+02  0.10579140E-22  0.10092121E-38
  0.14100000E+02  0.10515061E-22  0.99019459E-39
  0.14200000E+02  0.10451021E-22  0.10055849E-38
  0.14300000E+02  0.10387038E-22  0.99731219E-39
  0.14400000E+02  0.10323131E-22  0.97509215E-39
  0.14500000E+02  0.10259316E-22  0.92531439E-39
  0.14600000E+02  0.10195611E-22  0.91403153E-39
  0.14700000E+02  0.10132031E-22  0.91938301E-39
  0.14800000E+02  0.10068590E-22  0.87935958E-39
  0.14900000E+02  0.10005303E-22  0.88532431E-39
  0.15000000E+02  0.99421840E-23  0.87823741E-39
  0.15100000E+02  0.98792451E-23  0.85043581E-39
  0.15200000E+02  0.98164988E-23  0.85341237E-39
  0.15300000E+02  0.97539566E-23  0.81062608E-39
  0.15400000E+02  0.96916295E-23  0.82538646E-39
  0.15500000E+02  0.96295281E-23  0.80081600E-39
  0.15600000E+02  0.95676622E-23  0.80602261E-39
  0.15700000E+02  0.95060412E-23  0.76006481E-39
  0.15800000E+02  0.94446739E-23  0.77011877E-39
  0.15900000E+02  0.93835686E-23  0.76924670E-39
  0.16000000E+02  0.93227334E-23  0.74196817E-39
  0.16100000E+02  0.92621757E-23  0.74356820E-39
  0.16200000E+02  0.92019024E-23  0.76174415E-39
  0.16300000E+02  0.91419202E-23  0.70659904E-39
  0.16400000E+02  0.90822353E-23  0.70695652E-39
  0.16500000E+02  0.90228534E-23  0.70294811E-39
  0.16600000E+02  0.89637801E-23  0.68746920E-39
  0.16700000E+02  0.89050203E-23  0.68000481E-39
  0.16800000E+02  0.88465789E-23  0.65462990E-39
  0.16900000E+02  0.87884603E-23  0.63358410E-39
  0.17000000E+02  0.87306686E-23  0.61692549E-39
  0.17100000E+02  0.86732075E-23  0.61640055E-39
  0.17200000E+02  0.86160806E-23  0.63281859E-39
  0.17300000E+02  0.85592911E-23  0.61236948E-39
  0.17400000E+02  0.85028420E-23  0.60130448E-39
  0.17500000E+02  0.84467360E-23  0.61009540E-39
  0.17600000E+02  0.83909754E-23  0.58811211E-39
  0.17700000E+02  0.83355627E-23  0.60876250E-39
  0.17800000E+02  0.82804998E-23  0.60178532E-39
  0.17900000E+02  0.82257883E-23  0.59384896E-39
  0.18000000E+02  0.81714301E-23  0.56249276E-39
  0.18100000E+02  0.81174263E-23  0.57071498E-39
  0.18200000E+02  0.80637782E-23  0.54659440E-39
  0.18300000E+02  0.80104869E-23  0.55680229E-39
  0.18400000E+02  0.79575531E-23  0.55313286E-39
  0.18500000E+02  0.79049775E-23  0.52698203E-39
  0.18600000E+02  0.78527607E-23  0.53676065E-39
  0.18700000E+02  0.78009030E-23  0.54907671E-39
  0.18800000E+02  0.77494045E-23  0.51546629E-39
  0.18900000E+02  0.76982655E-23  0.51277314E-39
  0.19000000E+02  0.76474858E-23  0.49212762E-39
  0.19100000E+02  0.75970653E-23  0.51564513E-39
  0.19200000E+02  0.75470036E-23  0.50325177E-39
  0.19300000E+02  0.74973003E-23  0.48161352E-39
  0.19400000E+02  0.74479550E-23  0.49247251E-39
  0.19500000E+02  0.73989669E-23  0.48423670E-39
  0.19600000E+02  0.73503354E-23  0.46169390E-39
  0.19700000E+02  0.73020597E-23  0.46888503E-39
  0.19800000E+02  0.72541388E-23  0.43875180E-39
  0.19900000E+02  0.72065717E-23  0.44196974E-39
  0.20000000E+02  0.71593574E-23  0.43302929E-39
  0.20100000E+02  0.71124946E-23  0.44803782E-39
  0.20200000E+02  0.70659823E-23  0.42992821E-39
  0.20300000E+02  0.70198191E-23  0.41936384E-39
  0.20400000E+02  0.69740035E-23  0.39740432E-39
  0.20500000E+02  0.69285343E-23  0.41928691E-39
  0.20600000E+02  0.68834099E-23  0.41065772E-39
  0.20700000E+02  0.68386288E-23  0.40515174E-39
  0.20800000E+02  0.67941894E-23  0.39675043E-39
  0.20900000E+02  0.67500901E-23  0.39321195E-39
  0.21000000E+02  0.67063291E-23  0.38518319E-39
  0.21100000E+02  0.66629048E-23  0.37414176E-39
  0.21200000E+02  0.66198154E-23  0.37232204E-39
  0.21300000E+02  0.65770591E-23  0.37819666E-39
  0.21400000E+02  0.65346341E-23  0.38975778E-39
  0.21500000E+02  0.64925384E-23  0.38211487E-39
  0.21600000E+02  0.64507702E-23  0.35913093E-39
  0.21700000E+02  0.64093276E-23  0.36414371E-39
  0.21800000E+02  0.63682085E-23  0.35356672E-39
  0.21900000E+02  0.63274110E-23  0.34047539E-39
  0.22000000E+02  0.62869331E-23  0.34048687E-39
  0.22100000E+02  0.62467728E-23  0.34286585E-39
  0.22200000E+02  0.62069279E-23  0.33981506E-39
  0.22300000E+02  0.61673965E-23  0.33739759E-39
  0.22400000E+02  0.61281765E-23  0.34171272E-39
  0.22500000E+02  0.60892657E-23  0.31983415E-39
  0.22600000E+02  0.60506621E-23  0.32357732E-39
  0.22700000E+02  0.60123635E-23  0.32994484E-39
  0.22800000E+02  0.59743678E-23  0.33269819E-39
  0.22900000E+02  0.59366728E-23  0.32166703E-39
  0.23000000E+02  0.58992765E-23  0.32030748E-39
  0.23100000E+02  0.58621765E-23  0.31210919E-39
  0.23200000E+02  0.58253709E-23  0.29043027E-39
  0.23300000E+02  0.57888574E-23  0.31084194E-39
  0.23400000E+02  0.57526338E-23  0.31135422E-39
  0.23500000E+02  0.57166980E-23  0.30551551E-39
  0.23600000E+02  0.56810478E-23  0.31091964E-39
  0.23700000E+02  0.56456810E-23  0.28427349E-39
  0.23800000E+02  0.56105955E-23  0.29456218E-39
  0.23900000E+02  0.55757890E-23  0.28787670E-39
  0.24000000E+02  0.55412595E-23  0.28008690E-39
  0.24100000E+02  0.55070047E-23  0.28228742E-39
  0.24200000E+02  0.54730224E-23  0.27386074E-39
  0.24300000E+02  0.54393106E-23  0.28266936E-39
  0.24400000E+02  0.54058670E-23  0.25927790E-39
  0.24500000E+02  0.53726894E-23  0.26993922E-39
  0.24600000E+02  0.53397759E-23  0.26484729E-39
  0.24700000E+02  0.53071241E-23  0.25400662E-39
  0.24800000E+02  0.52747321E-23  0.25886423E-39
  0.24900000E+02  0.52425976E-23  0.26812685E-39
  0.25000000E+02  0.52107185E-23  0.26345738E-39
  0.25100000E+02  0.51790927E-23  0.26525423E-39
  0.25200000E+02  0.51477182E-23  0.25703702E-39
  0.25300000E+02  0.51165927E-23  0.23632198E-39
  0.25400000E+02  0.50857144E-23  0.24917370E-39
  0.25500000E+02  0.50550810E-23  0.25132485E-39
  0.25600000E+02  0.50246905E-23  0.24165962E-39
  0.25700000E+02  0.49945408E-23  0.23514886E-39
  0.25800000E+02  0.49646300E-23  0.23258257E-39
  0.25900000E+02  0.49349560E-23  0.22823473E-39
  0.26000000E+02  0.49055167E-23  0.23566983E-39
  0.26100000E+02  0.48763102E-23  0.23089665E-39
  0.26200000E+02  0.48473344E-23  0.22167452E-39
  0.26300000E+02  0.48185874E-23  0.22773823E-39
  0.26400000E+02  0.47900673E-23  0.23424792E-39
  0.26500000E+02  0.47617719E-23  0.22754025E-39
  0.26600000E+02  0.47336995E-23  0.22813632E-39
  0.26700000E+02  0.47058480E-23  0.21068908E-39
  0.26800000E+02  0.46782156E-23  0.21167907E-39
  0.26900000E+02  0.46508003E-23  0.21896149E-39
  0.27000000E+02  0.46236002E-23  0.20467607E-39
  0.27100000E+02  0.45966135E-23  0.21842828E-39
  0.27200000E+02  0.45698382E-23  0.20478254E-39
  0.27300000E+02  0.45432726E-23  0.21144891E-39
  0.27400000E+02  0.45169148E-23  0.20890690E-39
  0.27500000E+02  0.44907630E-23  0.20320416E-39
  0.27600000E+02  0.44648152E-23  0.20199181E-39
  0.27700000E+02  0.44390699E-23  0.20107760E-39
  0.27800000E+02  0.44135250E-23  0.18983691E-39
  0.27900000E+02  0.43881790E-23  0.21099981E-39
  0.28000000E+02  0.43630299E-23  0.20602442E-39
  0.28100000E+02  0.43380762E-23  0.18638034E-39
  0.28200000E+02  0.43133159E-23  0.19923746E-39
  0.28300000E+02  0.42887475E-23  0.19562859E-39
  0.28400000E+02  0.42643692E-23  0.18902225E-39
  0.28500000E+02  0.42401794E-23  0.18712697E-39
  0.28600000E+02  0.42161762E-23  0.18154870E-39
  0.28700000E+02  0.41923582E-23  0.18742823E-39
  0.28800000E+02  0.41687236E-23  0.18110696E-39
  0.28900000E+02  0.41452707E-23  0.18661111E-39
  0.29000000E+02  0.41219981E-23  0.18635997E-39
  0.29100000E+02  0.40989040E-23  0.18134290E-39
  0.29200000E+02  0.40759869E-23  0.17382071E-39
  0.29300000E+02  0.40532451E-23  0.17357896E-39
  0.29400000E+02  0.40306772E-23  0.18116288E-39
  0.29500000E+02  0.40082816E-23  0.18056767E-39
  0.29600000E+02  0.39860567E-23  0.17672067E-39
  0.29700000E+02  0.39640010E-23  0.17082108E-39
  0.29800000E+02  0.39421129E-23  0.16621903E-39
  0.29900000E+02  0.39203911E-23  0.16841027E-39
  0.30000000E+02  0.38988339E-23  0.15426479E-39
  0.30100000E+02  0.38774400E-23  0.16217665E-39
  0.30200000E+02  0.38562078E-23  0.16784604E-39
  0.30300000E+02  0.38351360E-23  0.16615419E-39
  0.30400000E+02  0.38142230E-23  0.16064234E-39
  0.30500000E+02  0.37934675E-23  0.15284797E-39
  0.30600000E+02  0.37728681E-23  0.16277411E-39
  0.30700000E+02  0.37524233E-23  0.15741191E-39
  0.30800000E+02  0.37321317E-23  0.16045006E-39
  0.30900000E+02  0.37119921E-23  0.16091463E-39
  0.31000000E+02  0.36920031E-23  0.15858476E-39
  0.31100000E+02  0.36721632E-23  0.15390726E-39
  0.31200000E+02  0.36524712E-23  0.15486361E-39
  0.31300000E+02  0.36329258E-23  0.16196225E-39
  0.31400000E+02  0.36135256E-23  0.15767592E-39
  0.31500000E+02  0.35942693E-23  0.15561631E-39
  0.31600000E+02  0.35751557E-23  0.15236562E-39
  0.31700000E+02  0.35561835E-23  0.15192899E-39
  0.31800000E+02  0.35373514E-23  0.14098150E-39
  0.31900000E+02  0.35186583E-23  0.14413076E-39
  0.32000000E+02  0.35001027E-23  0.14536415E-39
  0.32100000E+02  0.34816836E-23  0.13905465E-39
  0.32200000E+02  0.34633997E-23  0.14306910E-39
  0.32300000E+02  0.34452498E-23  0.13767147E-39
  0.32400000E+02  0.34272328E-23  0.14736163E-39
  0.32500000E+02  0.34093473E-23  0.13282360E-39
  0.32600000E+02  0.33915924E-23  0.13509052E-39
  0.32700000E+02  0.33739667E-23  0.13901862E-39
  0.32800000E+02  0.33564693E-23  0.14280312E-39
  0.32900000E+02  0.33390989E-23  0.13759531E-39
  0.33000000E+02  0.33218544E-23  0.12907357E-39
  0.33100000E+02  0.33047347E-23  0.13048494E-39
  0.33200000E+02  0.32877387E-23  0.13337732E-39
  0.33300000E+02  0.32708653E-23  0.12614108E-39
  0.33400000E+02  0.32541134E-23  0.12889725E-39
  0.33500000E+02  0.32374820E-23  0.12381091E-39
  0.33600000E+02  0.32209701E-23  0.13018512E-39
  0.33700000E+02  0.32045764E-23  0.12112241E-39
  0.33800000E+02  0.31883001E-23  0.12562372E-39
  0.33900000E+02  0.31721400E-23  0.12447514E-39
  0.34000000E+02  0.31560952E-23  0.12448885E-39
  0.34100000E+02  0.31401647E-23  0.12819882E-39
  0.34200000E+02  0.31243474E-23  0.12430591E-39
  0.34300000E+02  0.31086424E-23  0.11997427E-39
  0.34400000E+02  0.30930487E-23  0.12081230E-39
  0.34500000E+02  0.30775653E-23  0.11891211E-39
  0.34600000E+02  0.30621912E-23  0.12178460E-39
  0.34700000E+02  0.30469255E-23  0.12484681E-39
  0.34800000E+02  0.30317673E-23  0.11217480E-39
  0.34900000E+02  0.30167156E-23  0.11642866E-39
  0.35000000E+02  0.30017694E-23  0.12025653E-39
  0.35100000E+02  0.29869280E-23  0.12131772E-39
  0.35200000E+02  0.29721903E-23  0.11746550E-39
  0.35300000E+02  0.29575555E-23  0.12194260E-39
  0.35400000E+02  0.29430227E-23  0.10775509E-39
  0.35500000E+02  0.29285910E-23  0.11702706E-39
  0.35600000E+02  0.29142596E-23  0.10918154E-39
  0.35700000E+02  0.29000274E-23  0.11612186E-39
  0.35800000E+02  0.28858938E-23  0.10986743E-39
  0.35900000E+02  0.28718579E-23  0.10151532E-39
  0.36000000E+02  0.28579188E-23  0.10998772E-39
  0.36100000E+02  0.28440757E-23  0.10777487E-39
  0.36200000E+02  0.28303278E-23  0.10974427E-39
  0.36300000E+02  0.28166742E-23  0.10730176E-39
  0.36400000E+02  0.28031141E-23  0.11221050E-39
  0.36500000E+02  0.27896469E-23  0.10764085E-39
  0.36600000E+02  0.27762715E-23  0.10058156E-39
  0.36700000E+02  0.27629874E-23  0.10968156E-39
  0.36800000E+02  0.27497936E-23  0.99684020E-40
  0.36900000E+02  0.27366895E-23  0.10010238E-39
  0.37000000E+02  0.27236743E-23  0.10126799E-39
  0.37100000E+02  0.27107472E-23  0.10071699E-39
  0.37200000E+02  0.26979074E-23  0.10012163E-39
  0.37300000E+02  0.26851543E-23  0.96927083E-40
  0.37400000E+02  0.26724871E-23  0.99995265E-40
  0.37500000E+02  0.26599051E-23  0.10524117E-39
  0.37600000E+02  0.26474075E-23  0.97183888E-40
  0.37700000E+02  0.26349937E-23  0.99042639E-40
  0.37800000E+02  0.26226629E-23  0.97536342E-40
  0.37900000E+02  0.26104145E-23  0.96871516E-40
  0.38000000E+02  0.25982477E-23  0.94498786E-40
  0.38100000E+02  0.25861619E-23  0.95613709E-40
  0.38200000E+02  0.25741564E-23  0.94753122E-40
  0.38300000E+02  0.25622306E-23  0.95701456E-40
  0.38400000E+02  0.25503837E-23  0.97814308E-40
  0.38500000E+02  0.25386150E-23  0.10014381E-39
  0.38600000E+02  0.25269241E-23  0.92654769E-40
  0.38700000E+02  0.25153102E-23  0.90930994E-40
  0.38800000E+02  0.25037726E-23  0.87523537E-40
  0.38900000E+02  0.24923108E-23  0.93485994E-40
  0.39000000E+02  0.24809240E-23  0.85323311E-40
  0.39100000E+02  0.24696118E-23  0.96273938E-40
  0.39200000E+02  0.24583734E-23  0.91603648E-40
  0.39300000E+02  0.24472084E-23  0.81614588E-40
  0.39400000E+02  0.24361159E-23  0.87262959E-40
  0.39500000E+02  0.24250956E-23  0.86101280E-40
  0.39600000E+02  0.24141467E-23  0.91936650E-40
  0.39700000E+02  0.24032687E-23  0.83107876E-40
  0.39800000E+02  0.23924610E-23  0.85071230E-40
  0.39900000E+02  0.23817231E-23  0.85076244E-40
  0.40000000E+02  0.23710543E-23  0.87893525E-40
