  0.00000000E+00 -0.88916518E-23  0.21615517E-37
  0.10000000E+00 -0.88883009E-23  0.21449076E-37
  0.20000000E+00 -0.88782619E-23  0.21585822E-37
  0.30000000E+00 -0.88615758E-23  0.21664315E-37
  0.40000000E+00 -0.88383109E-23  0.21516527E-37
  0.50000000E+00 -0.88085614E-23  0.21330647E-37
  0.60000000E+00 -0.87724468E-23  0.21264564E-37
  0.70000000E+00 -0.87301110E-23  0.20620355E-37
  0.80000000E+00 -0.86817204E-23  0.20930866E-37
  0.90000000E+00 -0.86274624E-23  0.20597850E-37
  0.10000000E+01 -0.85675439E-23  0.20269411E-37
  0.11000000E+01 -0.85021893E-23  0.19932588E-37
  0.12000000E+01 -0.84316382E-23  0.19977598E-37
  0.13000000E+01 -0.83561437E-23  0.19592610E-37
  0.14000000E+01 -0.82759702E-23  0.19185198E-37
  0.15000000E+01 -0.81913911E-23  0.18674337E-37
  0.16000000E+01 -0.81026870E-23  0.18330071E-37
  0.17000000E+01 -0.80101433E-23  0.17962210E-37
  0.18000000E+01 -0.79140486E-23  0.17635547E-37
  0.19000000E+01 -0.78146925E-23  0.17385186E-37
  0.20000000E+01 -0.77123641E-23  0.17223903E-37
  0.21000000E+01 -0.76073500E-23  0.16442997E-37
  0.22000000E+01 -0.74999331E-23  0.16237072E-37
  0.23000000E+01 -0.73903911E-23  0.15819419E-37
  0.24000000E+01 -0.72789950E-23  0.15390533E-37
  0.25000000E+01 -0.71660086E-23  0.15009324E-37
  0.26000000E+01 -0.70516869E-23  0.14492444E-37
  0.27000000E+01 -0.69362758E-23  0.14241581E-37
  0.28000000E+01 -0.68200112E-23  0.13509788E-37
  0.29000000E+01 -0.67031184E-23  0.13167538E-37
  0.30000000E+01 -0.65858118E-23  0.13132164E-37
  0.31000000E+01 -0.64682948E-23  0.12293815E-37
  0.32000000E+01 -0.63507593E-23  0.12056648E-37
  0.33000000E+01 -0.62333856E-23  0.11396481E-37
  0.34000000E+01 -0.61163429E-23  0.11112242E-37
  0.35000000E+01 -0.59997887E-23  0.10854458E-37
  0.36000000E+01 -0.58838696E-23  0.10346627E-37
  0.37000000E+01 -0.57687210E-23  0.98838034E-38
  0.38000000E+01 -0.56544677E-23  0.95267184E-38
  0.39000000E+01 -0.55412241E-23  0.92641141E-38
  0.40000000E+01 -0.54290944E-23  0.88524211E-38
  0.41000000E+01 -0.53181735E-23  0.82954166E-38
  0.42000000E+01 -0.52085466E-23  0.80449768E-38
  0.43000000E+01 -0.51002905E-23  0.76428922E-38
  0.44000000E+01 -0.49934731E-23  0.74376184E-38
  0.45000000E+01 -0.48881548E-23  0.70289561E-38
  0.46000000E+01 -0.47843880E-23  0.66067847E-38
  0.47000000E+01 -0.46822185E-23  0.63790646E-38
  0.48000000E+01 -0.45816849E-23  0.60605942E-38
  0.49000000E+01 -0.44828199E-23  0.59178530E-38
  0.50000000E+01 -0.43856502E-23  0.54021399E-38
  0.51000000E+01 -0.42901972E-23  0.53688772E-38
  0.52000000E+01 -0.41964771E-23  0.50349567E-38
  0.53000000E+01 -0.41045014E-23  0.46119507E-38
  0.54000000E+01 -0.40142774E-23  0.42348646E-38
  0.55000000E+01 -0.39258085E-23  0.40399336E-38
  0.56000000E+01 -0.38390941E-23  0.39220762E-38
  0.57000000E+01 -0.37541307E-23  0.36617198E-38
  0.58000000E+01 -0.36709114E-23  0.34521735E-38
  0.59000000E+01 -0.35894268E-23  0.31598829E-38
  0.60000000E+01 -0.35096648E-23  0.29981972E-38
  0.61000000E+01 -0.34316111E-23  0.27672149E-38
  0.62000000E+01 -0.33552493E-23  0.24998324E-38
  0.63000000E+01 -0.32805615E-23  0.22321669E-38
  0.64000000E+01 -0.32075278E-23  0.20066758E-38
  0.65000000E+01 -0.31361270E-23  0.19649041E-38
  0.66000000E+01 -0.30663368E-23  0.16753869E-38
  0.67000000E+01 -0.29981337E-23  0.16115697E-38
  0.68000000E+01 -0.29314931E-23  0.13844951E-38
  0.69000000E+01 -0.28663900E-23  0.12029473E-38
  0.70000000E+01 -0.28027984E-23  0.10688609E-38
  0.71000000E+01 -0.27406918E-23  0.96236411E-39
  0.72000000E+01 -0.26800434E-23  0.73984111E-39
  0.73000000E+01 -0.26208258E-23  0.64376299E-39
  0.74000000E+01 -0.25630117E-23  0.50413750E-39
  0.75000000E+01 -0.25065733E-23  0.44015691E-39
  0.76000000E+01 -0.24514829E-23  0.24598256E-39
  0.77000000E+01 -0.23977126E-23  0.10038295E-39
  0.78000000E+01 -0.23452348E-23 -0.73775765E-40
  0.79000000E+01 -0.22940218E-23 -0.77654453E-40
  0.80000000E+01 -0.22440460E-23 -0.26878232E-39
  0.81000000E+01 -0.21952801E-23 -0.37578936E-39
  0.82000000E+01 -0.21476970E-23 -0.50183293E-39
  0.83000000E+01 -0.21012698E-23 -0.56221839E-39
  0.84000000E+01 -0.20559720E-23 -0.67208529E-39
  0.85000000E+01 -0.20117773E-23 -0.72795770E-39
  0.86000000E+01 -0.19686598E-23 -0.87766685E-39
  0.87000000E+01 -0.19265941E-23 -0.95167405E-39
  0.88000000E+01 -0.18855550E-23 -0.97760464E-39
  0.89000000E+01 -0.18455178E-23 -0.11085477E-38
  0.90000000E+01 -0.18064581E-23 -0.11860549E-38
  0.91000000E+01 -0.17683520E-23 -0.12489650E-38
  0.92000000E+01 -0.17311762E-23 -0.13030748E-38
  0.93000000E+01 -0.16949075E-23 -0.14181741E-38
  0.94000000E+01 -0.16595234E-23 -0.14223292E-38
  0.95000000E+01 -0.16250019E-23 -0.15729744E-38
  0.96000000E+01 -0.15913212E-23 -0.15610820E-38
  0.97000000E+01 -0.15584601E-23 -0.17145040E-38
  0.98000000E+01 -0.15263979E-23 -0.16622078E-38
  0.99000000E+01 -0.14951144E-23 -0.17684425E-38
  0.10000000E+02 -0.14645896E-23 -0.18578081E-38
  0.10100000E+02 -0.14348042E-23 -0.18737709E-38
  0.10200000E+02 -0.14057392E-23 -0.19367118E-38
  0.10300000E+02 -0.13773762E-23 -0.19151660E-38
  0.10400000E+02 -0.13496970E-23 -0.19657695E-38
  0.10500000E+02 -0.13226841E-23 -0.20794994E-38
  0.10600000E+02 -0.12963202E-23 -0.20576578E-38
  0.10700000E+02 -0.12705886E-23 -0.20910362E-38
  0.10800000E+02 -0.12454728E-23 -0.21162735E-38
  0.10900000E+02 -0.12209570E-23 -0.21447916E-38
  0.11000000E+02 -0.11970255E-23 -0.22308776E-38
  0.11100000E+02 -0.11736632E-23 -0.21726349E-38
  0.11200000E+02 -0.11508554E-23 -0.23324706E-38
  0.11300000E+02 -0.11285875E-23 -0.23316653E-38
  0.11400000E+02 -0.11068456E-23 -0.23721318E-38
  0.11500000E+02 -0.10856161E-23 -0.24362673E-38
  0.11600000E+02 -0.10648855E-23 -0.23731708E-38
  0.11700000E+02 -0.10446409E-23 -0.23879264E-38
  0.11800000E+02 -0.10248698E-23 -0.24043479E-38
  0.11900000E+02 -0.10055598E-23 -0.24570646E-38
  0.12000000E+02 -0.98669898E-24 -0.24334023E-38
  0.12100000E+02 -0.96827565E-24 -0.25009342E-38
  0.12200000E+02 -0.95027851E-24 -0.25353764E-38
  0.12300000E+02 -0.93269651E-24 -0.25075268E-38
  0.12400000E+02 -0.91551892E-24 -0.25306669E-38
  0.12500000E+02 -0.89873529E-24 -0.25072110E-38
  0.12600000E+02 -0.88233546E-24 -0.25678448E-38
  0.12700000E+02 -0.86630953E-24 -0.24959971E-38
  0.12800000E+02 -0.85064789E-24 -0.25429296E-38
  0.12900000E+02 -0.83534115E-24 -0.25612144E-38
  0.13000000E+02 -0.82038022E-24 -0.26240656E-38
  0.13100000E+02 -0.80575623E-24 -0.25435305E-38
  0.13200000E+02 -0.79146055E-24 -0.25881490E-38
  0.13300000E+02 -0.77748480E-24 -0.25920851E-38
  0.13400000E+02 -0.76382082E-24 -0.26036052E-38
  0.13500000E+02 -0.75046067E-24 -0.25870381E-38
  0.13600000E+02 -0.73739661E-24 -0.26066199E-38
  0.13700000E+02 -0.72462116E-24 -0.25980960E-38
  0.13800000E+02 -0.71212698E-24 -0.26375440E-38
  0.13900000E+02 -0.69990698E-24 -0.26029640E-38
  0.14000000E+02 -0.68795424E-24 -0.25991960E-38
  0.14100000E+02 -0.67626204E-24 -0.26087657E-38
  0.14200000E+02 -0.66482382E-24 -0.26283065E-38
  0.14300000E+02 -0.65363323E-24 -0.26436715E-38
  0.14400000E+02 -0.64268406E-24 -0.26458478E-38
  0.14500000E+02 -0.63197030E-24 -0.26396366E-38
  0.14600000E+02 -0.62148609E-24 -0.26095981E-38
  0.14700000E+02 -0.61122572E-24 -0.26367381E-38
  0.14800000E+02 -0.60118364E-24 -0.26306013E-38
  0.14900000E+02 -0.59135446E-24 -0.26224641E-38
  0.15000000E+02 -0.58173292E-24 -0.25945702E-38
  0.15100000E+02 -0.57231392E-24 -0.26123173E-38
  0.15200000E+02 -0.56309249E-24 -0.26097547E-38
  0.15300000E+02 -0.55406379E-24 -0.26144437E-38
  0.15400000E+02 -0.54522310E-24 -0.26041938E-38
  0.15500000E+02 -0.53656586E-24 -0.26040796E-38
  0.15600000E+02 -0.52808761E-24 -0.26070083E-38
  0.15700000E+02 -0.51978400E-24 -0.25832351E-38
  0.15800000E+02 -0.51165082E-24 -0.26052036E-38
  0.15900000E+02 -0.50368396E-24 -0.25664616E-38
  0.16000000E+02 -0.49587941E-24 -0.25492519E-38
  0.16100000E+02 -0.48823330E-24 -0.25596956E-38
  0.16200000E+02 -0.48074182E-24 -0.25704828E-38
  0.16300000E+02 -0.47340129E-24 -0.25807126E-38
  0.16400000E+02 -0.46620813E-24 -0.25306934E-38
  0.16500000E+02 -0.45915883E-24 -0.25295552E-38
  0.16600000E+02 -0.45225000E-24 -0.25455766E-38
  0.16700000E+02 -0.44547833E-24 -0.25491905E-38
  0.16800000E+02 -0.43884058E-24 -0.25078615E-38
  0.16900000E+02 -0.43233361E-24 -0.25524221E-38
  0.17000000E+02 -0.42595438E-24 -0.25279924E-38
  0.17100000E+02 -0.41969990E-24 -0.24825104E-38
  0.17200000E+02 -0.41356727E-24 -0.25038829E-38
  0.17300000E+02 -0.40755367E-24 -0.25080421E-38
  0.17400000E+02 -0.40165634E-24 -0.24736362E-38
  0.17500000E+02 -0.39587262E-24 -0.24478696E-38
  0.17600000E+02 -0.39019988E-24 -0.24286437E-38
  0.17700000E+02 -0.38463558E-24 -0.24238492E-38
  0.17800000E+02 -0.37917726E-24 -0.24364747E-38
  0.17900000E+02 -0.37382249E-24 -0.24313460E-38
  0.18000000E+02 -0.36856892E-24 -0.24235697E-38
  0.18100000E+02 -0.36341427E-24 -0.24204740E-38
  0.18200000E+02 -0.35835631E-24 -0.23881574E-38
  0.18300000E+02 -0.35339285E-24 -0.24115643E-38
  0.18400000E+02 -0.34852177E-24 -0.23778087E-38
  0.18500000E+02 -0.34374102E-24 -0.23707296E-38
  0.18600000E+02 -0.33904858E-24 -0.23614044E-38
  0.18700000E+02 -0.33444249E-24 -0.23344598E-38
  0.18800000E+02 -0.32992083E-24 -0.23626916E-38
  0.18900000E+02 -0.32548173E-24 -0.23268185E-38
  0.19000000E+02 -0.32112339E-24 -0.23314594E-38
  0.19100000E+02 -0.31684403E-24 -0.23139920E-38
  0.19200000E+02 -0.31264191E-24 -0.23123865E-38
  0.19300000E+02 -0.30851536E-24 -0.22636545E-38
  0.19400000E+02 -0.30446274E-24 -0.23046527E-38
  0.19500000E+02 -0.30048243E-24 -0.22727801E-38
  0.19600000E+02 -0.29657288E-24 -0.22656933E-38
  0.19700000E+02 -0.29273256E-24 -0.22528842E-38
  0.19800000E+02 -0.28895998E-24 -0.22531064E-38
  0.19900000E+02 -0.28525371E-24 -0.22209903E-38
  0.20000000E+02 -0.28161231E-24 -0.22358419E-38
  0.20100000E+02 -0.27803441E-24 -0.21960660E-38
  0.20200000E+02 -0.27451867E-24 -0.22058944E-38
  0.20300000E+02 -0.27106377E-24 -0.22225583E-38
  0.20400000E+02 -0.26766843E-24 -0.21882862E-38
  0.20500000E+02 -0.26433139E-24 -0.21842710E-38
  0.20600000E+02 -0.26105144E-24 -0.21583753E-38
  0.20700000E+02 -0.25782739E-24 -0.21557191E-38
  0.20800000E+02 -0.25465807E-24 -0.21398412E-38
  0.20900000E+02 -0.25154235E-24 -0.21293072E-38
  0.21000000E+02 -0.24847912E-24 -0.21050387E-38
  0.21100000E+02 -0.24546729E-24 -0.20918599E-38
  0.21200000E+02 -0.24250582E-24 -0.21089230E-38
  0.21300000E+02 -0.23959367E-24 -0.20959812E-38
  0.21400000E+02 -0.23672984E-24 -0.20757211E-38
  0.21500000E+02 -0.23391334E-24 -0.20828666E-38
  0.21600000E+02 -0.23114321E-24 -0.20643466E-38
  0.21700000E+02 -0.22841852E-24 -0.20579765E-38
  0.21800000E+02 -0.22573834E-24 -0.20459424E-38
  0.21900000E+02 -0.22310180E-24 -0.20293274E-38
  0.22000000E+02 -0.22050800E-24 -0.20170025E-38
  0.22100000E+02 -0.21795611E-24 -0.20032930E-38
  0.22200000E+02 -0.21544528E-24 -0.19947598E-38
  0.22300000E+02 -0.21297470E-24 -0.19923380E-38
  0.22400000E+02 -0.21054358E-24 -0.19900048E-38
  0.22500000E+02 -0.20815114E-24 -0.19677206E-38
  0.22600000E+02 -0.20579662E-24 -0.19731550E-38
  0.22700000E+02 -0.20347927E-24 -0.19694661E-38
  0.22800000E+02 -0.20119838E-24 -0.19244055E-38
  0.22900000E+02 -0.19895324E-24 -0.19273469E-38
  0.23000000E+02 -0.19674314E-24 -0.19142510E-38
  0.23100000E+02 -0.19456742E-24 -0.19114789E-38
  0.23200000E+02 -0.19242541E-24 -0.18957781E-38
  0.23300000E+02 -0.19031646E-24 -0.18990520E-38
  0.23400000E+02 -0.18823995E-24 -0.18860802E-38
  0.23500000E+02 -0.18619524E-24 -0.18531349E-38
  0.23600000E+02 -0.18418175E-24 -0.18713018E-38
  0.23700000E+02 -0.18219888E-24 -0.18545450E-38
  0.23800000E+02 -0.18024604E-24 -0.18672422E-38
  0.23900000E+02 -0.17832267E-24 -0.18363089E-38
  0.24000000E+02 -0.17642823E-24 -0.18370094E-38
  0.24100000E+02 -0.17456216E-24 -0.18248061E-38
  0.24200000E+02 -0.17272395E-24 -0.18141611E-38
  0.24300000E+02 -0.17091306E-24 -0.18122454E-38
  0.24400000E+02 -0.16912900E-24 -0.17856487E-38
  0.24500000E+02 -0.16737127E-24 -0.17764397E-38
  0.24600000E+02 -0.16563939E-24 -0.17641662E-38
  0.24700000E+02 -0.16393288E-24 -0.17650433E-38
  0.24800000E+02 -0.16225127E-24 -0.17667936E-38
  0.24900000E+02 -0.16059412E-24 -0.17452358E-38
  0.25000000E+02 -0.15896097E-24 -0.17511508E-38
  0.25100000E+02 -0.15735140E-24 -0.17130846E-38
  0.25200000E+02 -0.15576497E-24 -0.17248587E-38
  0.25300000E+02 -0.15420128E-24 -0.17216450E-38
  0.25400000E+02 -0.15265991E-24 -0.17109216E-38
  0.25500000E+02 -0.15114046E-24 -0.17049761E-38
  0.25600000E+02 -0.14964254E-24 -0.16962033E-38
  0.25700000E+02 -0.14816578E-24 -0.16779240E-38
  0.25800000E+02 -0.14670979E-24 -0.16564352E-38
  0.25900000E+02 -0.14527421E-24 -0.16530430E-38
  0.26000000E+02 -0.14385868E-24 -0.16413365E-38
  0.26100000E+02 -0.14246284E-24 -0.16436462E-38
  0.26200000E+02 -0.14108636E-24 -0.16397113E-38
  0.26300000E+02 -0.13972889E-24 -0.16413874E-38
  0.26400000E+02 -0.13839011E-24 -0.16240448E-38
  0.26500000E+02 -0.13706969E-24 -0.16058532E-38
  0.26600000E+02 -0.13576731E-24 -0.16018549E-38
  0.26700000E+02 -0.13448266E-24 -0.16059019E-38
  0.26800000E+02 -0.13321545E-24 -0.15735234E-38
  0.26900000E+02 -0.13196536E-24 -0.15587458E-38
  0.27000000E+02 -0.13073211E-24 -0.15766999E-38
  0.27100000E+02 -0.12951542E-24 -0.15653398E-38
  0.27200000E+02 -0.12831499E-24 -0.15627955E-38
  0.27300000E+02 -0.12713057E-24 -0.15629814E-38
  0.27400000E+02 -0.12596187E-24 -0.15472004E-38
  0.27500000E+02 -0.12480863E-24 -0.15351977E-38
  0.27600000E+02 -0.12367060E-24 -0.15230688E-38
  0.27700000E+02 -0.12254752E-24 -0.15152587E-38
  0.27800000E+02 -0.12143914E-24 -0.15129629E-38
  0.27900000E+02 -0.12034521E-24 -0.15131346E-38
  0.28000000E+02 -0.11926551E-24 -0.14874474E-38
  0.28100000E+02 -0.11819979E-24 -0.14722508E-38
  0.28200000E+02 -0.11714783E-24 -0.14687526E-38
  0.28300000E+02 -0.11610940E-24 -0.14829528E-38
  0.28400000E+02 -0.11508428E-24 -0.14718722E-38
  0.28500000E+02 -0.11407225E-24 -0.14481886E-38
  0.28600000E+02 -0.11307310E-24 -0.14570075E-38
  0.28700000E+02 -0.11208662E-24 -0.14519297E-38
  0.28800000E+02 -0.11111261E-24 -0.14289594E-38
  0.28900000E+02 -0.11015086E-24 -0.14382281E-38
  0.29000000E+02 -0.10920119E-24 -0.14266722E-38
  0.29100000E+02 -0.10826340E-24 -0.14161425E-38
  0.29200000E+02 -0.10733729E-24 -0.14160744E-38
  0.29300000E+02 -0.10642269E-24 -0.13975158E-38
  0.29400000E+02 -0.10551940E-24 -0.14046660E-38
  0.29500000E+02 -0.10462727E-24 -0.13885043E-38
  0.29600000E+02 -0.10374609E-24 -0.13716064E-38
  0.29700000E+02 -0.10287572E-24 -0.13754757E-38
  0.29800000E+02 -0.10201597E-24 -0.13686930E-38
  0.29900000E+02 -0.10116668E-24 -0.13664191E-38
  0.30000000E+02 -0.10032768E-24 -0.13555330E-38
  0.30100000E+02 -0.99498832E-25 -0.13415269E-38
  0.30200000E+02 -0.98679962E-25 -0.13521391E-38
  0.30300000E+02 -0.97870920E-25 -0.13356997E-38
  0.30400000E+02 -0.97071556E-25 -0.13227107E-38
  0.30500000E+02 -0.96281721E-25 -0.13212231E-38
  0.30600000E+02 -0.95501271E-25 -0.13046082E-38
  0.30700000E+02 -0.94730062E-25 -0.13007230E-38
  0.30800000E+02 -0.93967954E-25 -0.13072748E-38
  0.30900000E+02 -0.93214810E-25 -0.12831028E-38
  0.31000000E+02 -0.92470494E-25 -0.12862991E-38
  0.31100000E+02 -0.91734874E-25 -0.12886805E-38
  0.31200000E+02 -0.91007820E-25 -0.12668394E-38
  0.31300000E+02 -0.90289204E-25 -0.12664964E-38
  0.31400000E+02 -0.89578899E-25 -0.12670785E-38
  0.31500000E+02 -0.88876783E-25 -0.12633130E-38
  0.31600000E+02 -0.88182734E-25 -0.12475188E-38
  0.31700000E+02 -0.87496634E-25 -0.12469276E-38
  0.31800000E+02 -0.86818364E-25 -0.12499498E-38
  0.31900000E+02 -0.86147811E-25 -0.12396250E-38
  0.32000000E+02 -0.85484862E-25 -0.12332116E-38
  0.32100000E+02 -0.84829405E-25 -0.12241850E-38
  0.32200000E+02 -0.84181332E-25 -0.12177730E-38
  0.32300000E+02 -0.83540535E-25 -0.12102177E-38
  0.32400000E+02 -0.82906909E-25 -0.12167179E-38
  0.32500000E+02 -0.82280352E-25 -0.12167866E-38
  0.32600000E+02 -0.81660761E-25 -0.12032378E-38
  0.32700000E+02 -0.81048036E-25 -0.11926970E-38
  0.32800000E+02 -0.80442080E-25 -0.11796816E-38
  0.32900000E+02 -0.79842796E-25 -0.11757271E-38
  0.33000000E+02 -0.79250089E-25 -0.11822391E-38
  0.33100000E+02 -0.78663866E-25 -0.11705481E-38
  0.33200000E+02 -0.78084036E-25 -0.11640023E-38
  0.33300000E+02 -0.77510509E-25 -0.11577239E-38
  0.33400000E+02 -0.76943195E-25 -0.11551348E-38
  0.33500000E+02 -0.76382009E-25 -0.11459251E-38
  0.33600000E+02 -0.75826864E-25 -0.11361079E-38
  0.33700000E+02 -0.75277677E-25 -0.11249879E-38
  0.33800000E+02 -0.74734364E-25 -0.11336571E-38
  0.33900000E+02 -0.74196845E-25 -0.11145912E-38
  0.34000000E+02 -0.73665040E-25 -0.11144561E-38
  0.34100000E+02 -0.73138870E-25 -0.11118656E-38
  0.34200000E+02 -0.72618257E-25 -0.11111550E-38
  0.34300000E+02 -0.72103126E-25 -0.11022541E-38
  0.34400000E+02 -0.71593402E-25 -0.11073881E-38
  0.34500000E+02 -0.71089011E-25 -0.10893395E-38
  0.34600000E+02 -0.70589882E-25 -0.10846986E-38
  0.34700000E+02 -0.70095942E-25 -0.10903545E-38
  0.34800000E+02 -0.69607123E-25 -0.10706371E-38
  0.34900000E+02 -0.69123354E-25 -0.10758287E-38
  0.35000000E+02 -0.68644569E-25 -0.10738691E-38
  0.35100000E+02 -0.68170701E-25 -0.10557853E-38
  0.35200000E+02 -0.67701683E-25 -0.10629336E-38
  0.35300000E+02 -0.67237453E-25 -0.10557120E-38
  0.35400000E+02 -0.66777946E-25 -0.10534882E-38
  0.35500000E+02 -0.66323100E-25 -0.10415455E-38
  0.35600000E+02 -0.65872853E-25 -0.10367219E-38
  0.35700000E+02 -0.65427145E-25 -0.10306890E-38
  0.35800000E+02 -0.64985917E-25 -0.10261068E-38
  0.35900000E+02 -0.64549109E-25 -0.10313701E-38
  0.36000000E+02 -0.64116665E-25 -0.10280794E-38
  0.36100000E+02 -0.63688527E-25 -0.10132223E-38
  0.36200000E+02 -0.63264641E-25 -0.10161300E-38
  0.36300000E+02 -0.62844950E-25 -0.10118317E-38
  0.36400000E+02 -0.62429401E-25 -0.99793116E-39
  0.36500000E+02 -0.62017940E-25 -0.99631490E-39
  0.36600000E+02 -0.61610515E-25 -0.99420394E-39
  0.36700000E+02 -0.61207075E-25 -0.98705904E-39
  0.36800000E+02 -0.60807569E-25 -0.98160354E-39
  0.36900000E+02 -0.60411946E-25 -0.98689444E-39
  0.37000000E+02 -0.60020158E-25 -0.96679273E-39
  0.37100000E+02 -0.59632156E-25 -0.97662978E-39
  0.37200000E+02 -0.59247892E-25 -0.96540316E-39
  0.37300000E+02 -0.58867320E-25 -0.96230325E-39
  0.37400000E+02 -0.58490392E-25 -0.97051602E-39
  0.37500000E+02 -0.58117064E-25 -0.95098618E-39
  0.37600000E+02 -0.57747291E-25 -0.95152219E-39
  0.37700000E+02 -0.57381028E-25 -0.94287759E-39
  0.37800000E+02 -0.57018231E-25 -0.94445365E-39
  0.37900000E+02 -0.56658859E-25 -0.93851578E-39
  0.38000000E+02 -0.56302868E-25 -0.93590947E-39
  0.38100000E+02 -0.55950217E-25 -0.93211536E-39
  0.38200000E+02 -0.55600866E-25 -0.92276949E-39
  0.38300000E+02 -0.55254773E-25 -0.92389328E-39
  0.38400000E+02 -0.54911899E-25 -0.92092093E-39
  0.38500000E+02 -0.54572205E-25 -0.91664797E-39
  0.38600000E+02 -0.54235652E-25 -0.90562388E-39
  0.38700000E+02 -0.53902203E-25 -0.90553732E-39
  0.38800000E+02 -0.53571819E-25 -0.90258034E-39
  0.38900000E+02 -0.53244463E-25 -0.89458533E-39
  0.39000000E+02 -0.52920101E-25 -0.88986231E-39
  0.39100000E+02 -0.52598695E-25 -0.89274671E-39
  0.39200000E+02 -0.52280210E-25 -0.88575536E-39
  0.39300000E+02 -0.51964612E-25 -0.88407316E-39
  0.39400000E+02 -0.51651866E-25 -0.88338837E-39
  0.39500000E+02 -0.51341938E-25 -0.87409058E-39
  0.39600000E+02 -0.51034795E-25 -0.87160853E-39
  0.39700000E+02 -0.50730405E-25 -0.86762681E-39
  0.39800000E+02 -0.50428735E-25 -0.86752055E-39
  0.39900000E+02 -0.50129752E-25 -0.85867299E-39
  0.40000000E+02 -0.49833427E-25 -0.86607198E-39
