  0.00000000E+00 -0.82892547E-24 -0.98006817E-38
  0.10000000E+00 -0.82870867E-24 -0.98475030E-38
  0.20000000E+00 -0.82805907E-24 -0.97984972E-38
  0.30000000E+00 -0.82697913E-24 -0.10015930E-37
  0.40000000E+00 -0.82547290E-24 -0.96653206E-38
  0.50000000E+00 -0.82354600E-24 -0.98619081E-38
  0.60000000E+00 -0.82120554E-24 -0.98320097E-38
  0.70000000E+00 -0.81846006E-24 -0.96706512E-38
  0.80000000E+00 -0.81531945E-24 -0.10006274E-37
  0.90000000E+00 -0.81179482E-24 -0.98846500E-38
  0.10000000E+01 -0.80789842E-24 -0.96235954E-38
  0.11000000E+01 -0.80364351E-24 -0.97701094E-38
  0.12000000E+01 -0.79904425E-24 -0.97033519E-38
  0.13000000E+01 -0.79411557E-24 -0.97350471E-38
  0.14000000E+01 -0.78887301E-24 -0.96364237E-38
  0.15000000E+01 -0.78333267E-24 -0.96921677E-38
  0.16000000E+01 -0.77751100E-24 -0.95616101E-38
  0.17000000E+01 -0.77142476E-24 -0.96293304E-38
  0.18000000E+01 -0.76509083E-24 -0.96765834E-38
  0.19000000E+01 -0.75852617E-24 -0.96649401E-38
  0.20000000E+01 -0.75174768E-24 -0.94728355E-38
  0.21000000E+01 -0.74477211E-24 -0.94221655E-38
  0.22000000E+01 -0.73761599E-24 -0.93652499E-38
  0.23000000E+01 -0.73029556E-24 -0.94430898E-38
  0.24000000E+01 -0.72282667E-24 -0.93677762E-38
  0.25000000E+01 -0.71522477E-24 -0.94051932E-38
  0.26000000E+01 -0.70750482E-24 -0.94534563E-38
  0.27000000E+01 -0.69968127E-24 -0.92842860E-38
  0.28000000E+01 -0.69176803E-24 -0.92287906E-38
  0.29000000E+01 -0.68377843E-24 -0.91831342E-38
  0.30000000E+01 -0.67572522E-24 -0.90867599E-38
  0.31000000E+01 -0.66762053E-24 -0.90831726E-38
  0.32000000E+01 -0.65947591E-24 -0.87804984E-38
  0.33000000E+01 -0.65130227E-24 -0.89270561E-38
  0.34000000E+01 -0.64310992E-24 -0.88931972E-38
  0.35000000E+01 -0.63490858E-24 -0.88745970E-38
  0.36000000E+01 -0.62670737E-24 -0.88729969E-38
  0.37000000E+01 -0.61851482E-24 -0.86778258E-38
  0.38000000E+01 -0.61033893E-24 -0.85629316E-38
  0.39000000E+01 -0.60218711E-24 -0.86773577E-38
  0.40000000E+01 -0.59406627E-24 -0.86664100E-38
  0.41000000E+01 -0.58598281E-24 -0.84518396E-38
  0.42000000E+01 -0.57794264E-24 -0.84150993E-38
  0.43000000E+01 -0.56995119E-24 -0.83018717E-38
  0.44000000E+01 -0.56201347E-24 -0.83159482E-38
  0.45000000E+01 -0.55413405E-24 -0.82182504E-38
  0.46000000E+01 -0.54631711E-24 -0.82197294E-38
  0.47000000E+01 -0.53856642E-24 -0.81496030E-38
  0.48000000E+01 -0.53088543E-24 -0.80684395E-38
  0.49000000E+01 -0.52327723E-24 -0.80548477E-38
  0.50000000E+01 -0.51574459E-24 -0.78702532E-38
  0.51000000E+01 -0.50828999E-24 -0.79438134E-38
  0.52000000E+01 -0.50091562E-24 -0.77881413E-38
  0.53000000E+01 -0.49362342E-24 -0.78141130E-38
  0.54000000E+01 -0.48641505E-24 -0.75762621E-38
  0.55000000E+01 -0.47929198E-24 -0.76641342E-38
  0.56000000E+01 -0.47225544E-24 -0.74844448E-38
  0.57000000E+01 -0.46530648E-24 -0.75268461E-38
  0.58000000E+01 -0.45844594E-24 -0.73848911E-38
  0.59000000E+01 -0.45167451E-24 -0.71810976E-38
  0.60000000E+01 -0.44499271E-24 -0.72836020E-38
  0.61000000E+01 -0.43840090E-24 -0.72406154E-38
  0.62000000E+01 -0.43189934E-24 -0.72026151E-38
  0.63000000E+01 -0.42548811E-24 -0.71322974E-38
  0.64000000E+01 -0.41916723E-24 -0.70309371E-38
  0.65000000E+01 -0.41293657E-24 -0.70515784E-38
  0.66000000E+01 -0.40679592E-24 -0.68174650E-38
  0.67000000E+01 -0.40074498E-24 -0.67560700E-38
  0.68000000E+01 -0.39478337E-24 -0.66366215E-38
  0.69000000E+01 -0.38891062E-24 -0.66431842E-38
  0.70000000E+01 -0.38312620E-24 -0.66692049E-38
  0.71000000E+01 -0.37742953E-24 -0.65691843E-38
  0.72000000E+01 -0.37181995E-24 -0.65431665E-38
  0.73000000E+01 -0.36629677E-24 -0.63402516E-38
  0.74000000E+01 -0.36085923E-24 -0.62933912E-38
  0.75000000E+01 -0.35550655E-24 -0.62802097E-38
  0.76000000E+01 -0.35023790E-24 -0.61984179E-38
  0.77000000E+01 -0.34505242E-24 -0.61115721E-38
  0.78000000E+01 -0.33994922E-24 -0.60576245E-38
  0.79000000E+01 -0.33492740E-24 -0.60973618E-38
  0.80000000E+01 -0.32998600E-24 -0.59705411E-38
  0.81000000E+01 -0.32512407E-24 -0.59742537E-38
  0.82000000E+01 -0.32034064E-24 -0.58038265E-38
  0.83000000E+01 -0.31563472E-24 -0.56662417E-38
  0.84000000E+01 -0.31100530E-24 -0.57517715E-38
  0.85000000E+01 -0.30645138E-24 -0.56022634E-38
  0.86000000E+01 -0.30197193E-24 -0.55991023E-38
  0.87000000E+01 -0.29756593E-24 -0.56584668E-38
  0.88000000E+01 -0.29323235E-24 -0.54341813E-38
  0.89000000E+01 -0.28897015E-24 -0.54168007E-38
  0.90000000E+01 -0.28477831E-24 -0.54215148E-38
  0.91000000E+01 -0.28065578E-24 -0.53213131E-38
  0.92000000E+01 -0.27660154E-24 -0.51447432E-38
  0.93000000E+01 -0.27261455E-24 -0.52179434E-38
  0.94000000E+01 -0.26869379E-24 -0.49579300E-38
  0.95000000E+01 -0.26483823E-24 -0.50337036E-38
  0.96000000E+01 -0.26104687E-24 -0.49992913E-38
  0.97000000E+01 -0.25731868E-24 -0.49386197E-38
  0.98000000E+01 -0.25365267E-24 -0.48325732E-38
  0.99000000E+01 -0.25004783E-24 -0.48172342E-38
  0.10000000E+02 -0.24650319E-24 -0.47851730E-38
  0.10100000E+02 -0.24301775E-24 -0.47380411E-38
  0.10200000E+02 -0.23959055E-24 -0.46404944E-38
  0.10300000E+02 -0.23622063E-24 -0.45990814E-38
  0.10400000E+02 -0.23290703E-24 -0.45773374E-38
  0.10500000E+02 -0.22964882E-24 -0.45812691E-38
  0.10600000E+02 -0.22644506E-24 -0.44330208E-38
  0.10700000E+02 -0.22329484E-24 -0.44322639E-38
  0.10800000E+02 -0.22019724E-24 -0.43651295E-38
  0.10900000E+02 -0.21715138E-24 -0.42762599E-38
  0.11000000E+02 -0.21415635E-24 -0.42984822E-38
  0.11100000E+02 -0.21121130E-24 -0.42396988E-38
  0.11200000E+02 -0.20831535E-24 -0.42623494E-38
  0.11300000E+02 -0.20546766E-24 -0.42197446E-38
  0.11400000E+02 -0.20266739E-24 -0.41221998E-38
  0.11500000E+02 -0.19991371E-24 -0.40609391E-38
  0.11600000E+02 -0.19720580E-24 -0.40704493E-38
  0.11700000E+02 -0.19454287E-24 -0.39323053E-38
  0.11800000E+02 -0.19192412E-24 -0.38862316E-38
  0.11900000E+02 -0.18934877E-24 -0.38254306E-38
  0.12000000E+02 -0.18681607E-24 -0.38470742E-38
  0.12100000E+02 -0.18432524E-24 -0.37495460E-38
  0.12200000E+02 -0.18187555E-24 -0.37971294E-38
  0.12300000E+02 -0.17946628E-24 -0.36927594E-38
  0.12400000E+02 -0.17709669E-24 -0.36571481E-38
  0.12500000E+02 -0.17476609E-24 -0.35915004E-38
  0.12600000E+02 -0.17247377E-24 -0.36419294E-38
  0.12700000E+02 -0.17021905E-24 -0.35131259E-38
  0.12800000E+02 -0.16800126E-24 -0.34442524E-38
  0.12900000E+02 -0.16581974E-24 -0.35123010E-38
  0.13000000E+02 -0.16367384E-24 -0.34275907E-38
  0.13100000E+02 -0.16156292E-24 -0.33770124E-38
  0.13200000E+02 -0.15948634E-24 -0.34066333E-38
  0.13300000E+02 -0.15744350E-24 -0.33296589E-38
  0.13400000E+02 -0.15543379E-24 -0.33592873E-38
  0.13500000E+02 -0.15345661E-24 -0.32331718E-38
  0.13600000E+02 -0.15151137E-24 -0.32481262E-38
  0.13700000E+02 -0.14959750E-24 -0.32127550E-38
  0.13800000E+02 -0.14771443E-24 -0.31354053E-38
  0.13900000E+02 -0.14586162E-24 -0.31831170E-38
  0.14000000E+02 -0.14403851E-24 -0.31295088E-38
  0.14100000E+02 -0.14224457E-24 -0.31543612E-38
  0.14200000E+02 -0.14047928E-24 -0.30552128E-38
  0.14300000E+02 -0.13874212E-24 -0.30277699E-38
  0.14400000E+02 -0.13703258E-24 -0.29794966E-38
  0.14500000E+02 -0.13535017E-24 -0.29488611E-38
  0.14600000E+02 -0.13369440E-24 -0.29677314E-38
  0.14700000E+02 -0.13206478E-24 -0.28447530E-38
  0.14800000E+02 -0.13046086E-24 -0.28771968E-38
  0.14900000E+02 -0.12888216E-24 -0.28307982E-38
  0.15000000E+02 -0.12732824E-24 -0.28275770E-38
  0.15100000E+02 -0.12579865E-24 -0.28086692E-38
  0.15200000E+02 -0.12429295E-24 -0.27147120E-38
  0.15300000E+02 -0.12281072E-24 -0.26614785E-38
  0.15400000E+02 -0.12135154E-24 -0.26928760E-38
  0.15500000E+02 -0.11991499E-24 -0.26317447E-38
  0.15600000E+02 -0.11850066E-24 -0.26585764E-38
  0.15700000E+02 -0.11710818E-24 -0.26356521E-38
  0.15800000E+02 -0.11573713E-24 -0.25979491E-38
  0.15900000E+02 -0.11438715E-24 -0.25337157E-38
  0.16000000E+02 -0.11305785E-24 -0.24987968E-38
  0.16100000E+02 -0.11174887E-24 -0.24654638E-38
  0.16200000E+02 -0.11045985E-24 -0.24869773E-38
  0.16300000E+02 -0.10919044E-24 -0.24156860E-38
  0.16400000E+02 -0.10794028E-24 -0.24568887E-38
  0.16500000E+02 -0.10670903E-24 -0.24267537E-38
  0.16600000E+02 -0.10549637E-24 -0.23697918E-38
  0.16700000E+02 -0.10430196E-24 -0.23494971E-38
  0.16800000E+02 -0.10312549E-24 -0.23503675E-38
  0.16900000E+02 -0.10196663E-24 -0.23372088E-38
  0.17000000E+02 -0.10082507E-24 -0.22945576E-38
  0.17100000E+02 -0.99700525E-25 -0.22833591E-38
  0.17200000E+02 -0.98592681E-25 -0.22450959E-38
  0.17300000E+02 -0.97501249E-25 -0.22380107E-38
  0.17400000E+02 -0.96425945E-25 -0.22295709E-38
  0.17500000E+02 -0.95366485E-25 -0.22012967E-38
  0.17600000E+02 -0.94322594E-25 -0.22120424E-38
  0.17700000E+02 -0.93294003E-25 -0.21471363E-38
  0.17800000E+02 -0.92280444E-25 -0.21654079E-38
  0.17900000E+02 -0.91281658E-25 -0.20871357E-38
  0.18000000E+02 -0.90297389E-25 -0.20690792E-38
  0.18100000E+02 -0.89327387E-25 -0.21127680E-38
  0.18200000E+02 -0.88371405E-25 -0.20427277E-38
  0.18300000E+02 -0.87429203E-25 -0.20012112E-38
  0.18400000E+02 -0.86500544E-25 -0.19944204E-38
  0.18500000E+02 -0.85585195E-25 -0.20124786E-38
  0.18600000E+02 -0.84682929E-25 -0.19479242E-38
  0.18700000E+02 -0.83793522E-25 -0.19626288E-38
  0.18800000E+02 -0.82916756E-25 -0.19654936E-38
  0.18900000E+02 -0.82052415E-25 -0.19319510E-38
  0.19000000E+02 -0.81200289E-25 -0.19113647E-38
  0.19100000E+02 -0.80360169E-25 -0.19054790E-38
  0.19200000E+02 -0.79531854E-25 -0.18597803E-38
  0.19300000E+02 -0.78715143E-25 -0.18969361E-38
  0.19400000E+02 -0.77909842E-25 -0.18490210E-38
  0.19500000E+02 -0.77115758E-25 -0.18622261E-38
  0.19600000E+02 -0.76332703E-25 -0.18285204E-38
  0.19700000E+02 -0.75560494E-25 -0.17768808E-38
  0.19800000E+02 -0.74798947E-25 -0.17637920E-38
  0.19900000E+02 -0.74047886E-25 -0.17368840E-38
  0.20000000E+02 -0.73307136E-25 -0.17370748E-38
  0.20100000E+02 -0.72576526E-25 -0.17362055E-38
  0.20200000E+02 -0.71855888E-25 -0.17039874E-38
  0.20300000E+02 -0.71145057E-25 -0.16989202E-38
  0.20400000E+02 -0.70443871E-25 -0.17064890E-38
  0.20500000E+02 -0.69752172E-25 -0.17091588E-38
  0.20600000E+02 -0.69069802E-25 -0.16662691E-38
  0.20700000E+02 -0.68396611E-25 -0.16427807E-38
  0.20800000E+02 -0.67732447E-25 -0.16035591E-38
  0.20900000E+02 -0.67077163E-25 -0.16157191E-38
  0.21000000E+02 -0.66430615E-25 -0.16220930E-38
  0.21100000E+02 -0.65792660E-25 -0.15929641E-38
  0.21200000E+02 -0.65163160E-25 -0.15685830E-38
  0.21300000E+02 -0.64541977E-25 -0.15618190E-38
  0.21400000E+02 -0.63928978E-25 -0.15580255E-38
  0.21500000E+02 -0.63324030E-25 -0.15358521E-38
  0.21600000E+02 -0.62727005E-25 -0.15322544E-38
  0.21700000E+02 -0.62137774E-25 -0.15482205E-38
  0.21800000E+02 -0.61556215E-25 -0.15171885E-38
  0.21900000E+02 -0.60982204E-25 -0.15029852E-38
  0.22000000E+02 -0.60415621E-25 -0.14745942E-38
  0.22100000E+02 -0.59856348E-25 -0.14758562E-38
  0.22200000E+02 -0.59304270E-25 -0.14573419E-38
  0.22300000E+02 -0.58759272E-25 -0.14533084E-38
  0.22400000E+02 -0.58221243E-25 -0.14354123E-38
  0.22500000E+02 -0.57690074E-25 -0.14047885E-38
  0.22600000E+02 -0.57165657E-25 -0.13880217E-38
  0.22700000E+02 -0.56647885E-25 -0.13963172E-38
  0.22800000E+02 -0.56136656E-25 -0.14096160E-38
  0.22900000E+02 -0.55631868E-25 -0.13818783E-38
  0.23000000E+02 -0.55133419E-25 -0.13682366E-38
  0.23100000E+02 -0.54641213E-25 -0.13666118E-38
  0.23200000E+02 -0.54155152E-25 -0.13289024E-38
  0.23300000E+02 -0.53675141E-25 -0.13271898E-38
  0.23400000E+02 -0.53201088E-25 -0.13505640E-38
  0.23500000E+02 -0.52732900E-25 -0.13106427E-38
  0.23600000E+02 -0.52270489E-25 -0.12690823E-38
  0.23700000E+02 -0.51813766E-25 -0.12951857E-38
  0.23800000E+02 -0.51362643E-25 -0.13017029E-38
  0.23900000E+02 -0.50917036E-25 -0.12586597E-38
  0.24000000E+02 -0.50476862E-25 -0.12547777E-38
  0.24100000E+02 -0.50042037E-25 -0.12538120E-38
  0.24200000E+02 -0.49612482E-25 -0.12299665E-38
  0.24300000E+02 -0.49188117E-25 -0.12527150E-38
  0.24400000E+02 -0.48768863E-25 -0.12405578E-38
  0.24500000E+02 -0.48354645E-25 -0.12145118E-38
  0.24600000E+02 -0.47945387E-25 -0.12310661E-38
  0.24700000E+02 -0.47541014E-25 -0.11934459E-38
  0.24800000E+02 -0.47141455E-25 -0.11905730E-38
  0.24900000E+02 -0.46746638E-25 -0.11943244E-38
  0.25000000E+02 -0.46356493E-25 -0.11626068E-38
  0.25100000E+02 -0.45970951E-25 -0.11689836E-38
  0.25200000E+02 -0.45589943E-25 -0.11662794E-38
  0.25300000E+02 -0.45213404E-25 -0.11499070E-38
  0.25400000E+02 -0.44841268E-25 -0.11340236E-38
  0.25500000E+02 -0.44473470E-25 -0.11177822E-38
  0.25600000E+02 -0.44109948E-25 -0.11392693E-38
  0.25700000E+02 -0.43750638E-25 -0.11041410E-38
  0.25800000E+02 -0.43395481E-25 -0.11055514E-38
  0.25900000E+02 -0.43044415E-25 -0.10979956E-38
  0.26000000E+02 -0.42697382E-25 -0.10826633E-38
  0.26100000E+02 -0.42354324E-25 -0.11083241E-38
  0.26200000E+02 -0.42015184E-25 -0.10912872E-38
  0.26300000E+02 -0.41679904E-25 -0.10712778E-38
  0.26400000E+02 -0.41348432E-25 -0.10722891E-38
  0.26500000E+02 -0.41020711E-25 -0.10477353E-38
  0.26600000E+02 -0.40696689E-25 -0.10423061E-38
  0.26700000E+02 -0.40376313E-25 -0.10455745E-38
  0.26800000E+02 -0.40059531E-25 -0.10272271E-38
  0.26900000E+02 -0.39746294E-25 -0.10330820E-38
  0.27000000E+02 -0.39436551E-25 -0.10452308E-38
  0.27100000E+02 -0.39130252E-25 -0.10327620E-38
  0.27200000E+02 -0.38827350E-25 -0.98592646E-39
  0.27300000E+02 -0.38527797E-25 -0.10143011E-38
  0.27400000E+02 -0.38231547E-25 -0.99775918E-39
  0.27500000E+02 -0.37938554E-25 -0.98965437E-39
  0.27600000E+02 -0.37648771E-25 -0.97744982E-39
  0.27700000E+02 -0.37362156E-25 -0.96756836E-39
  0.27800000E+02 -0.37078665E-25 -0.97733261E-39
  0.27900000E+02 -0.36798253E-25 -0.93416828E-39
  0.28000000E+02 -0.36520880E-25 -0.96288238E-39
  0.28100000E+02 -0.36246503E-25 -0.92172657E-39
  0.28200000E+02 -0.35975081E-25 -0.93659545E-39
  0.28300000E+02 -0.35706575E-25 -0.94354710E-39
  0.28400000E+02 -0.35440945E-25 -0.92885026E-39
  0.28500000E+02 -0.35178151E-25 -0.90893970E-39
  0.28600000E+02 -0.34918155E-25 -0.90107213E-39
  0.28700000E+02 -0.34660920E-25 -0.89903852E-39
  0.28800000E+02 -0.34406408E-25 -0.90612158E-39
  0.28900000E+02 -0.34154583E-25 -0.89231409E-39
  0.29000000E+02 -0.33905409E-25 -0.89533780E-39
  0.29100000E+02 -0.33658851E-25 -0.88008824E-39
  0.29200000E+02 -0.33414873E-25 -0.89473983E-39
  0.29300000E+02 -0.33173442E-25 -0.88190071E-39
  0.29400000E+02 -0.32934523E-25 -0.87605582E-39
  0.29500000E+02 -0.32698083E-25 -0.85558306E-39
  0.29600000E+02 -0.32464090E-25 -0.86569845E-39
  0.29700000E+02 -0.32232512E-25 -0.86236145E-39
  0.29800000E+02 -0.32003317E-25 -0.83406066E-39
  0.29900000E+02 -0.31776473E-25 -0.83845095E-39
  0.30000000E+02 -0.31551950E-25 -0.81640253E-39
  0.30100000E+02 -0.31329718E-25 -0.82898110E-39
  0.30200000E+02 -0.31109747E-25 -0.83604684E-39
  0.30300000E+02 -0.30892007E-25 -0.80670649E-39
  0.30400000E+02 -0.30676470E-25 -0.83202291E-39
  0.30500000E+02 -0.30463108E-25 -0.81768894E-39
  0.30600000E+02 -0.30251892E-25 -0.81276913E-39
  0.30700000E+02 -0.30042795E-25 -0.80927120E-39
  0.30800000E+02 -0.29835790E-25 -0.79337262E-39
  0.30900000E+02 -0.29630850E-25 -0.78941183E-39
  0.31000000E+02 -0.29427948E-25 -0.77565372E-39
  0.31100000E+02 -0.29227060E-25 -0.78459420E-39
  0.31200000E+02 -0.29028159E-25 -0.78297968E-39
  0.31300000E+02 -0.28831220E-25 -0.77977009E-39
  0.31400000E+02 -0.28636219E-25 -0.76252388E-39
  0.31500000E+02 -0.28443130E-25 -0.78114713E-39
  0.31600000E+02 -0.28251931E-25 -0.75921652E-39
  0.31700000E+02 -0.28062598E-25 -0.74940754E-39
  0.31800000E+02 -0.27875107E-25 -0.75050832E-39
  0.31900000E+02 -0.27689435E-25 -0.75310045E-39
  0.32000000E+02 -0.27505559E-25 -0.73333441E-39
  0.32100000E+02 -0.27323458E-25 -0.72881061E-39
  0.32200000E+02 -0.27143110E-25 -0.73167439E-39
  0.32300000E+02 -0.26964493E-25 -0.73041145E-39
  0.32400000E+02 -0.26787585E-25 -0.71736331E-39
  0.32500000E+02 -0.26612365E-25 -0.70926349E-39
  0.32600000E+02 -0.26438814E-25 -0.72279714E-39
  0.32700000E+02 -0.26266910E-25 -0.71285779E-39
  0.32800000E+02 -0.26096634E-25 -0.71412488E-39
  0.32900000E+02 -0.25927965E-25 -0.70538730E-39
  0.33000000E+02 -0.25760885E-25 -0.68403168E-39
  0.33100000E+02 -0.25595373E-25 -0.69397597E-39
  0.33200000E+02 -0.25431412E-25 -0.68724240E-39
  0.33300000E+02 -0.25268982E-25 -0.69083478E-39
  0.33400000E+02 -0.25108066E-25 -0.69235933E-39
  0.33500000E+02 -0.24948644E-25 -0.68044567E-39
  0.33600000E+02 -0.24790699E-25 -0.67928998E-39
  0.33700000E+02 -0.24634214E-25 -0.66862184E-39
  0.33800000E+02 -0.24479171E-25 -0.67142451E-39
  0.33900000E+02 -0.24325553E-25 -0.66960744E-39
  0.34000000E+02 -0.24173343E-25 -0.66312110E-39
  0.34100000E+02 -0.24022525E-25 -0.65601900E-39
  0.34200000E+02 -0.23873082E-25 -0.65535048E-39
  0.34300000E+02 -0.23724998E-25 -0.63495788E-39
  0.34400000E+02 -0.23578258E-25 -0.66221204E-39
  0.34500000E+02 -0.23432844E-25 -0.64408651E-39
  0.34600000E+02 -0.23288743E-25 -0.63752820E-39
  0.34700000E+02 -0.23145938E-25 -0.64500637E-39
  0.34800000E+02 -0.23004415E-25 -0.63438674E-39
  0.34900000E+02 -0.22864158E-25 -0.63283872E-39
  0.35000000E+02 -0.22725154E-25 -0.62412115E-39
  0.35100000E+02 -0.22587388E-25 -0.61170665E-39
  0.35200000E+02 -0.22450845E-25 -0.62307135E-39
  0.35300000E+02 -0.22315511E-25 -0.60879938E-39
  0.35400000E+02 -0.22181374E-25 -0.61238126E-39
  0.35500000E+02 -0.22048418E-25 -0.60812840E-39
  0.35600000E+02 -0.21916631E-25 -0.62240648E-39
  0.35700000E+02 -0.21785999E-25 -0.60659786E-39
  0.35800000E+02 -0.21656509E-25 -0.58583298E-39
  0.35900000E+02 -0.21528149E-25 -0.59402911E-39
  0.36000000E+02 -0.21400905E-25 -0.59008037E-39
  0.36100000E+02 -0.21274765E-25 -0.59599545E-39
  0.36200000E+02 -0.21149716E-25 -0.59167055E-39
  0.36300000E+02 -0.21025748E-25 -0.57821533E-39
  0.36400000E+02 -0.20902846E-25 -0.58482473E-39
  0.36500000E+02 -0.20781000E-25 -0.58046812E-39
  0.36600000E+02 -0.20660197E-25 -0.57604224E-39
  0.36700000E+02 -0.20540427E-25 -0.57850005E-39
  0.36800000E+02 -0.20421677E-25 -0.57778019E-39
  0.36900000E+02 -0.20303937E-25 -0.56698751E-39
  0.37000000E+02 -0.20187195E-25 -0.56626140E-39
  0.37100000E+02 -0.20071440E-25 -0.55484212E-39
  0.37200000E+02 -0.19956662E-25 -0.56444993E-39
  0.37300000E+02 -0.19842850E-25 -0.55679135E-39
  0.37400000E+02 -0.19729993E-25 -0.53790775E-39
  0.37500000E+02 -0.19618081E-25 -0.54422645E-39
  0.37600000E+02 -0.19507103E-25 -0.55258358E-39
  0.37700000E+02 -0.19397050E-25 -0.53615247E-39
  0.37800000E+02 -0.19287912E-25 -0.54162049E-39
  0.37900000E+02 -0.19179678E-25 -0.53205031E-39
  0.38000000E+02 -0.19072339E-25 -0.53932228E-39
  0.38100000E+02 -0.18965886E-25 -0.52956795E-39
  0.38200000E+02 -0.18860308E-25 -0.52103597E-39
  0.38300000E+02 -0.18755596E-25 -0.51951396E-39
  0.38400000E+02 -0.18651742E-25 -0.52110706E-39
  0.38500000E+02 -0.18548736E-25 -0.51978324E-39
  0.38600000E+02 -0.18446569E-25 -0.51663870E-39
  0.38700000E+02 -0.18345233E-25 -0.51224573E-39
  0.38800000E+02 -0.18244717E-25 -0.50332465E-39
  0.38900000E+02 -0.18145015E-25 -0.50184302E-39
  0.39000000E+02 -0.18046116E-25 -0.50916870E-39
  0.39100000E+02 -0.17948014E-25 -0.50592219E-39
  0.39200000E+02 -0.17850699E-25 -0.50202782E-39
  0.39300000E+02 -0.17754163E-25 -0.48501349E-39
  0.39400000E+02 -0.17658398E-25 -0.49588559E-39
  0.39500000E+02 -0.17563397E-25 -0.49527108E-39
  0.39600000E+02 -0.17469150E-25 -0.49125001E-39
  0.39700000E+02 -0.17375651E-25 -0.48062371E-39
  0.39800000E+02 -0.17282892E-25 -0.48209781E-39
  0.39900000E+02 -0.17190864E-25 -0.48444089E-39
  0.40000000E+02 -0.17099561E-25 -0.48138744E-39
