  0.00000000E+00  0.25285531E-22  0.17616904E-37
  0.10000000E+00  0.25284154E-22  0.17768856E-37
  0.20000000E+00  0.25280024E-22  0.17654107E-37
  0.30000000E+00  0.25273138E-22  0.17614647E-37
  0.40000000E+00  0.25263497E-22  0.17568742E-37
  0.50000000E+00  0.25251098E-22  0.17514772E-37
  0.60000000E+00  0.25235940E-22  0.17427229E-37
  0.70000000E+00  0.25218021E-22  0.17338237E-37
  0.80000000E+00  0.25197339E-22  0.17257928E-37
  0.90000000E+00  0.25173892E-22  0.17136027E-37
  0.10000000E+01  0.25147680E-22  0.16990536E-37
  0.11000000E+01  0.25118701E-22  0.17005764E-37
  0.12000000E+01  0.25086958E-22  0.16803099E-37
  0.13000000E+01  0.25052451E-22  0.16696184E-37
  0.14000000E+01  0.25015185E-22  0.16528187E-37
  0.15000000E+01  0.24975162E-22  0.16366384E-37
  0.16000000E+01  0.24932391E-22  0.16200902E-37
  0.17000000E+01  0.24886880E-22  0.16033885E-37
  0.18000000E+01  0.24838639E-22  0.15900166E-37
  0.19000000E+01  0.24787681E-22  0.15674413E-37
  0.20000000E+01  0.24734023E-22  0.15478967E-37
  0.21000000E+01  0.24677681E-22  0.15304393E-37
  0.22000000E+01  0.24618677E-22  0.15158967E-37
  0.23000000E+01  0.24557034E-22  0.14957585E-37
  0.24000000E+01  0.24492777E-22  0.14694620E-37
  0.25000000E+01  0.24425935E-22  0.14451441E-37
  0.26000000E+01  0.24356539E-22  0.14361729E-37
  0.27000000E+01  0.24284622E-22  0.14137814E-37
  0.28000000E+01  0.24210221E-22  0.13992491E-37
  0.29000000E+01  0.24133375E-22  0.13729889E-37
  0.30000000E+01  0.24054124E-22  0.13579930E-37
  0.31000000E+01  0.23972512E-22  0.13333719E-37
  0.32000000E+01  0.23888583E-22  0.13145662E-37
  0.33000000E+01  0.23802386E-22  0.12967592E-37
  0.34000000E+01  0.23713970E-22  0.12756048E-37
  0.35000000E+01  0.23623384E-22  0.12588447E-37
  0.36000000E+01  0.23530683E-22  0.12256852E-37
  0.37000000E+01  0.23435921E-22  0.12175812E-37
  0.38000000E+01  0.23339151E-22  0.11904117E-37
  0.39000000E+01  0.23240432E-22  0.11776712E-37
  0.40000000E+01  0.23139820E-22  0.11629264E-37
  0.41000000E+01  0.23037375E-22  0.11410408E-37
  0.42000000E+01  0.22933155E-22  0.11271904E-37
  0.43000000E+01  0.22827220E-22  0.11052357E-37
  0.44000000E+01  0.22719631E-22  0.10875537E-37
  0.45000000E+01  0.22610448E-22  0.10747345E-37
  0.46000000E+01  0.22499732E-22  0.10458904E-37
  0.47000000E+01  0.22387546E-22  0.10365681E-37
  0.48000000E+01  0.22273948E-22  0.10163108E-37
  0.49000000E+01  0.22159002E-22  0.10102652E-37
  0.50000000E+01  0.22042767E-22  0.99596613E-38
  0.51000000E+01  0.21925305E-22  0.97679710E-38
  0.52000000E+01  0.21806676E-22  0.95762452E-38
  0.53000000E+01  0.21686939E-22  0.93667789E-38
  0.54000000E+01  0.21566154E-22  0.93309793E-38
  0.55000000E+01  0.21444380E-22  0.91118450E-38
  0.56000000E+01  0.21321675E-22  0.89552752E-38
  0.57000000E+01  0.21198097E-22  0.88521868E-38
  0.58000000E+01  0.21073701E-22  0.87322220E-38
  0.59000000E+01  0.20948545E-22  0.86274738E-38
  0.60000000E+01  0.20822682E-22  0.84372638E-38
  0.61000000E+01  0.20696168E-22  0.83017779E-38
  0.62000000E+01  0.20569055E-22  0.81919055E-38
  0.63000000E+01  0.20441396E-22  0.81216390E-38
  0.64000000E+01  0.20313241E-22  0.79786362E-38
  0.65000000E+01  0.20184642E-22  0.78833941E-38
  0.66000000E+01  0.20055646E-22  0.77490343E-38
  0.67000000E+01  0.19926302E-22  0.76344787E-38
  0.68000000E+01  0.19796657E-22  0.74986788E-38
  0.69000000E+01  0.19666757E-22  0.74052528E-38
  0.70000000E+01  0.19536646E-22  0.72572454E-38
  0.71000000E+01  0.19406368E-22  0.71820111E-38
  0.72000000E+01  0.19275966E-22  0.70597051E-38
  0.73000000E+01  0.19145481E-22  0.69928045E-38
  0.74000000E+01  0.19014953E-22  0.68569317E-38
  0.75000000E+01  0.18884420E-22  0.67774741E-38
  0.76000000E+01  0.18753922E-22  0.66590681E-38
  0.77000000E+01  0.18623494E-22  0.66306330E-38
  0.78000000E+01  0.18493172E-22  0.64986353E-38
  0.79000000E+01  0.18362992E-22  0.64551777E-38
  0.80000000E+01  0.18232985E-22  0.63300142E-38
  0.81000000E+01  0.18103186E-22  0.62563633E-38
  0.82000000E+01  0.17973624E-22  0.61938116E-38
  0.83000000E+01  0.17844330E-22  0.60486978E-38
  0.84000000E+01  0.17715333E-22  0.60384944E-38
  0.85000000E+01  0.17586661E-22  0.59059120E-38
  0.86000000E+01  0.17458342E-22  0.58362083E-38
  0.87000000E+01  0.17330400E-22  0.57814730E-38
  0.88000000E+01  0.17202862E-22  0.56909621E-38
  0.89000000E+01  0.17075750E-22  0.56003926E-38
  0.90000000E+01  0.16949089E-22  0.55641357E-38
  0.91000000E+01  0.16822901E-22  0.54589571E-38
  0.92000000E+01  0.16697205E-22  0.53736986E-38
  0.93000000E+01  0.16572024E-22  0.53176111E-38
  0.94000000E+01  0.16447375E-22  0.52640994E-38
  0.95000000E+01  0.16323278E-22  0.52362677E-38
  0.96000000E+01  0.16199751E-22  0.51461095E-38
  0.97000000E+01  0.16076809E-22  0.50265676E-38
  0.98000000E+01  0.15954470E-22  0.50228613E-38
  0.99000000E+01  0.15832747E-22  0.49677555E-38
  0.10000000E+02  0.15711656E-22  0.48780582E-38
  0.10100000E+02  0.15591211E-22  0.48159661E-38
  0.10200000E+02  0.15471424E-22  0.47797988E-38
  0.10300000E+02  0.15352307E-22  0.47084660E-38
  0.10400000E+02  0.15233873E-22  0.46665239E-38
  0.10500000E+02  0.15116131E-22  0.46134185E-38
  0.10600000E+02  0.14999092E-22  0.45447988E-38
  0.10700000E+02  0.14882766E-22  0.44662929E-38
  0.10800000E+02  0.14767161E-22  0.44566778E-38
  0.10900000E+02  0.14652287E-22  0.44353941E-38
  0.11000000E+02  0.14538150E-22  0.43143950E-38
  0.11100000E+02  0.14424757E-22  0.42771262E-38
  0.11200000E+02  0.14312116E-22  0.42586920E-38
  0.11300000E+02  0.14200232E-22  0.41877825E-38
  0.11400000E+02  0.14089112E-22  0.41686697E-38
  0.11500000E+02  0.13978760E-22  0.41070160E-38
  0.11600000E+02  0.13869180E-22  0.40478077E-38
  0.11700000E+02  0.13760377E-22  0.39641655E-38
  0.11800000E+02  0.13652355E-22  0.39671096E-38
  0.11900000E+02  0.13545117E-22  0.39383344E-38
  0.12000000E+02  0.13438665E-22  0.38491654E-38
  0.12100000E+02  0.13333002E-22  0.38406569E-38
  0.12200000E+02  0.13228131E-22  0.37874888E-38
  0.12300000E+02  0.13124052E-22  0.37438757E-38
  0.12400000E+02  0.13020768E-22  0.36843600E-38
  0.12500000E+02  0.12918278E-22  0.36683516E-38
  0.12600000E+02  0.12816585E-22  0.36005715E-38
  0.12700000E+02  0.12715687E-22  0.36042735E-38
  0.12800000E+02  0.12615585E-22  0.35288942E-38
  0.12900000E+02  0.12516280E-22  0.35320387E-38
  0.13000000E+02  0.12417769E-22  0.35223094E-38
  0.13100000E+02  0.12320053E-22  0.34505249E-38
  0.13200000E+02  0.12223130E-22  0.34125438E-38
  0.13300000E+02  0.12126998E-22  0.33561232E-38
  0.13400000E+02  0.12031657E-22  0.33238375E-38
  0.13500000E+02  0.11937105E-22  0.33039663E-38
  0.13600000E+02  0.11843339E-22  0.32725961E-38
  0.13700000E+02  0.11750357E-22  0.32470395E-38
  0.13800000E+02  0.11658157E-22  0.32061852E-38
  0.13900000E+02  0.11566736E-22  0.31771121E-38
  0.14000000E+02  0.11476091E-22  0.31463161E-38
  0.14100000E+02  0.11386219E-22  0.30854391E-38
  0.14200000E+02  0.11297117E-22  0.30701603E-38
  0.14300000E+02  0.11208783E-22  0.30322902E-38
  0.14400000E+02  0.11121211E-22  0.30032406E-38
  0.14500000E+02  0.11034400E-22  0.29652271E-38
  0.14600000E+02  0.10948344E-22  0.29558117E-38
  0.14700000E+02  0.10863041E-22  0.29275320E-38
  0.14800000E+02  0.10778485E-22  0.29052389E-38
  0.14900000E+02  0.10694674E-22  0.28470957E-38
  0.15000000E+02  0.10611603E-22  0.28424553E-38
  0.15100000E+02  0.10529267E-22  0.28214833E-38
  0.15200000E+02  0.10447663E-22  0.27620915E-38
  0.15300000E+02  0.10366785E-22  0.27750319E-38
  0.15400000E+02  0.10286630E-22  0.26972493E-38
  0.15500000E+02  0.10207192E-22  0.26948987E-38
  0.15600000E+02  0.10128467E-22  0.26756807E-38
  0.15700000E+02  0.10050450E-22  0.26418342E-38
  0.15800000E+02  0.99731365E-23  0.26291787E-38
  0.15900000E+02  0.98965213E-23  0.25992650E-38
  0.16000000E+02  0.98205997E-23  0.25734711E-38
  0.16100000E+02  0.97453666E-23  0.25440181E-38
  0.16200000E+02  0.96708169E-23  0.25209731E-38
  0.16300000E+02  0.95969457E-23  0.25144409E-38
  0.16400000E+02  0.95237478E-23  0.24726168E-38
  0.16500000E+02  0.94512180E-23  0.24823841E-38
  0.16600000E+02  0.93793513E-23  0.24357596E-38
  0.16700000E+02  0.93081424E-23  0.24369947E-38
  0.16800000E+02  0.92375862E-23  0.24151070E-38
  0.16900000E+02  0.91676774E-23  0.23765100E-38
  0.17000000E+02  0.90984107E-23  0.23250679E-38
  0.17100000E+02  0.90297809E-23  0.23261114E-38
  0.17200000E+02  0.89617828E-23  0.23173348E-38
  0.17300000E+02  0.88944111E-23  0.22764598E-38
  0.17400000E+02  0.88276605E-23  0.22611575E-38
  0.17500000E+02  0.87615257E-23  0.22322114E-38
  0.17600000E+02  0.86960015E-23  0.22376935E-38
  0.17700000E+02  0.86310825E-23  0.21978332E-38
  0.17800000E+02  0.85667636E-23  0.21961684E-38
  0.17900000E+02  0.85030394E-23  0.21709297E-38
  0.18000000E+02  0.84399047E-23  0.21462916E-38
  0.18100000E+02  0.83773542E-23  0.21386744E-38
  0.18200000E+02  0.83153827E-23  0.21215073E-38
  0.18300000E+02  0.82539850E-23  0.20872830E-38
  0.18400000E+02  0.81931558E-23  0.20755101E-38
  0.18500000E+02  0.81328901E-23  0.20421955E-38
  0.18600000E+02  0.80731825E-23  0.20366688E-38
  0.18700000E+02  0.80140281E-23  0.20197924E-38
  0.18800000E+02  0.79554215E-23  0.19987948E-38
  0.18900000E+02  0.78973578E-23  0.19753895E-38
  0.19000000E+02  0.78398318E-23  0.19721926E-38
  0.19100000E+02  0.77828385E-23  0.19511418E-38
  0.19200000E+02  0.77263728E-23  0.19467760E-38
  0.19300000E+02  0.76704298E-23  0.19179582E-38
  0.19400000E+02  0.76150044E-23  0.19098658E-38
  0.19500000E+02  0.75600917E-23  0.19021248E-38
  0.19600000E+02  0.75056867E-23  0.18814847E-38
  0.19700000E+02  0.74517846E-23  0.18625924E-38
  0.19800000E+02  0.73983805E-23  0.18439740E-38
  0.19900000E+02  0.73454695E-23  0.18206888E-38
  0.20000000E+02  0.72930469E-23  0.18312253E-38
  0.20100000E+02  0.72411078E-23  0.18073554E-38
  0.20200000E+02  0.71896476E-23  0.17829677E-38
  0.20300000E+02  0.71386615E-23  0.17608239E-38
  0.20400000E+02  0.70881449E-23  0.17560200E-38
  0.20500000E+02  0.70380931E-23  0.17672886E-38
  0.20600000E+02  0.69885015E-23  0.17263066E-38
  0.20700000E+02  0.69393655E-23  0.16970733E-38
  0.20800000E+02  0.68906806E-23  0.16813750E-38
  0.20900000E+02  0.68424423E-23  0.16880489E-38
  0.21000000E+02  0.67946461E-23  0.16735832E-38
  0.21100000E+02  0.67472877E-23  0.16508999E-38
  0.21200000E+02  0.67003625E-23  0.16454371E-38
  0.21300000E+02  0.66538663E-23  0.16256659E-38
  0.21400000E+02  0.66077948E-23  0.16206540E-38
  0.21500000E+02  0.65621436E-23  0.16066563E-38
  0.21600000E+02  0.65169084E-23  0.15996896E-38
  0.21700000E+02  0.64720852E-23  0.15874351E-38
  0.21800000E+02  0.64276697E-23  0.15680045E-38
  0.21900000E+02  0.63836578E-23  0.15561536E-38
  0.22000000E+02  0.63400453E-23  0.15525085E-38
  0.22100000E+02  0.62968283E-23  0.15332471E-38
  0.22200000E+02  0.62540026E-23  0.15179404E-38
  0.22300000E+02  0.62115644E-23  0.15226585E-38
  0.22400000E+02  0.61695096E-23  0.15093737E-38
  0.22500000E+02  0.61278343E-23  0.14876714E-38
  0.22600000E+02  0.60865347E-23  0.14778200E-38
  0.22700000E+02  0.60456068E-23  0.14713854E-38
  0.22800000E+02  0.60050470E-23  0.14603452E-38
  0.22900000E+02  0.59648514E-23  0.14509866E-38
  0.23000000E+02  0.59250164E-23  0.14435128E-38
  0.23100000E+02  0.58855381E-23  0.14182448E-38
  0.23200000E+02  0.58464129E-23  0.14185332E-38
  0.23300000E+02  0.58076373E-23  0.14040939E-38
  0.23400000E+02  0.57692076E-23  0.13975371E-38
  0.23500000E+02  0.57311203E-23  0.13760497E-38
  0.23600000E+02  0.56933718E-23  0.13750085E-38
  0.23700000E+02  0.56559587E-23  0.13523145E-38
  0.23800000E+02  0.56188776E-23  0.13449267E-38
  0.23900000E+02  0.55821249E-23  0.13406277E-38
  0.24000000E+02  0.55456974E-23  0.13319438E-38
  0.24100000E+02  0.55095916E-23  0.13286834E-38
  0.24200000E+02  0.54738044E-23  0.13104844E-38
  0.24300000E+02  0.54383323E-23  0.12944293E-38
  0.24400000E+02  0.54031722E-23  0.12965874E-38
  0.24500000E+02  0.53683209E-23  0.12876447E-38
  0.24600000E+02  0.53337751E-23  0.12785612E-38
  0.24700000E+02  0.52995318E-23  0.12799349E-38
  0.24800000E+02  0.52655878E-23  0.12687553E-38
  0.24900000E+02  0.52319401E-23  0.12427656E-38
  0.25000000E+02  0.51985856E-23  0.12425158E-38
  0.25100000E+02  0.51655212E-23  0.12406009E-38
  0.25200000E+02  0.51327441E-23  0.12216653E-38
  0.25300000E+02  0.51002512E-23  0.12099961E-38
  0.25400000E+02  0.50680397E-23  0.12066498E-38
  0.25500000E+02  0.50361067E-23  0.12118894E-38
  0.25600000E+02  0.50044493E-23  0.11912888E-38
  0.25700000E+02  0.49730646E-23  0.11850456E-38
  0.25800000E+02  0.49419500E-23  0.11802027E-38
  0.25900000E+02  0.49111026E-23  0.11658694E-38
  0.26000000E+02  0.48805196E-23  0.11593735E-38
  0.26100000E+02  0.48501985E-23  0.11569843E-38
  0.26200000E+02  0.48201365E-23  0.11502285E-38
  0.26300000E+02  0.47903309E-23  0.11419635E-38
  0.26400000E+02  0.47607792E-23  0.11322452E-38
  0.26500000E+02  0.47314787E-23  0.11373191E-38
  0.26600000E+02  0.47024270E-23  0.11219444E-38
  0.26700000E+02  0.46736214E-23  0.10981492E-38
  0.26800000E+02  0.46450594E-23  0.11032247E-38
  0.26900000E+02  0.46167387E-23  0.10922498E-38
  0.27000000E+02  0.45886567E-23  0.10974161E-38
  0.27100000E+02  0.45608109E-23  0.10698851E-38
  0.27200000E+02  0.45331991E-23  0.10814090E-38
  0.27300000E+02  0.45058189E-23  0.10723807E-38
  0.27400000E+02  0.44786678E-23  0.10549185E-38
  0.27500000E+02  0.44517436E-23  0.10688297E-38
  0.27600000E+02  0.44250439E-23  0.10391493E-38
  0.27700000E+02  0.43985666E-23  0.10456925E-38
  0.27800000E+02  0.43723094E-23  0.10325513E-38
  0.27900000E+02  0.43462700E-23  0.10333008E-38
  0.28000000E+02  0.43204462E-23  0.10254063E-38
  0.28100000E+02  0.42948359E-23  0.10151317E-38
  0.28200000E+02  0.42694370E-23  0.99617675E-39
  0.28300000E+02  0.42442473E-23  0.10105399E-38
  0.28400000E+02  0.42192647E-23  0.99407871E-39
  0.28500000E+02  0.41944871E-23  0.97701896E-39
  0.28600000E+02  0.41699125E-23  0.97880094E-39
  0.28700000E+02  0.41455389E-23  0.98600201E-39
  0.28800000E+02  0.41213642E-23  0.97221096E-39
  0.28900000E+02  0.40973865E-23  0.96479477E-39
  0.29000000E+02  0.40736037E-23  0.95641746E-39
  0.29100000E+02  0.40500141E-23  0.94700782E-39
  0.29200000E+02  0.40266155E-23  0.95879895E-39
  0.29300000E+02  0.40034062E-23  0.94086178E-39
  0.29400000E+02  0.39803843E-23  0.93270739E-39
  0.29500000E+02  0.39575479E-23  0.93251776E-39
  0.29600000E+02  0.39348951E-23  0.92336501E-39
  0.29700000E+02  0.39124242E-23  0.91994546E-39
  0.29800000E+02  0.38901334E-23  0.92028316E-39
  0.29900000E+02  0.38680208E-23  0.90488582E-39
  0.30000000E+02  0.38460848E-23  0.90551691E-39
  0.30100000E+02  0.38243235E-23  0.89650142E-39
  0.30200000E+02  0.38027354E-23  0.88476506E-39
  0.30300000E+02  0.37813185E-23  0.88050140E-39
  0.30400000E+02  0.37600714E-23  0.88430538E-39
  0.30500000E+02  0.37389923E-23  0.87891518E-39
  0.30600000E+02  0.37180796E-23  0.86962009E-39
  0.30700000E+02  0.36973317E-23  0.86529961E-39
  0.30800000E+02  0.36767469E-23  0.84968017E-39
  0.30900000E+02  0.36563237E-23  0.84762496E-39
  0.31000000E+02  0.36360605E-23  0.85501897E-39
  0.31100000E+02  0.36159557E-23  0.84951596E-39
  0.31200000E+02  0.35960079E-23  0.84640424E-39
  0.31300000E+02  0.35762154E-23  0.83958762E-39
  0.31400000E+02  0.35565768E-23  0.83221411E-39
  0.31500000E+02  0.35370906E-23  0.82298523E-39
  0.31600000E+02  0.35177553E-23  0.82072815E-39
  0.31700000E+02  0.34985695E-23  0.81985713E-39
  0.31800000E+02  0.34795318E-23  0.81960578E-39
  0.31900000E+02  0.34606407E-23  0.79947758E-39
  0.32000000E+02  0.34418947E-23  0.79987187E-39
  0.32100000E+02  0.34232926E-23  0.80100646E-39
  0.32200000E+02  0.34048329E-23  0.78944430E-39
  0.32300000E+02  0.33865143E-23  0.78779912E-39
  0.32400000E+02  0.33683355E-23  0.78040862E-39
  0.32500000E+02  0.33502950E-23  0.77522587E-39
  0.32600000E+02  0.33323917E-23  0.77457996E-39
  0.32700000E+02  0.33146241E-23  0.77162584E-39
  0.32800000E+02  0.32969910E-23  0.77265905E-39
  0.32900000E+02  0.32794912E-23  0.76203902E-39
  0.33000000E+02  0.32621233E-23  0.76015817E-39
  0.33100000E+02  0.32448861E-23  0.75519736E-39
  0.33200000E+02  0.32277785E-23  0.75151172E-39
  0.33300000E+02  0.32107991E-23  0.74794308E-39
  0.33400000E+02  0.31939467E-23  0.73272606E-39
  0.33500000E+02  0.31772202E-23  0.73462333E-39
  0.33600000E+02  0.31606185E-23  0.73372664E-39
  0.33700000E+02  0.31441402E-23  0.72997096E-39
  0.33800000E+02  0.31277843E-23  0.71714512E-39
  0.33900000E+02  0.31115497E-23  0.72314133E-39
  0.34000000E+02  0.30954351E-23  0.71826213E-39
  0.34100000E+02  0.30794396E-23  0.70775669E-39
  0.34200000E+02  0.30635619E-23  0.70957984E-39
  0.34300000E+02  0.30478010E-23  0.71333587E-39
  0.34400000E+02  0.30321558E-23  0.70163670E-39
  0.34500000E+02  0.30166252E-23  0.69697090E-39
  0.34600000E+02  0.30012083E-23  0.69634678E-39
  0.34700000E+02  0.29859038E-23  0.68772561E-39
  0.34800000E+02  0.29707109E-23  0.68525140E-39
  0.34900000E+02  0.29556284E-23  0.68508516E-39
  0.35000000E+02  0.29406554E-23  0.67671784E-39
  0.35100000E+02  0.29257908E-23  0.68093660E-39
  0.35200000E+02  0.29110337E-23  0.67199943E-39
  0.35300000E+02  0.28963831E-23  0.66504465E-39
  0.35400000E+02  0.28818380E-23  0.67153052E-39
  0.35500000E+02  0.28673974E-23  0.65985419E-39
  0.35600000E+02  0.28530605E-23  0.65996788E-39
  0.35700000E+02  0.28388262E-23  0.65731770E-39
  0.35800000E+02  0.28246936E-23  0.65201655E-39
  0.35900000E+02  0.28106619E-23  0.64915900E-39
  0.36000000E+02  0.27967300E-23  0.64515182E-39
  0.36100000E+02  0.27828972E-23  0.63865420E-39
  0.36200000E+02  0.27691625E-23  0.63881736E-39
  0.36300000E+02  0.27555250E-23  0.63641435E-39
  0.36400000E+02  0.27419838E-23  0.63232413E-39
  0.36500000E+02  0.27285382E-23  0.63006246E-39
  0.36600000E+02  0.27151872E-23  0.62248119E-39
  0.36700000E+02  0.27019300E-23  0.62744338E-39
  0.36800000E+02  0.26887657E-23  0.62431630E-39
  0.36900000E+02  0.26756936E-23  0.61735818E-39
  0.37000000E+02  0.26627128E-23  0.61497926E-39
  0.37100000E+02  0.26498225E-23  0.61517532E-39
  0.37200000E+02  0.26370219E-23  0.60536753E-39
  0.37300000E+02  0.26243102E-23  0.60473169E-39
  0.37400000E+02  0.26116867E-23  0.60371747E-39
  0.37500000E+02  0.25991504E-23  0.59889220E-39
  0.37600000E+02  0.25867008E-23  0.59845090E-39
  0.37700000E+02  0.25743370E-23  0.59627045E-39
  0.37800000E+02  0.25620582E-23  0.58895813E-39
  0.37900000E+02  0.25498638E-23  0.58441933E-39
  0.38000000E+02  0.25377529E-23  0.58629044E-39
  0.38100000E+02  0.25257249E-23  0.57887502E-39
  0.38200000E+02  0.25137790E-23  0.57847254E-39
  0.38300000E+02  0.25019146E-23  0.57344813E-39
  0.38400000E+02  0.24901308E-23  0.57120064E-39
  0.38500000E+02  0.24784271E-23  0.56749721E-39
  0.38600000E+02  0.24668027E-23  0.56845307E-39
  0.38700000E+02  0.24552569E-23  0.56660662E-39
  0.38800000E+02  0.24437890E-23  0.55980497E-39
  0.38900000E+02  0.24323984E-23  0.56158126E-39
  0.39000000E+02  0.24210845E-23  0.55105697E-39
  0.39100000E+02  0.24098465E-23  0.55328939E-39
  0.39200000E+02  0.23986838E-23  0.55178750E-39
  0.39300000E+02  0.23875958E-23  0.54556978E-39
  0.39400000E+02  0.23765818E-23  0.54870351E-39
  0.39500000E+02  0.23656412E-23  0.54441065E-39
  0.39600000E+02  0.23547733E-23  0.53781265E-39
  0.39700000E+02  0.23439776E-23  0.53454354E-39
  0.39800000E+02  0.23332535E-23  0.54048893E-39
  0.39900000E+02  0.23226002E-23  0.53517984E-39
  0.40000000E+02  0.23120173E-23  0.52664156E-39
