  0.00000000E+00  0.30578784E-25  0.13628186E-37
  0.10000000E+00  0.30647217E-25  0.13638816E-37
  0.20000000E+00  0.30851975E-25  0.13540284E-37
  0.30000000E+00  0.31191437E-25  0.13535253E-37
  0.40000000E+00  0.31662932E-25  0.13698584E-37
  0.50000000E+00  0.32262780E-25  0.13461242E-37
  0.60000000E+00  0.32986352E-25  0.13586776E-37
  0.70000000E+00  0.33828143E-25  0.13423248E-37
  0.80000000E+00  0.34781854E-25  0.13533420E-37
  0.90000000E+00  0.35840486E-25  0.13423238E-37
  0.10000000E+01  0.36996447E-25  0.13461258E-37
  0.11000000E+01  0.38241651E-25  0.13370834E-37
  0.12000000E+01  0.39567636E-25  0.13361468E-37
  0.13000000E+01  0.40965667E-25  0.13162553E-37
  0.14000000E+01  0.42426845E-25  0.13201296E-37
  0.15000000E+01  0.43942215E-25  0.13139014E-37
  0.16000000E+01  0.45502861E-25  0.12982718E-37
  0.17000000E+01  0.47099994E-25  0.12941601E-37
  0.18000000E+01  0.48725042E-25  0.13026892E-37
  0.19000000E+01  0.50369718E-25  0.12853772E-37
  0.20000000E+01  0.52026082E-25  0.12736476E-37
  0.21000000E+01  0.53686602E-25  0.12718980E-37
  0.22000000E+01  0.55344190E-25  0.12599775E-37
  0.23000000E+01  0.56992239E-25  0.12625342E-37
  0.24000000E+01  0.58624648E-25  0.12471109E-37
  0.25000000E+01  0.60235834E-25  0.12298509E-37
  0.26000000E+01  0.61820746E-25  0.12196825E-37
  0.27000000E+01  0.63374855E-25  0.12279378E-37
  0.28000000E+01  0.64894158E-25  0.12008308E-37
  0.29000000E+01  0.66375159E-25  0.11768380E-37
  0.30000000E+01  0.67814853E-25  0.11783245E-37
  0.31000000E+01  0.69210708E-25  0.11609406E-37
  0.32000000E+01  0.70560637E-25  0.11578614E-37
  0.33000000E+01  0.71862974E-25  0.11342672E-37
  0.34000000E+01  0.73116447E-25  0.11256366E-37
  0.35000000E+01  0.74320147E-25  0.11122237E-37
  0.36000000E+01  0.75473496E-25  0.10928446E-37
  0.37000000E+01  0.76576223E-25  0.10810216E-37
  0.38000000E+01  0.77628330E-25  0.10766818E-37
  0.39000000E+01  0.78630065E-25  0.10536252E-37
  0.40000000E+01  0.79581896E-25  0.10425454E-37
  0.41000000E+01  0.80484479E-25  0.10330119E-37
  0.42000000E+01  0.81338642E-25  0.10162484E-37
  0.43000000E+01  0.82145352E-25  0.10064997E-37
  0.44000000E+01  0.82905700E-25  0.98993539E-38
  0.45000000E+01  0.83620876E-25  0.97556438E-38
  0.46000000E+01  0.84292155E-25  0.96291147E-38
  0.47000000E+01  0.84920874E-25  0.94360566E-38
  0.48000000E+01  0.85508421E-25  0.92785877E-38
  0.49000000E+01  0.86056222E-25  0.92992402E-38
  0.50000000E+01  0.86565723E-25  0.90546478E-38
  0.51000000E+01  0.87038383E-25  0.88492006E-38
  0.52000000E+01  0.87475664E-25  0.88026774E-38
  0.53000000E+01  0.87879021E-25  0.87315697E-38
  0.54000000E+01  0.88249894E-25  0.85914525E-38
  0.55000000E+01  0.88589705E-25  0.84555323E-38
  0.56000000E+01  0.88899849E-25  0.82758750E-38
  0.57000000E+01  0.89181690E-25  0.81842112E-38
  0.58000000E+01  0.89436559E-25  0.80172034E-38
  0.59000000E+01  0.89665749E-25  0.79016116E-38
  0.60000000E+01  0.89870514E-25  0.77993236E-38
  0.61000000E+01  0.90052065E-25  0.76384918E-38
  0.62000000E+01  0.90211573E-25  0.74935656E-38
  0.63000000E+01  0.90350162E-25  0.74073274E-38
  0.64000000E+01  0.90468913E-25  0.73451436E-38
  0.65000000E+01  0.90568864E-25  0.72419338E-38
  0.66000000E+01  0.90651007E-25  0.70924024E-38
  0.67000000E+01  0.90716290E-25  0.70193916E-38
  0.68000000E+01  0.90765619E-25  0.69087922E-38
  0.69000000E+01  0.90799857E-25  0.67901403E-38
  0.70000000E+01  0.90819824E-25  0.66696525E-38
  0.71000000E+01  0.90826302E-25  0.65623935E-38
  0.72000000E+01  0.90820032E-25  0.64862259E-38
  0.73000000E+01  0.90801717E-25  0.63853884E-38
  0.74000000E+01  0.90772025E-25  0.62870734E-38
  0.75000000E+01  0.90731585E-25  0.62065385E-38
  0.76000000E+01  0.90680996E-25  0.61126844E-38
  0.77000000E+01  0.90620822E-25  0.60005269E-38
  0.78000000E+01  0.90551596E-25  0.59138227E-38
  0.79000000E+01  0.90473820E-25  0.58251344E-38
  0.80000000E+01  0.90387971E-25  0.57232078E-38
  0.81000000E+01  0.90294495E-25  0.56502015E-38
  0.82000000E+01  0.90193813E-25  0.55555078E-38
  0.83000000E+01  0.90086324E-25  0.54516697E-38
  0.84000000E+01  0.89972400E-25  0.54085683E-38
  0.85000000E+01  0.89852393E-25  0.53245677E-38
  0.86000000E+01  0.89726634E-25  0.52312088E-38
  0.87000000E+01  0.89595433E-25  0.51674011E-38
  0.88000000E+01  0.89459082E-25  0.50927193E-38
  0.89000000E+01  0.89317856E-25  0.50141094E-38
  0.90000000E+01  0.89172012E-25  0.49986433E-38
  0.91000000E+01  0.89021792E-25  0.48774454E-38
  0.92000000E+01  0.88867424E-25  0.47850315E-38
  0.93000000E+01  0.88709119E-25  0.47483946E-38
  0.94000000E+01  0.88547080E-25  0.46371897E-38
  0.95000000E+01  0.88381493E-25  0.45868316E-38
  0.96000000E+01  0.88212534E-25  0.45182710E-38
  0.97000000E+01  0.88040370E-25  0.44501017E-38
  0.98000000E+01  0.87865155E-25  0.43730412E-38
  0.99000000E+01  0.87687035E-25  0.43463519E-38
  0.10000000E+02  0.87506147E-25  0.42461229E-38
  0.10100000E+02  0.87322620E-25  0.42208576E-38
  0.10200000E+02  0.87136574E-25  0.41580643E-38
  0.10300000E+02  0.86948124E-25  0.41237189E-38
  0.10400000E+02  0.86757376E-25  0.40226367E-38
  0.10500000E+02  0.86564429E-25  0.39886143E-38
  0.10600000E+02  0.86369380E-25  0.39008156E-38
  0.10700000E+02  0.86172316E-25  0.38757021E-38
  0.10800000E+02  0.85973322E-25  0.38392411E-38
  0.10900000E+02  0.85772477E-25  0.37585944E-38
  0.11000000E+02  0.85569855E-25  0.36866464E-38
  0.11100000E+02  0.85365527E-25  0.36947375E-38
  0.11200000E+02  0.85159560E-25  0.36342984E-38
  0.11300000E+02  0.84952016E-25  0.35682279E-38
  0.11400000E+02  0.84742956E-25  0.34891898E-38
  0.11500000E+02  0.84532436E-25  0.34907051E-38
  0.11600000E+02  0.84320510E-25  0.34157751E-38
  0.11700000E+02  0.84107229E-25  0.33864046E-38
  0.11800000E+02  0.83892643E-25  0.33323318E-38
  0.11900000E+02  0.83676796E-25  0.33190471E-38
  0.12000000E+02  0.83459734E-25  0.32533025E-38
  0.12100000E+02  0.83241500E-25  0.32253654E-38
  0.12200000E+02  0.83022133E-25  0.31717806E-38
  0.12300000E+02  0.82801672E-25  0.31323505E-38
  0.12400000E+02  0.82580156E-25  0.30714780E-38
  0.12500000E+02  0.82357619E-25  0.30297982E-38
  0.12600000E+02  0.82134096E-25  0.30159399E-38
  0.12700000E+02  0.81909622E-25  0.29811561E-38
  0.12800000E+02  0.81684227E-25  0.29261334E-38
  0.12900000E+02  0.81457943E-25  0.29006097E-38
  0.13000000E+02  0.81230801E-25  0.28463221E-38
  0.13100000E+02  0.81002829E-25  0.28229272E-38
  0.13200000E+02  0.80774056E-25  0.27965693E-38
  0.13300000E+02  0.80544510E-25  0.27531394E-38
  0.13400000E+02  0.80314218E-25  0.27469400E-38
  0.13500000E+02  0.80083206E-25  0.27024805E-38
  0.13600000E+02  0.79851500E-25  0.26776106E-38
  0.13700000E+02  0.79619125E-25  0.26351078E-38
  0.13800000E+02  0.79386105E-25  0.26063692E-38
  0.13900000E+02  0.79152465E-25  0.25746076E-38
  0.14000000E+02  0.78918228E-25  0.25352968E-38
  0.14100000E+02  0.78683418E-25  0.24994672E-38
  0.14200000E+02  0.78448058E-25  0.24883152E-38
  0.14300000E+02  0.78212169E-25  0.24562106E-38
  0.14400000E+02  0.77975775E-25  0.24195788E-38
  0.14500000E+02  0.77738896E-25  0.24001834E-38
  0.14600000E+02  0.77501555E-25  0.23712845E-38
  0.14700000E+02  0.77263772E-25  0.23227203E-38
  0.14800000E+02  0.77025569E-25  0.23053792E-38
  0.14900000E+02  0.76786966E-25  0.22746197E-38
  0.15000000E+02  0.76547983E-25  0.22804631E-38
  0.15100000E+02  0.76308641E-25  0.22196702E-38
  0.15200000E+02  0.76068960E-25  0.21996364E-38
  0.15300000E+02  0.75828958E-25  0.21899287E-38
  0.15400000E+02  0.75588657E-25  0.21588848E-38
  0.15500000E+02  0.75348074E-25  0.21279343E-38
  0.15600000E+02  0.75107230E-25  0.21226348E-38
  0.15700000E+02  0.74866142E-25  0.20864594E-38
  0.15800000E+02  0.74624830E-25  0.20581754E-38
  0.15900000E+02  0.74383312E-25  0.20613485E-38
  0.16000000E+02  0.74141607E-25  0.20285232E-38
  0.16100000E+02  0.73899732E-25  0.20081469E-38
  0.16200000E+02  0.73657705E-25  0.19672334E-38
  0.16300000E+02  0.73415544E-25  0.19462289E-38
  0.16400000E+02  0.73173266E-25  0.19475004E-38
  0.16500000E+02  0.72930890E-25  0.19158281E-38
  0.16600000E+02  0.72688432E-25  0.19011766E-38
  0.16700000E+02  0.72445909E-25  0.18717401E-38
  0.16800000E+02  0.72203337E-25  0.18561691E-38
  0.16900000E+02  0.71960735E-25  0.18346232E-38
  0.17000000E+02  0.71718117E-25  0.18403510E-38
  0.17100000E+02  0.71475501E-25  0.18037559E-38
  0.17200000E+02  0.71232902E-25  0.17898613E-38
  0.17300000E+02  0.70990337E-25  0.17657842E-38
  0.17400000E+02  0.70747820E-25  0.17407648E-38
  0.17500000E+02  0.70505368E-25  0.17253432E-38
  0.17600000E+02  0.70262997E-25  0.17120048E-38
  0.17700000E+02  0.70020720E-25  0.17159738E-38
  0.17800000E+02  0.69778553E-25  0.16876437E-38
  0.17900000E+02  0.69536511E-25  0.16556178E-38
  0.18000000E+02  0.69294609E-25  0.16379975E-38
  0.18100000E+02  0.69052861E-25  0.16263776E-38
  0.18200000E+02  0.68811281E-25  0.16107306E-38
  0.18300000E+02  0.68569883E-25  0.16064714E-38
  0.18400000E+02  0.68328682E-25  0.15743752E-38
  0.18500000E+02  0.68087690E-25  0.15651579E-38
  0.18600000E+02  0.67846921E-25  0.15476331E-38
  0.18700000E+02  0.67606389E-25  0.15374490E-38
  0.18800000E+02  0.67366107E-25  0.15218594E-38
  0.18900000E+02  0.67126087E-25  0.15119476E-38
  0.19000000E+02  0.66886342E-25  0.14912326E-38
  0.19100000E+02  0.66646885E-25  0.14765351E-38
  0.19200000E+02  0.66407728E-25  0.14666188E-38
  0.19300000E+02  0.66168883E-25  0.14531643E-38
  0.19400000E+02  0.65930362E-25  0.14344174E-38
  0.19500000E+02  0.65692177E-25  0.14383490E-38
  0.19600000E+02  0.65454339E-25  0.14034352E-38
  0.19700000E+02  0.65216860E-25  0.13867620E-38
  0.19800000E+02  0.64979751E-25  0.13788251E-38
  0.19900000E+02  0.64743022E-25  0.13821152E-38
  0.20000000E+02  0.64506685E-25  0.13575534E-38
  0.20100000E+02  0.64270750E-25  0.13400059E-38
  0.20200000E+02  0.64035227E-25  0.13298486E-38
  0.20300000E+02  0.63800127E-25  0.13219985E-38
  0.20400000E+02  0.63565459E-25  0.13168410E-38
  0.20500000E+02  0.63331234E-25  0.12945821E-38
  0.20600000E+02  0.63097460E-25  0.12893076E-38
  0.20700000E+02  0.62864149E-25  0.12727591E-38
  0.20800000E+02  0.62631307E-25  0.12591322E-38
  0.20900000E+02  0.62398946E-25  0.12481943E-38
  0.21000000E+02  0.62167073E-25  0.12437206E-38
  0.21100000E+02  0.61935697E-25  0.12240848E-38
  0.21200000E+02  0.61704827E-25  0.12097674E-38
  0.21300000E+02  0.61474470E-25  0.12137097E-38
  0.21400000E+02  0.61244636E-25  0.11973519E-38
  0.21500000E+02  0.61015332E-25  0.12006752E-38
  0.21600000E+02  0.60786566E-25  0.11774245E-38
  0.21700000E+02  0.60558345E-25  0.11677508E-38
  0.21800000E+02  0.60330677E-25  0.11558531E-38
  0.21900000E+02  0.60103569E-25  0.11448754E-38
  0.22000000E+02  0.59877028E-25  0.11363852E-38
  0.22100000E+02  0.59651061E-25  0.11319980E-38
  0.22200000E+02  0.59425674E-25  0.11031134E-38
  0.22300000E+02  0.59200875E-25  0.11068163E-38
  0.22400000E+02  0.58976670E-25  0.11051457E-38
  0.22500000E+02  0.58753064E-25  0.10992714E-38
  0.22600000E+02  0.58530064E-25  0.10823999E-38
  0.22700000E+02  0.58307677E-25  0.10783914E-38
  0.22800000E+02  0.58085906E-25  0.10628674E-38
  0.22900000E+02  0.57864759E-25  0.10600621E-38
  0.23000000E+02  0.57644240E-25  0.10585284E-38
  0.23100000E+02  0.57424355E-25  0.10422777E-38
  0.23200000E+02  0.57205109E-25  0.10305251E-38
  0.23300000E+02  0.56986507E-25  0.10215219E-38
  0.23400000E+02  0.56768553E-25  0.10248199E-38
  0.23500000E+02  0.56551253E-25  0.10154960E-38
  0.23600000E+02  0.56334610E-25  0.10038155E-38
  0.23700000E+02  0.56118630E-25  0.99032343E-39
  0.23800000E+02  0.55903316E-25  0.98536661E-39
  0.23900000E+02  0.55688673E-25  0.98113070E-39
  0.24000000E+02  0.55474704E-25  0.97072986E-39
  0.24100000E+02  0.55261413E-25  0.95898737E-39
  0.24200000E+02  0.55048804E-25  0.95570114E-39
  0.24300000E+02  0.54836881E-25  0.94224629E-39
  0.24400000E+02  0.54625647E-25  0.92945797E-39
  0.24500000E+02  0.54415104E-25  0.93696433E-39
  0.24600000E+02  0.54205257E-25  0.91856518E-39
  0.24700000E+02  0.53996109E-25  0.91442528E-39
  0.24800000E+02  0.53787662E-25  0.90916048E-39
  0.24900000E+02  0.53579918E-25  0.90465015E-39
  0.25000000E+02  0.53372882E-25  0.89381902E-39
  0.25100000E+02  0.53166554E-25  0.89409749E-39
  0.25200000E+02  0.52960938E-25  0.87820252E-39
  0.25300000E+02  0.52756037E-25  0.86990912E-39
  0.25400000E+02  0.52551851E-25  0.87801996E-39
  0.25500000E+02  0.52348384E-25  0.86410149E-39
  0.25600000E+02  0.52145636E-25  0.86263124E-39
  0.25700000E+02  0.51943611E-25  0.85623556E-39
  0.25800000E+02  0.51742310E-25  0.84934383E-39
  0.25900000E+02  0.51541735E-25  0.84154576E-39
  0.26000000E+02  0.51341886E-25  0.83458533E-39
  0.26100000E+02  0.51142766E-25  0.82359527E-39
  0.26200000E+02  0.50944376E-25  0.81544869E-39
  0.26300000E+02  0.50746718E-25  0.80939184E-39
  0.26400000E+02  0.50549791E-25  0.80522888E-39
  0.26500000E+02  0.50353598E-25  0.79926681E-39
  0.26600000E+02  0.50158139E-25  0.79340278E-39
  0.26700000E+02  0.49963416E-25  0.79471277E-39
  0.26800000E+02  0.49769429E-25  0.78002963E-39
  0.26900000E+02  0.49576179E-25  0.77602003E-39
  0.27000000E+02  0.49383666E-25  0.76931939E-39
  0.27100000E+02  0.49191891E-25  0.77194035E-39
  0.27200000E+02  0.49000854E-25  0.76319571E-39
  0.27300000E+02  0.48810557E-25  0.76202593E-39
  0.27400000E+02  0.48620998E-25  0.75445328E-39
  0.27500000E+02  0.48432180E-25  0.74324498E-39
  0.27600000E+02  0.48244100E-25  0.74372186E-39
  0.27700000E+02  0.48056760E-25  0.74301170E-39
  0.27800000E+02  0.47870160E-25  0.73938202E-39
  0.27900000E+02  0.47684300E-25  0.72884615E-39
  0.28000000E+02  0.47499179E-25  0.72520513E-39
  0.28100000E+02  0.47314797E-25  0.71697365E-39
  0.28200000E+02  0.47131154E-25  0.70837789E-39
  0.28300000E+02  0.46948250E-25  0.70646731E-39
  0.28400000E+02  0.46766084E-25  0.70935169E-39
  0.28500000E+02  0.46584655E-25  0.69336471E-39
  0.28600000E+02  0.46403964E-25  0.69685086E-39
  0.28700000E+02  0.46224010E-25  0.68907415E-39
  0.28800000E+02  0.46044792E-25  0.67905258E-39
  0.28900000E+02  0.45866309E-25  0.67794991E-39
  0.29000000E+02  0.45688560E-25  0.68482420E-39
  0.29100000E+02  0.45511546E-25  0.66940237E-39
  0.29200000E+02  0.45335264E-25  0.66248978E-39
  0.29300000E+02  0.45159714E-25  0.66330982E-39
  0.29400000E+02  0.44984895E-25  0.65480973E-39
  0.29500000E+02  0.44810806E-25  0.65799031E-39
  0.29600000E+02  0.44637446E-25  0.64868673E-39
  0.29700000E+02  0.44464814E-25  0.64342576E-39
  0.29800000E+02  0.44292908E-25  0.63703846E-39
  0.29900000E+02  0.44121728E-25  0.63453341E-39
  0.30000000E+02  0.43951272E-25  0.63707504E-39
  0.30100000E+02  0.43781539E-25  0.62569904E-39
  0.30200000E+02  0.43612527E-25  0.62859033E-39
  0.30300000E+02  0.43444235E-25  0.61715927E-39
  0.30400000E+02  0.43276662E-25  0.61120797E-39
  0.30500000E+02  0.43109806E-25  0.61387263E-39
  0.30600000E+02  0.42943666E-25  0.60285038E-39
  0.30700000E+02  0.42778240E-25  0.60677989E-39
  0.30800000E+02  0.42613527E-25  0.59380431E-39
  0.30900000E+02  0.42449524E-25  0.59425664E-39
  0.31000000E+02  0.42286231E-25  0.58877339E-39
  0.31100000E+02  0.42123646E-25  0.58809646E-39
  0.31200000E+02  0.41961767E-25  0.58407521E-39
  0.31300000E+02  0.41800591E-25  0.57485697E-39
  0.31400000E+02  0.41640119E-25  0.57630287E-39
  0.31500000E+02  0.41480346E-25  0.57402195E-39
  0.31600000E+02  0.41321273E-25  0.57722039E-39
  0.31700000E+02  0.41162897E-25  0.57631941E-39
  0.31800000E+02  0.41005215E-25  0.56457219E-39
  0.31900000E+02  0.40848227E-25  0.55930061E-39
  0.32000000E+02  0.40691930E-25  0.55623065E-39
  0.32100000E+02  0.40536322E-25  0.56064601E-39
  0.32200000E+02  0.40381401E-25  0.55120530E-39
  0.32300000E+02  0.40227166E-25  0.55121949E-39
  0.32400000E+02  0.40073614E-25  0.54617620E-39
  0.32500000E+02  0.39920743E-25  0.53886543E-39
  0.32600000E+02  0.39768551E-25  0.53805733E-39
  0.32700000E+02  0.39617035E-25  0.52902894E-39
  0.32800000E+02  0.39466195E-25  0.52936027E-39
  0.32900000E+02  0.39316027E-25  0.53171053E-39
  0.33000000E+02  0.39166530E-25  0.52184468E-39
  0.33100000E+02  0.39017701E-25  0.52165271E-39
  0.33200000E+02  0.38869539E-25  0.52176114E-39
  0.33300000E+02  0.38722040E-25  0.51689921E-39
  0.33400000E+02  0.38575203E-25  0.51181728E-39
  0.33500000E+02  0.38429025E-25  0.51409733E-39
  0.33600000E+02  0.38283505E-25  0.50729579E-39
  0.33700000E+02  0.38138639E-25  0.50306577E-39
  0.33800000E+02  0.37994427E-25  0.50158716E-39
  0.33900000E+02  0.37850864E-25  0.50050014E-39
  0.34000000E+02  0.37707950E-25  0.49913025E-39
  0.34100000E+02  0.37565681E-25  0.49446497E-39
  0.34200000E+02  0.37424056E-25  0.48703875E-39
  0.34300000E+02  0.37283072E-25  0.48514850E-39
  0.34400000E+02  0.37142726E-25  0.48627066E-39
  0.34500000E+02  0.37003017E-25  0.48626793E-39
  0.34600000E+02  0.36863942E-25  0.47713375E-39
  0.34700000E+02  0.36725498E-25  0.48055231E-39
  0.34800000E+02  0.36587683E-25  0.47519189E-39
  0.34900000E+02  0.36450496E-25  0.47450027E-39
  0.35000000E+02  0.36313932E-25  0.47341976E-39
  0.35100000E+02  0.36177991E-25  0.46717287E-39
  0.35200000E+02  0.36042669E-25  0.46625115E-39
  0.35300000E+02  0.35907964E-25  0.46256525E-39
  0.35400000E+02  0.35773874E-25  0.45701390E-39
  0.35500000E+02  0.35640396E-25  0.45435982E-39
  0.35600000E+02  0.35507528E-25  0.45249959E-39
  0.35700000E+02  0.35375267E-25  0.45668725E-39
  0.35800000E+02  0.35243611E-25  0.44341069E-39
  0.35900000E+02  0.35112558E-25  0.44701804E-39
  0.36000000E+02  0.34982104E-25  0.44528205E-39
  0.36100000E+02  0.34852248E-25  0.44280573E-39
  0.36200000E+02  0.34722987E-25  0.43529210E-39
  0.36300000E+02  0.34594319E-25  0.43496058E-39
  0.36400000E+02  0.34466240E-25  0.43669954E-39
  0.36500000E+02  0.34338750E-25  0.43295029E-39
  0.36600000E+02  0.34211844E-25  0.42582524E-39
  0.36700000E+02  0.34085521E-25  0.43118110E-39
  0.36800000E+02  0.33959778E-25  0.42216860E-39
  0.36900000E+02  0.33834613E-25  0.41834418E-39
  0.37000000E+02  0.33710023E-25  0.42128123E-39
  0.37100000E+02  0.33586006E-25  0.42056725E-39
  0.37200000E+02  0.33462560E-25  0.41496840E-39
  0.37300000E+02  0.33339681E-25  0.41888755E-39
  0.37400000E+02  0.33217367E-25  0.40983185E-39
  0.37500000E+02  0.33095616E-25  0.40793247E-39
  0.37600000E+02  0.32974426E-25  0.40945570E-39
  0.37700000E+02  0.32853793E-25  0.40813658E-39
  0.37800000E+02  0.32733716E-25  0.40296051E-39
  0.37900000E+02  0.32614192E-25  0.40491216E-39
  0.38000000E+02  0.32495218E-25  0.40106234E-39
  0.38100000E+02  0.32376792E-25  0.39475489E-39
  0.38200000E+02  0.32258912E-25  0.39647848E-39
  0.38300000E+02  0.32141575E-25  0.39213274E-39
  0.38400000E+02  0.32024779E-25  0.38702116E-39
  0.38500000E+02  0.31908520E-25  0.39155778E-39
  0.38600000E+02  0.31792798E-25  0.38642749E-39
  0.38700000E+02  0.31677609E-25  0.38264005E-39
  0.38800000E+02  0.31562950E-25  0.38349896E-39
  0.38900000E+02  0.31448820E-25  0.38242954E-39
  0.39000000E+02  0.31335216E-25  0.37935689E-39
  0.39100000E+02  0.31222136E-25  0.37653560E-39
  0.39200000E+02  0.31109577E-25  0.37956993E-39
  0.39300000E+02  0.30997536E-25  0.37648442E-39
  0.39400000E+02  0.30886012E-25  0.37119540E-39
  0.39500000E+02  0.30775001E-25  0.37123823E-39
  0.39600000E+02  0.30664502E-25  0.37133613E-39
  0.39700000E+02  0.30554512E-25  0.36684108E-39
  0.39800000E+02  0.30445029E-25  0.36281803E-39
  0.39900000E+02  0.30336050E-25  0.36012970E-39
  0.40000000E+02  0.30227573E-25  0.36210481E-39
