  0.00000000E+00 -0.45136171E-23  0.28203215E-37
  0.10000000E+00 -0.45130599E-23  0.28200825E-37
  0.20000000E+00 -0.45113892E-23  0.28193659E-37
  0.30000000E+00 -0.45086085E-23  0.28181725E-37
  0.40000000E+00 -0.45047231E-23  0.28165034E-37
  0.50000000E+00 -0.44997407E-23  0.28143605E-37
  0.60000000E+00 -0.44936709E-23  0.28117461E-37
  0.70000000E+00 -0.44865256E-23  0.28086631E-37
  0.80000000E+00 -0.44783183E-23  0.28051147E-37
  0.90000000E+00 -0.44690647E-23  0.28011048E-37
  0.10000000E+01 -0.44587820E-23  0.27966378E-37
  0.11000000E+01 -0.44474892E-23  0.27917187E-37
  0.12000000E+01 -0.44352070E-23  0.27863528E-37
  0.13000000E+01 -0.44219573E-23  0.27805460E-37
  0.14000000E+01 -0.44077634E-23  0.27743048E-37
  0.15000000E+01 -0.43926500E-23  0.27676361E-37
  0.16000000E+01 -0.43766426E-23  0.27605473E-37
  0.17000000E+01 -0.43597679E-23  0.27530462E-37
  0.18000000E+01 -0.43420534E-23  0.27451411E-37
  0.19000000E+01 -0.43235270E-23  0.27368408E-37
  0.20000000E+01 -0.43042177E-23  0.27281543E-37
  0.21000000E+01 -0.42841546E-23  0.27190910E-37
  0.22000000E+01 -0.42633674E-23  0.27096608E-37
  0.23000000E+01 -0.42418859E-23  0.26998738E-37
  0.24000000E+01 -0.42197400E-23  0.26897402E-37
  0.25000000E+01 -0.41969600E-23  0.26792709E-37
  0.26000000E+01 -0.41735759E-23  0.26684764E-37
  0.27000000E+01 -0.41496176E-23  0.26573679E-37
  0.28000000E+01 -0.41251150E-23  0.26459565E-37
  0.29000000E+01 -0.41000974E-23  0.26342532E-37
  0.30000000E+01 -0.40745941E-23  0.26222695E-37
  0.31000000E+01 -0.40486339E-23  0.26100167E-37
  0.32000000E+01 -0.40222452E-23  0.25975061E-37
  0.33000000E+01 -0.39954558E-23  0.25847489E-37
  0.34000000E+01 -0.39682931E-23  0.25717565E-37
  0.35000000E+01 -0.39407839E-23  0.25585400E-37
  0.36000000E+01 -0.39129543E-23  0.25451104E-37
  0.37000000E+01 -0.38848300E-23  0.25314789E-37
  0.38000000E+01 -0.38564358E-23  0.25176561E-37
  0.39000000E+01 -0.38277961E-23  0.25036528E-37
  0.40000000E+01 -0.37989343E-23  0.24894794E-37
  0.41000000E+01 -0.37698734E-23  0.24751462E-37
  0.42000000E+01 -0.37406355E-23  0.24606634E-37
  0.43000000E+01 -0.37112421E-23  0.24460407E-37
  0.44000000E+01 -0.36817138E-23  0.24312878E-37
  0.45000000E+01 -0.36520709E-23  0.24164143E-37
  0.46000000E+01 -0.36223326E-23  0.24014292E-37
  0.47000000E+01 -0.35925174E-23  0.23863415E-37
  0.48000000E+01 -0.35626434E-23  0.23711600E-37
  0.49000000E+01 -0.35327277E-23  0.23558931E-37
  0.50000000E+01 -0.35027869E-23  0.23405489E-37
  0.51000000E+01 -0.34728368E-23  0.23251356E-37
  0.52000000E+01 -0.34428926E-23  0.23096608E-37
  0.53000000E+01 -0.34129688E-23  0.22941320E-37
  0.54000000E+01 -0.33830794E-23  0.22785563E-37
  0.55000000E+01 -0.33532376E-23  0.22629409E-37
  0.56000000E+01 -0.33234561E-23  0.22472925E-37
  0.57000000E+01 -0.32937469E-23  0.22316176E-37
  0.58000000E+01 -0.32641214E-23  0.22159224E-37
  0.59000000E+01 -0.32345906E-23  0.22002130E-37
  0.60000000E+01 -0.32051648E-23  0.21844954E-37
  0.61000000E+01 -0.31758538E-23  0.21687750E-37
  0.62000000E+01 -0.31466669E-23  0.21530573E-37
  0.63000000E+01 -0.31176128E-23  0.21373475E-37
  0.64000000E+01 -0.30886999E-23  0.21216506E-37
  0.65000000E+01 -0.30599359E-23  0.21059715E-37
  0.66000000E+01 -0.30313282E-23  0.20903146E-37
  0.67000000E+01 -0.30028837E-23  0.20746844E-37
  0.68000000E+01 -0.29746089E-23  0.20590852E-37
  0.69000000E+01 -0.29465097E-23  0.20435209E-37
  0.70000000E+01 -0.29185920E-23  0.20279956E-37
  0.71000000E+01 -0.28908608E-23  0.20125129E-37
  0.72000000E+01 -0.28633212E-23  0.19970763E-37
  0.73000000E+01 -0.28359776E-23  0.19816893E-37
  0.74000000E+01 -0.28088344E-23  0.19663551E-37
  0.75000000E+01 -0.27818952E-23  0.19510768E-37
  0.76000000E+01 -0.27551638E-23  0.19358573E-37
  0.77000000E+01 -0.27286433E-23  0.19206994E-37
  0.78000000E+01 -0.27023367E-23  0.19056059E-37
  0.79000000E+01 -0.26762467E-23  0.18905792E-37
  0.80000000E+01 -0.26503758E-23  0.18756218E-37
  0.81000000E+01 -0.26247260E-23  0.18607360E-37
  0.82000000E+01 -0.25992992E-23  0.18459239E-37
  0.83000000E+01 -0.25740973E-23  0.18311877E-37
  0.84000000E+01 -0.25491216E-23  0.18165291E-37
  0.85000000E+01 -0.25243734E-23  0.18019502E-37
  0.86000000E+01 -0.24998537E-23  0.17874526E-37
  0.87000000E+01 -0.24755634E-23  0.17730380E-37
  0.88000000E+01 -0.24515032E-23  0.17587079E-37
  0.89000000E+01 -0.24276735E-23  0.17444637E-37
  0.90000000E+01 -0.24040748E-23  0.17303069E-37
  0.91000000E+01 -0.23807071E-23  0.17162386E-37
  0.92000000E+01 -0.23575705E-23  0.17022600E-37
  0.93000000E+01 -0.23346650E-23  0.16883723E-37
  0.94000000E+01 -0.23119902E-23  0.16745765E-37
  0.95000000E+01 -0.22895457E-23  0.16608734E-37
  0.96000000E+01 -0.22673312E-23  0.16472641E-37
  0.97000000E+01 -0.22453459E-23  0.16337492E-37
  0.98000000E+01 -0.22235892E-23  0.16203296E-37
  0.99000000E+01 -0.22020603E-23  0.16070058E-37
  0.10000000E+02 -0.21807582E-23  0.15937785E-37
  0.10100000E+02 -0.21596819E-23  0.15806482E-37
  0.10200000E+02 -0.21388305E-23  0.15676154E-37
  0.10300000E+02 -0.21182026E-23  0.15546805E-37
  0.10400000E+02 -0.20977972E-23  0.15418439E-37
  0.10500000E+02 -0.20776128E-23  0.15291059E-37
  0.10600000E+02 -0.20576482E-23  0.15164668E-37
  0.10700000E+02 -0.20379019E-23  0.15039268E-37
  0.10800000E+02 -0.20183725E-23  0.14914860E-37
  0.10900000E+02 -0.19990583E-23  0.14791445E-37
  0.11000000E+02 -0.19799579E-23  0.14669026E-37
  0.11100000E+02 -0.19610696E-23  0.14547601E-37
  0.11200000E+02 -0.19423918E-23  0.14427171E-37
  0.11300000E+02 -0.19239227E-23  0.14307736E-37
  0.11400000E+02 -0.19056607E-23  0.14189294E-37
  0.11500000E+02 -0.18876039E-23  0.14071845E-37
  0.11600000E+02 -0.18697507E-23  0.13955387E-37
  0.11700000E+02 -0.18520991E-23  0.13839919E-37
  0.11800000E+02 -0.18346474E-23  0.13725438E-37
  0.11900000E+02 -0.18173936E-23  0.13611942E-37
  0.12000000E+02 -0.18003360E-23  0.13499428E-37
  0.12100000E+02 -0.17834727E-23  0.13387894E-37
  0.12200000E+02 -0.17668017E-23  0.13277335E-37
  0.12300000E+02 -0.17503211E-23  0.13167750E-37
  0.12400000E+02 -0.17340290E-23  0.13059134E-37
  0.12500000E+02 -0.17179235E-23  0.12951482E-37
  0.12600000E+02 -0.17020027E-23  0.12844792E-37
  0.12700000E+02 -0.16862645E-23  0.12739059E-37
  0.12800000E+02 -0.16707072E-23  0.12634278E-37
  0.12900000E+02 -0.16553287E-23  0.12530445E-37
  0.13000000E+02 -0.16401270E-23  0.12427555E-37
  0.13100000E+02 -0.16251004E-23  0.12325602E-37
  0.13200000E+02 -0.16102467E-23  0.12224583E-37
  0.13300000E+02 -0.15955642E-23  0.12124490E-37
  0.13400000E+02 -0.15810508E-23  0.12025320E-37
  0.13500000E+02 -0.15667047E-23  0.11927066E-37
  0.13600000E+02 -0.15525239E-23  0.11829723E-37
  0.13700000E+02 -0.15385065E-23  0.11733285E-37
  0.13800000E+02 -0.15246507E-23  0.11637746E-37
  0.13900000E+02 -0.15109545E-23  0.11543100E-37
  0.14000000E+02 -0.14974161E-23  0.11449341E-37
  0.14100000E+02 -0.14840336E-23  0.11356463E-37
  0.14200000E+02 -0.14708052E-23  0.11264459E-37
  0.14300000E+02 -0.14577290E-23  0.11173324E-37
  0.14400000E+02 -0.14448031E-23  0.11083051E-37
  0.14500000E+02 -0.14320258E-23  0.10993633E-37
  0.14600000E+02 -0.14193953E-23  0.10905065E-37
  0.14700000E+02 -0.14069097E-23  0.10817339E-37
  0.14800000E+02 -0.13945674E-23  0.10730448E-37
  0.14900000E+02 -0.13823665E-23  0.10644387E-37
  0.15000000E+02 -0.13703053E-23  0.10559149E-37
  0.15100000E+02 -0.13583821E-23  0.10474726E-37
  0.15200000E+02 -0.13465952E-23  0.10391113E-37
  0.15300000E+02 -0.13349428E-23  0.10308302E-37
  0.15400000E+02 -0.13234233E-23  0.10226287E-37
  0.15500000E+02 -0.13120350E-23  0.10145060E-37
  0.15600000E+02 -0.13007763E-23  0.10064616E-37
  0.15700000E+02 -0.12896456E-23  0.99849471E-38
  0.15800000E+02 -0.12786411E-23  0.99060466E-38
  0.15900000E+02 -0.12677615E-23  0.98279078E-38
  0.16000000E+02 -0.12570049E-23  0.97505239E-38
  0.16100000E+02 -0.12463700E-23  0.96738881E-38
  0.16200000E+02 -0.12358552E-23  0.95979937E-38
  0.16300000E+02 -0.12254588E-23  0.95228337E-38
  0.16400000E+02 -0.12151795E-23  0.94484016E-38
  0.16500000E+02 -0.12050157E-23  0.93746904E-38
  0.16600000E+02 -0.11949659E-23  0.93016935E-38
  0.16700000E+02 -0.11850287E-23  0.92294042E-38
  0.16800000E+02 -0.11752027E-23  0.91578157E-38
  0.16900000E+02 -0.11654864E-23  0.90869214E-38
  0.17000000E+02 -0.11558784E-23  0.90167146E-38
  0.17100000E+02 -0.11463773E-23  0.89471888E-38
  0.17200000E+02 -0.11369817E-23  0.88783373E-38
  0.17300000E+02 -0.11276904E-23  0.88101535E-38
  0.17400000E+02 -0.11185019E-23  0.87426310E-38
  0.17500000E+02 -0.11094149E-23  0.86757632E-38
  0.17600000E+02 -0.11004281E-23  0.86095437E-38
  0.17700000E+02 -0.10915403E-23  0.85439661E-38
  0.17800000E+02 -0.10827502E-23  0.84790238E-38
  0.17900000E+02 -0.10740564E-23  0.84147107E-38
  0.18000000E+02 -0.10654578E-23  0.83510204E-38
  0.18100000E+02 -0.10569531E-23  0.82879466E-38
  0.18200000E+02 -0.10485412E-23  0.82254831E-38
  0.18300000E+02 -0.10402208E-23  0.81636236E-38
  0.18400000E+02 -0.10319907E-23  0.81023621E-38
  0.18500000E+02 -0.10238498E-23  0.80416924E-38
  0.18600000E+02 -0.10157970E-23  0.79816085E-38
  0.18700000E+02 -0.10078311E-23  0.79221044E-38
  0.18800000E+02 -0.99995097E-24  0.78631740E-38
  0.18900000E+02 -0.99215554E-24  0.78048115E-38
  0.19000000E+02 -0.98444372E-24  0.77470110E-38
  0.19100000E+02 -0.97681444E-24  0.76897666E-38
  0.19200000E+02 -0.96926663E-24  0.76330725E-38
  0.19300000E+02 -0.96179926E-24  0.75769231E-38
  0.19400000E+02 -0.95441128E-24  0.75213127E-38
  0.19500000E+02 -0.94710170E-24  0.74662355E-38
  0.19600000E+02 -0.93986950E-24  0.74116859E-38
  0.19700000E+02 -0.93271370E-24  0.73576586E-38
  0.19800000E+02 -0.92563332E-24  0.73041479E-38
  0.19900000E+02 -0.91862741E-24  0.72511483E-38
  0.20000000E+02 -0.91169501E-24  0.71986546E-38
  0.20100000E+02 -0.90483519E-24  0.71466613E-38
  0.20200000E+02 -0.89804703E-24  0.70951632E-38
  0.20300000E+02 -0.89132961E-24  0.70441550E-38
  0.20400000E+02 -0.88468205E-24  0.69936314E-38
  0.20500000E+02 -0.87810345E-24  0.69435874E-38
  0.20600000E+02 -0.87159295E-24  0.68940179E-38
  0.20700000E+02 -0.86514969E-24  0.68449177E-38
  0.20800000E+02 -0.85877281E-24  0.67962818E-38
  0.20900000E+02 -0.85246148E-24  0.67481054E-38
  0.21000000E+02 -0.84621488E-24  0.67003835E-38
  0.21100000E+02 -0.84003219E-24  0.66531113E-38
  0.21200000E+02 -0.83391261E-24  0.66062838E-38
  0.21300000E+02 -0.82785535E-24  0.65598965E-38
  0.21400000E+02 -0.82185963E-24  0.65139444E-38
  0.21500000E+02 -0.81592468E-24  0.64684231E-38
  0.21600000E+02 -0.81004975E-24  0.64233279E-38
  0.21700000E+02 -0.80423408E-24  0.63786541E-38
  0.21800000E+02 -0.79847694E-24  0.63343973E-38
  0.21900000E+02 -0.79277760E-24  0.62905530E-38
  0.22000000E+02 -0.78713535E-24  0.62471167E-38
  0.22100000E+02 -0.78154947E-24  0.62040842E-38
  0.22200000E+02 -0.77601928E-24  0.61614509E-38
  0.22300000E+02 -0.77054408E-24  0.61192127E-38
  0.22400000E+02 -0.76512319E-24  0.60773653E-38
  0.22500000E+02 -0.75975596E-24  0.60359046E-38
  0.22600000E+02 -0.75444171E-24  0.59948262E-38
  0.22700000E+02 -0.74917981E-24  0.59541262E-38
  0.22800000E+02 -0.74396960E-24  0.59138004E-38
  0.22900000E+02 -0.73881046E-24  0.58738449E-38
  0.23000000E+02 -0.73370177E-24  0.58342557E-38
  0.23100000E+02 -0.72864291E-24  0.57950288E-38
  0.23200000E+02 -0.72363327E-24  0.57561603E-38
  0.23300000E+02 -0.71867226E-24  0.57176464E-38
  0.23400000E+02 -0.71375929E-24  0.56794833E-38
  0.23500000E+02 -0.70889378E-24  0.56416672E-38
  0.23600000E+02 -0.70407515E-24  0.56041944E-38
  0.23700000E+02 -0.69930284E-24  0.55670612E-38
  0.23800000E+02 -0.69457630E-24  0.55302640E-38
  0.23900000E+02 -0.68989497E-24  0.54937991E-38
  0.24000000E+02 -0.68525832E-24  0.54576631E-38
  0.24100000E+02 -0.68066580E-24  0.54218524E-38
  0.24200000E+02 -0.67611690E-24  0.53863634E-38
  0.24300000E+02 -0.67161109E-24  0.53511929E-38
  0.24400000E+02 -0.66714786E-24  0.53163373E-38
  0.24500000E+02 -0.66272670E-24  0.52817933E-38
  0.24600000E+02 -0.65834713E-24  0.52475576E-38
  0.24700000E+02 -0.65400863E-24  0.52136269E-38
  0.24800000E+02 -0.64971074E-24  0.51799979E-38
  0.24900000E+02 -0.64545297E-24  0.51466674E-38
  0.25000000E+02 -0.64123485E-24  0.51136323E-38
  0.25100000E+02 -0.63705592E-24  0.50808894E-38
  0.25200000E+02 -0.63291571E-24  0.50484357E-38
  0.25300000E+02 -0.62881378E-24  0.50162679E-38
  0.25400000E+02 -0.62474967E-24  0.49843832E-38
  0.25500000E+02 -0.62072296E-24  0.49527784E-38
  0.25600000E+02 -0.61673320E-24  0.49214507E-38
  0.25700000E+02 -0.61277996E-24  0.48903971E-38
  0.25800000E+02 -0.60886283E-24  0.48596147E-38
  0.25900000E+02 -0.60498138E-24  0.48291006E-38
  0.26000000E+02 -0.60113521E-24  0.47988521E-38
  0.26100000E+02 -0.59732391E-24  0.47688663E-38
  0.26200000E+02 -0.59354708E-24  0.47391404E-38
  0.26300000E+02 -0.58980432E-24  0.47096717E-38
  0.26400000E+02 -0.58609525E-24  0.46804576E-38
  0.26500000E+02 -0.58241948E-24  0.46514953E-38
  0.26600000E+02 -0.57877663E-24  0.46227822E-38
  0.26700000E+02 -0.57516633E-24  0.45943156E-38
  0.26800000E+02 -0.57158821E-24  0.45660931E-38
  0.26900000E+02 -0.56804191E-24  0.45381121E-38
  0.27000000E+02 -0.56452706E-24  0.45103700E-38
  0.27100000E+02 -0.56104331E-24  0.44828643E-38
  0.27200000E+02 -0.55759032E-24  0.44555926E-38
  0.27300000E+02 -0.55416773E-24  0.44285525E-38
  0.27400000E+02 -0.55077521E-24  0.44017415E-38
  0.27500000E+02 -0.54741242E-24  0.43751573E-38
  0.27600000E+02 -0.54407903E-24  0.43487975E-38
  0.27700000E+02 -0.54077472E-24  0.43226598E-38
  0.27800000E+02 -0.53749915E-24  0.42967419E-38
  0.27900000E+02 -0.53425201E-24  0.42710415E-38
  0.28000000E+02 -0.53103299E-24  0.42455564E-38
  0.28100000E+02 -0.52784178E-24  0.42202844E-38
  0.28200000E+02 -0.52467807E-24  0.41952232E-38
  0.28300000E+02 -0.52154155E-24  0.41703708E-38
  0.28400000E+02 -0.51843194E-24  0.41457249E-38
  0.28500000E+02 -0.51534893E-24  0.41212834E-38
  0.28600000E+02 -0.51229224E-24  0.40970444E-38
  0.28700000E+02 -0.50926157E-24  0.40730056E-38
  0.28800000E+02 -0.50625665E-24  0.40491650E-38
  0.28900000E+02 -0.50327720E-24  0.40255207E-38
  0.29000000E+02 -0.50032294E-24  0.40020706E-38
  0.29100000E+02 -0.49739359E-24  0.39788128E-38
  0.29200000E+02 -0.49448890E-24  0.39557452E-38
  0.29300000E+02 -0.49160859E-24  0.39328661E-38
  0.29400000E+02 -0.48875240E-24  0.39101734E-38
  0.29500000E+02 -0.48592008E-24  0.38876653E-38
  0.29600000E+02 -0.48311137E-24  0.38653399E-38
  0.29700000E+02 -0.48032601E-24  0.38431953E-38
  0.29800000E+02 -0.47756376E-24  0.38212299E-38
  0.29900000E+02 -0.47482438E-24  0.37994417E-38
  0.30000000E+02 -0.47210762E-24  0.37778289E-38
  0.30100000E+02 -0.46941323E-24  0.37563899E-38
  0.30200000E+02 -0.46674100E-24  0.37351229E-38
  0.30300000E+02 -0.46409067E-24  0.37140262E-38
  0.30400000E+02 -0.46146203E-24  0.36930980E-38
  0.30500000E+02 -0.45885484E-24  0.36723367E-38
  0.30600000E+02 -0.45626888E-24  0.36517406E-38
  0.30700000E+02 -0.45370393E-24  0.36313081E-38
  0.30800000E+02 -0.45115977E-24  0.36110376E-38
  0.30900000E+02 -0.44863618E-24  0.35909274E-38
  0.31000000E+02 -0.44613295E-24  0.35709760E-38
  0.31100000E+02 -0.44364986E-24  0.35511819E-38
  0.31200000E+02 -0.44118672E-24  0.35315433E-38
  0.31300000E+02 -0.43874331E-24  0.35120590E-38
  0.31400000E+02 -0.43631943E-24  0.34927272E-38
  0.31500000E+02 -0.43391489E-24  0.34735465E-38
  0.31600000E+02 -0.43152947E-24  0.34545155E-38
  0.31700000E+02 -0.42916299E-24  0.34356326E-38
  0.31800000E+02 -0.42681526E-24  0.34168965E-38
  0.31900000E+02 -0.42448608E-24  0.33983057E-38
  0.32000000E+02 -0.42217526E-24  0.33798588E-38
  0.32100000E+02 -0.41988262E-24  0.33615543E-38
  0.32200000E+02 -0.41760797E-24  0.33433909E-38
  0.32300000E+02 -0.41535114E-24  0.33253673E-38
  0.32400000E+02 -0.41311194E-24  0.33074821E-38
  0.32500000E+02 -0.41089019E-24  0.32897339E-38
  0.32600000E+02 -0.40868572E-24  0.32721214E-38
  0.32700000E+02 -0.40649836E-24  0.32546433E-38
  0.32800000E+02 -0.40432794E-24  0.32372984E-38
  0.32900000E+02 -0.40217428E-24  0.32200854E-38
  0.33000000E+02 -0.40003722E-24  0.32030029E-38
  0.33100000E+02 -0.39791660E-24  0.31860497E-38
  0.33200000E+02 -0.39581224E-24  0.31692247E-38
  0.33300000E+02 -0.39372400E-24  0.31525265E-38
  0.33400000E+02 -0.39165172E-24  0.31359540E-38
  0.33500000E+02 -0.38959522E-24  0.31195060E-38
  0.33600000E+02 -0.38755437E-24  0.31031813E-38
  0.33700000E+02 -0.38552900E-24  0.30869788E-38
  0.33800000E+02 -0.38351897E-24  0.30708972E-38
  0.33900000E+02 -0.38152412E-24  0.30549354E-38
  0.34000000E+02 -0.37954431E-24  0.30390924E-38
  0.34100000E+02 -0.37757939E-24  0.30233670E-38
  0.34200000E+02 -0.37562922E-24  0.30077580E-38
  0.34300000E+02 -0.37369365E-24  0.29922644E-38
  0.34400000E+02 -0.37177254E-24  0.29768852E-38
  0.34500000E+02 -0.36986575E-24  0.29616192E-38
  0.34600000E+02 -0.36797315E-24  0.29464653E-38
  0.34700000E+02 -0.36609459E-24  0.29314227E-38
  0.34800000E+02 -0.36422995E-24  0.29164901E-38
  0.34900000E+02 -0.36237909E-24  0.29016666E-38
  0.35000000E+02 -0.36054187E-24  0.28869512E-38
  0.35100000E+02 -0.35871818E-24  0.28723429E-38
  0.35200000E+02 -0.35690787E-24  0.28578407E-38
  0.35300000E+02 -0.35511083E-24  0.28434435E-38
  0.35400000E+02 -0.35332692E-24  0.28291506E-38
  0.35500000E+02 -0.35155603E-24  0.28149608E-38
  0.35600000E+02 -0.34979803E-24  0.28008732E-38
  0.35700000E+02 -0.34805279E-24  0.27868870E-38
  0.35800000E+02 -0.34632021E-24  0.27730011E-38
  0.35900000E+02 -0.34460015E-24  0.27592147E-38
  0.36000000E+02 -0.34289251E-24  0.27455268E-38
  0.36100000E+02 -0.34119716E-24  0.27319366E-38
  0.36200000E+02 -0.33951400E-24  0.27184432E-38
  0.36300000E+02 -0.33784290E-24  0.27050457E-38
  0.36400000E+02 -0.33618376E-24  0.26917432E-38
  0.36500000E+02 -0.33453647E-24  0.26785348E-38
  0.36600000E+02 -0.33290092E-24  0.26654198E-38
  0.36700000E+02 -0.33127699E-24  0.26523972E-38
  0.36800000E+02 -0.32966458E-24  0.26394663E-38
  0.36900000E+02 -0.32806359E-24  0.26266262E-38
  0.37000000E+02 -0.32647391E-24  0.26138762E-38
  0.37100000E+02 -0.32489543E-24  0.26012153E-38
  0.37200000E+02 -0.32332806E-24  0.25886428E-38
  0.37300000E+02 -0.32177170E-24  0.25761580E-38
  0.37400000E+02 -0.32022623E-24  0.25637600E-38
  0.37500000E+02 -0.31869157E-24  0.25514480E-38
  0.37600000E+02 -0.31716762E-24  0.25392214E-38
  0.37700000E+02 -0.31565428E-24  0.25270793E-38
  0.37800000E+02 -0.31415145E-24  0.25150210E-38
  0.37900000E+02 -0.31265903E-24  0.25030458E-38
  0.38000000E+02 -0.31117695E-24  0.24911529E-38
  0.38100000E+02 -0.30970509E-24  0.24793417E-38
  0.38200000E+02 -0.30824338E-24  0.24676113E-38
  0.38300000E+02 -0.30679172E-24  0.24559611E-38
  0.38400000E+02 -0.30535001E-24  0.24443903E-38
  0.38500000E+02 -0.30391818E-24  0.24328984E-38
  0.38600000E+02 -0.30249613E-24  0.24214846E-38
  0.38700000E+02 -0.30108378E-24  0.24101481E-38
  0.38800000E+02 -0.29968104E-24  0.23988885E-38
  0.38900000E+02 -0.29828783E-24  0.23877049E-38
  0.39000000E+02 -0.29690406E-24  0.23765967E-38
  0.39100000E+02 -0.29552965E-24  0.23655633E-38
  0.39200000E+02 -0.29416452E-24  0.23546040E-38
  0.39300000E+02 -0.29280858E-24  0.23437182E-38
  0.39400000E+02 -0.29146175E-24  0.23329053E-38
  0.39500000E+02 -0.29012397E-24  0.23221646E-38
  0.39600000E+02 -0.28879514E-24  0.23114955E-38
  0.39700000E+02 -0.28747518E-24  0.23008974E-38
  0.39800000E+02 -0.28616404E-24  0.22903696E-38
  0.39900000E+02 -0.28486161E-24  0.22799117E-38
  0.40000000E+02 -0.28356784E-24  0.22695230E-38
