  0.00000000E+00 -0.71523544E-25 -0.28911202E-39
  0.10000000E+00 -0.71503692E-25 -0.31110586E-39
  0.20000000E+00 -0.71444202E-25 -0.30606250E-39
  0.30000000E+00 -0.71345275E-25 -0.30565528E-39
  0.40000000E+00 -0.71207242E-25 -0.30788958E-39
  0.50000000E+00 -0.71030564E-25 -0.30134958E-39
  0.60000000E+00 -0.70815823E-25 -0.29910914E-39
  0.70000000E+00 -0.70563723E-25 -0.30155263E-39
  0.80000000E+00 -0.70275076E-25 -0.30428380E-39
  0.90000000E+00 -0.69950802E-25 -0.29177187E-39
  0.10000000E+01 -0.69591917E-25 -0.29790817E-39
  0.11000000E+01 -0.69199525E-25 -0.29370834E-39
  0.12000000E+01 -0.68774807E-25 -0.28427206E-39
  0.13000000E+01 -0.68319015E-25 -0.28598427E-39
  0.14000000E+01 -0.67833461E-25 -0.28712724E-39
  0.15000000E+01 -0.67319507E-25 -0.28251207E-39
  0.16000000E+01 -0.66778555E-25 -0.30003525E-39
  0.17000000E+01 -0.66212036E-25 -0.29085481E-39
  0.18000000E+01 -0.65621406E-25 -0.28202894E-39
  0.19000000E+01 -0.65008131E-25 -0.27721033E-39
  0.20000000E+01 -0.64373683E-25 -0.27297457E-39
  0.21000000E+01 -0.63719530E-25 -0.27254502E-39
  0.22000000E+01 -0.63047131E-25 -0.27024935E-39
  0.23000000E+01 -0.62357926E-25 -0.26316190E-39
  0.24000000E+01 -0.61653332E-25 -0.26331783E-39
  0.25000000E+01 -0.60934740E-25 -0.26481200E-39
  0.26000000E+01 -0.60203505E-25 -0.26268718E-39
  0.27000000E+01 -0.59460946E-25 -0.25064094E-39
  0.28000000E+01 -0.58708342E-25 -0.25418649E-39
  0.29000000E+01 -0.57946929E-25 -0.25533678E-39
  0.30000000E+01 -0.57177894E-25 -0.24534737E-39
  0.31000000E+01 -0.56402381E-25 -0.24795445E-39
  0.32000000E+01 -0.55621484E-25 -0.23948531E-39
  0.33000000E+01 -0.54836245E-25 -0.23747420E-39
  0.34000000E+01 -0.54047660E-25 -0.22701797E-39
  0.35000000E+01 -0.53256672E-25 -0.22939152E-39
  0.36000000E+01 -0.52464176E-25 -0.22410122E-39
  0.37000000E+01 -0.51671017E-25 -0.22424159E-39
  0.38000000E+01 -0.50877993E-25 -0.21174556E-39
  0.39000000E+01 -0.50085853E-25 -0.21196312E-39
  0.40000000E+01 -0.49295301E-25 -0.21543147E-39
  0.41000000E+01 -0.48506997E-25 -0.20534074E-39
  0.42000000E+01 -0.47721555E-25 -0.20166089E-39
  0.43000000E+01 -0.46939549E-25 -0.19743867E-39
  0.44000000E+01 -0.46161513E-25 -0.19793309E-39
  0.45000000E+01 -0.45387941E-25 -0.19317933E-39
  0.46000000E+01 -0.44619293E-25 -0.18877064E-39
  0.47000000E+01 -0.43855990E-25 -0.18441838E-39
  0.48000000E+01 -0.43098420E-25 -0.18471843E-39
  0.49000000E+01 -0.42346943E-25 -0.17795927E-39
  0.50000000E+01 -0.41601883E-25 -0.17324206E-39
  0.51000000E+01 -0.40863539E-25 -0.16891215E-39
  0.52000000E+01 -0.40132182E-25 -0.17249377E-39
  0.53000000E+01 -0.39408056E-25 -0.16408424E-39
  0.54000000E+01 -0.38691383E-25 -0.16399396E-39
  0.55000000E+01 -0.37982359E-25 -0.16063952E-39
  0.56000000E+01 -0.37281161E-25 -0.15962969E-39
  0.57000000E+01 -0.36587946E-25 -0.15198801E-39
  0.58000000E+01 -0.35902850E-25 -0.14778463E-39
  0.59000000E+01 -0.35225992E-25 -0.14521553E-39
  0.60000000E+01 -0.34557476E-25 -0.14638993E-39
  0.61000000E+01 -0.33897386E-25 -0.14009615E-39
  0.62000000E+01 -0.33245797E-25 -0.14163644E-39
  0.63000000E+01 -0.32602765E-25 -0.13642489E-39
  0.64000000E+01 -0.31968338E-25 -0.12943045E-39
  0.65000000E+01 -0.31342548E-25 -0.13327623E-39
  0.66000000E+01 -0.30725418E-25 -0.13083911E-39
  0.67000000E+01 -0.30116961E-25 -0.12881488E-39
  0.68000000E+01 -0.29517179E-25 -0.12832110E-39
  0.69000000E+01 -0.28926065E-25 -0.12141073E-39
  0.70000000E+01 -0.28343606E-25 -0.12253767E-39
  0.71000000E+01 -0.27769779E-25 -0.12120951E-39
  0.72000000E+01 -0.27204555E-25 -0.11474734E-39
  0.73000000E+01 -0.26647897E-25 -0.11474286E-39
  0.74000000E+01 -0.26099764E-25 -0.11343169E-39
  0.75000000E+01 -0.25560107E-25 -0.11482323E-39
  0.76000000E+01 -0.25028875E-25 -0.10710451E-39
  0.77000000E+01 -0.24506008E-25 -0.10989728E-39
  0.78000000E+01 -0.23991446E-25 -0.10292506E-39
  0.79000000E+01 -0.23485122E-25 -0.10418014E-39
  0.80000000E+01 -0.22986967E-25 -0.10096504E-39
  0.81000000E+01 -0.22496908E-25 -0.99287134E-40
  0.82000000E+01 -0.22014868E-25 -0.95213979E-40
  0.83000000E+01 -0.21540770E-25 -0.96461696E-40
  0.84000000E+01 -0.21074532E-25 -0.94387500E-40
  0.85000000E+01 -0.20616071E-25 -0.92505859E-40
  0.86000000E+01 -0.20165301E-25 -0.87390109E-40
  0.87000000E+01 -0.19722136E-25 -0.87293722E-40
  0.88000000E+01 -0.19286488E-25 -0.85621400E-40
  0.89000000E+01 -0.18858266E-25 -0.84462138E-40
  0.90000000E+01 -0.18437379E-25 -0.82457448E-40
  0.91000000E+01 -0.18023736E-25 -0.82061165E-40
  0.92000000E+01 -0.17617244E-25 -0.76161398E-40
  0.93000000E+01 -0.17217809E-25 -0.76459985E-40
  0.94000000E+01 -0.16825338E-25 -0.76634563E-40
  0.95000000E+01 -0.16439736E-25 -0.77233482E-40
  0.96000000E+01 -0.16060909E-25 -0.77437954E-40
  0.97000000E+01 -0.15688762E-25 -0.72733589E-40
  0.98000000E+01 -0.15323200E-25 -0.71539938E-40
  0.99000000E+01 -0.14964129E-25 -0.70748928E-40
  0.10000000E+02 -0.14611454E-25 -0.70192806E-40
  0.10100000E+02 -0.14265081E-25 -0.68984917E-40
  0.10200000E+02 -0.13924915E-25 -0.65019326E-40
  0.10300000E+02 -0.13590864E-25 -0.63850355E-40
  0.10400000E+02 -0.13262834E-25 -0.63555854E-40
  0.10500000E+02 -0.12940732E-25 -0.65371184E-40
  0.10600000E+02 -0.12624466E-25 -0.61426488E-40
  0.10700000E+02 -0.12313946E-25 -0.62182870E-40
  0.10800000E+02 -0.12009079E-25 -0.59608011E-40
  0.10900000E+02 -0.11709777E-25 -0.56003750E-40
  0.11000000E+02 -0.11415950E-25 -0.57241330E-40
  0.11100000E+02 -0.11127509E-25 -0.58735160E-40
  0.11200000E+02 -0.10844368E-25 -0.56911653E-40
  0.11300000E+02 -0.10566438E-25 -0.54252067E-40
  0.11400000E+02 -0.10293635E-25 -0.56265509E-40
  0.11500000E+02 -0.10025873E-25 -0.55243062E-40
  0.11600000E+02 -0.97630689E-26 -0.54628691E-40
  0.11700000E+02 -0.95051390E-26 -0.51668121E-40
  0.11800000E+02 -0.92520017E-26 -0.52125364E-40
  0.11900000E+02 -0.90035757E-26 -0.48603607E-40
  0.12000000E+02 -0.87597812E-26 -0.50997767E-40
  0.12100000E+02 -0.85205391E-26 -0.49578996E-40
  0.12200000E+02 -0.82857714E-26 -0.47769988E-40
  0.12300000E+02 -0.80554012E-26 -0.46183300E-40
  0.12400000E+02 -0.78293527E-26 -0.48010774E-40
  0.12500000E+02 -0.76075509E-26 -0.45954402E-40
  0.12600000E+02 -0.73899221E-26 -0.45472424E-40
  0.12700000E+02 -0.71763936E-26 -0.44877041E-40
  0.12800000E+02 -0.69668936E-26 -0.45721176E-40
  0.12900000E+02 -0.67613516E-26 -0.42609008E-40
  0.13000000E+02 -0.65596979E-26 -0.42825794E-40
  0.13100000E+02 -0.63618641E-26 -0.41998588E-40
  0.13200000E+02 -0.61677825E-26 -0.42033120E-40
  0.13300000E+02 -0.59773868E-26 -0.41227735E-40
  0.13400000E+02 -0.57906115E-26 -0.41140569E-40
  0.13500000E+02 -0.56073922E-26 -0.38947565E-40
  0.13600000E+02 -0.54276655E-26 -0.38965964E-40
  0.13700000E+02 -0.52513691E-26 -0.37371876E-40
  0.13800000E+02 -0.50784416E-26 -0.38066804E-40
  0.13900000E+02 -0.49088227E-26 -0.36820602E-40
  0.14000000E+02 -0.47424528E-26 -0.37615606E-40
  0.14100000E+02 -0.45792737E-26 -0.36310928E-40
  0.14200000E+02 -0.44192279E-26 -0.33820335E-40
  0.14300000E+02 -0.42622589E-26 -0.35691433E-40
  0.14400000E+02 -0.41083112E-26 -0.34850414E-40
  0.14500000E+02 -0.39573301E-26 -0.33890702E-40
  0.14600000E+02 -0.38092621E-26 -0.33692592E-40
  0.14700000E+02 -0.36640543E-26 -0.33849033E-40
  0.14800000E+02 -0.35216549E-26 -0.32663255E-40
  0.14900000E+02 -0.33820129E-26 -0.32438796E-40
  0.15000000E+02 -0.32450782E-26 -0.31740827E-40
  0.15100000E+02 -0.31108017E-26 -0.30874454E-40
  0.15200000E+02 -0.29791349E-26 -0.31356380E-40
  0.15300000E+02 -0.28500304E-26 -0.31329091E-40
  0.15400000E+02 -0.27234415E-26 -0.29565826E-40
  0.15500000E+02 -0.25993222E-26 -0.30899198E-40
  0.15600000E+02 -0.24776276E-26 -0.29441099E-40
  0.15700000E+02 -0.23583134E-26 -0.28400150E-40
  0.15800000E+02 -0.22413361E-26 -0.29479500E-40
  0.15900000E+02 -0.21266530E-26 -0.28155768E-40
  0.16000000E+02 -0.20142222E-26 -0.26608205E-40
  0.16100000E+02 -0.19040025E-26 -0.27861741E-40
  0.16200000E+02 -0.17959535E-26 -0.26880803E-40
  0.16300000E+02 -0.16900354E-26 -0.27274595E-40
  0.16400000E+02 -0.15862092E-26 -0.27797373E-40
  0.16500000E+02 -0.14844366E-26 -0.25077785E-40
  0.16600000E+02 -0.13846799E-26 -0.25535420E-40
  0.16700000E+02 -0.12869023E-26 -0.26262568E-40
  0.16800000E+02 -0.11910675E-26 -0.25529465E-40
  0.16900000E+02 -0.10971399E-26 -0.25563340E-40
  0.17000000E+02 -0.10050844E-26 -0.23894098E-40
  0.17100000E+02 -0.91486679E-27 -0.24050385E-40
  0.17200000E+02 -0.82645334E-27 -0.24417858E-40
  0.17300000E+02 -0.73981094E-27 -0.22854465E-40
  0.17400000E+02 -0.65490711E-27 -0.23762325E-40
  0.17500000E+02 -0.57170995E-27 -0.23011173E-40
  0.17600000E+02 -0.49018813E-27 -0.22753878E-40
  0.17700000E+02 -0.41031091E-27 -0.21981421E-40
  0.17800000E+02 -0.33204811E-27 -0.22183806E-40
  0.17900000E+02 -0.25537010E-27 -0.22439612E-40
  0.18000000E+02 -0.18024779E-27 -0.21202462E-40
  0.18100000E+02 -0.10665261E-27 -0.21687421E-40
  0.18200000E+02 -0.34556546E-28 -0.21801279E-40
  0.18300000E+02  0.36067936E-28 -0.21666557E-40
  0.18400000E+02  0.10524785E-27 -0.20720914E-40
  0.18500000E+02  0.17300971E-27 -0.20781634E-40
  0.18600000E+02  0.23937956E-27 -0.20558227E-40
  0.18700000E+02  0.30438295E-27 -0.19764950E-40
  0.18800000E+02  0.36804497E-27 -0.19033912E-40
  0.18900000E+02  0.43039025E-27 -0.18835832E-40
  0.19000000E+02  0.49144297E-27 -0.20022175E-40
  0.19100000E+02  0.55122685E-27 -0.19346269E-40
  0.19200000E+02  0.60976519E-27 -0.18003971E-40
  0.19300000E+02  0.66708086E-27 -0.17280802E-40
  0.19400000E+02  0.72319631E-27 -0.17934551E-40
  0.19500000E+02  0.77813357E-27 -0.18976522E-40
  0.19600000E+02  0.83191428E-27 -0.18045643E-40
  0.19700000E+02  0.88455968E-27 -0.17348468E-40
  0.19800000E+02  0.93609061E-27 -0.17432769E-40
  0.19900000E+02  0.98652753E-27 -0.16760594E-40
  0.20000000E+02  0.10358905E-26 -0.17194416E-40
  0.20100000E+02  0.10841993E-26 -0.17758410E-40
  0.20200000E+02  0.11314733E-26 -0.16061868E-40
  0.20300000E+02  0.11777314E-26 -0.16658072E-40
  0.20400000E+02  0.12229923E-26 -0.16264483E-40
  0.20500000E+02  0.12672744E-26 -0.16598464E-40
  0.20600000E+02  0.13105956E-26 -0.16906879E-40
  0.20700000E+02  0.13529735E-26 -0.16123379E-40
  0.20800000E+02  0.13944255E-26 -0.15860440E-40
  0.20900000E+02  0.14349686E-26 -0.15160087E-40
  0.21000000E+02  0.14746194E-26 -0.15983428E-40
  0.21100000E+02  0.15133944E-26 -0.15808341E-40
  0.21200000E+02  0.15513097E-26 -0.15772994E-40
  0.21300000E+02  0.15883811E-26 -0.16052615E-40
  0.21400000E+02  0.16246240E-26 -0.14730815E-40
  0.21500000E+02  0.16600537E-26 -0.14251891E-40
  0.21600000E+02  0.16946852E-26 -0.14250266E-40
  0.21700000E+02  0.17285331E-26 -0.14200102E-40
  0.21800000E+02  0.17616118E-26 -0.14538993E-40
  0.21900000E+02  0.17939354E-26 -0.13931585E-40
  0.22000000E+02  0.18255179E-26 -0.13548735E-40
  0.22100000E+02  0.18563729E-26 -0.13525589E-40
  0.22200000E+02  0.18865138E-26 -0.13152523E-40
  0.22300000E+02  0.19159536E-26 -0.12206788E-40
  0.22400000E+02  0.19447054E-26 -0.13618564E-40
  0.22500000E+02  0.19727818E-26 -0.13217894E-40
  0.22600000E+02  0.20001951E-26 -0.13362964E-40
  0.22700000E+02  0.20269577E-26 -0.12236290E-40
  0.22800000E+02  0.20530815E-26 -0.13050098E-40
  0.22900000E+02  0.20785782E-26 -0.13454602E-40
  0.23000000E+02  0.21034595E-26 -0.12170055E-40
  0.23100000E+02  0.21277367E-26 -0.12813562E-40
  0.23200000E+02  0.21514209E-26 -0.12595693E-40
  0.23300000E+02  0.21745231E-26 -0.12603858E-40
  0.23400000E+02  0.21970540E-26 -0.12148556E-40
  0.23500000E+02  0.22190241E-26 -0.11620919E-40
  0.23600000E+02  0.22404438E-26 -0.11822234E-40
  0.23700000E+02  0.22613233E-26 -0.11152228E-40
  0.23800000E+02  0.22816726E-26 -0.12056767E-40
  0.23900000E+02  0.23015014E-26 -0.10838298E-40
  0.24000000E+02  0.23208194E-26 -0.10808066E-40
  0.24100000E+02  0.23396361E-26 -0.11550599E-40
  0.24200000E+02  0.23579606E-26 -0.11368021E-40
  0.24300000E+02  0.23758022E-26 -0.11799894E-40
  0.24400000E+02  0.23931698E-26 -0.10945643E-40
  0.24500000E+02  0.24100722E-26 -0.11381671E-40
  0.24600000E+02  0.24265179E-26 -0.11239526E-40
  0.24700000E+02  0.24425155E-26 -0.10492694E-40
  0.24800000E+02  0.24580733E-26 -0.10344549E-40
  0.24900000E+02  0.24731995E-26 -0.10074294E-40
  0.25000000E+02  0.24879021E-26 -0.99967472E-41
  0.25100000E+02  0.25021889E-26 -0.10893724E-40
  0.25200000E+02  0.25160678E-26 -0.10396640E-40
  0.25300000E+02  0.25295462E-26 -0.97036333E-41
  0.25400000E+02  0.25426317E-26 -0.10465393E-40
  0.25500000E+02  0.25553317E-26 -0.10538811E-40
  0.25600000E+02  0.25676532E-26 -0.97773903E-41
  0.25700000E+02  0.25796034E-26 -0.10159169E-40
  0.25800000E+02  0.25911891E-26 -0.99857656E-41
  0.25900000E+02  0.26024173E-26 -0.91034491E-41
  0.26000000E+02  0.26132946E-26 -0.98653829E-41
  0.26100000E+02  0.26238276E-26 -0.96670348E-41
  0.26200000E+02  0.26340228E-26 -0.96608902E-41
  0.26300000E+02  0.26438864E-26 -0.89164484E-41
  0.26400000E+02  0.26534247E-26 -0.97959084E-41
  0.26500000E+02  0.26626439E-26 -0.90103946E-41
  0.26600000E+02  0.26715499E-26 -0.93335789E-41
  0.26700000E+02  0.26801486E-26 -0.98645530E-41
  0.26800000E+02  0.26884458E-26 -0.86635795E-41
  0.26900000E+02  0.26964473E-26 -0.88659688E-41
  0.27000000E+02  0.27041586E-26 -0.85268065E-41
  0.27100000E+02  0.27115851E-26 -0.83230331E-41
  0.27200000E+02  0.27187324E-26 -0.86165011E-41
  0.27300000E+02  0.27256056E-26 -0.87513820E-41
  0.27400000E+02  0.27322100E-26 -0.79094987E-41
  0.27500000E+02  0.27385506E-26 -0.80001104E-41
  0.27600000E+02  0.27446326E-26 -0.79138019E-41
  0.27700000E+02  0.27504608E-26 -0.84359020E-41
  0.27800000E+02  0.27560400E-26 -0.75763537E-41
  0.27900000E+02  0.27613751E-26 -0.76251954E-41
  0.28000000E+02  0.27664707E-26 -0.84872934E-41
  0.28100000E+02  0.27713313E-26 -0.79350189E-41
  0.28200000E+02  0.27759615E-26 -0.80523885E-41
  0.28300000E+02  0.27803657E-26 -0.81699020E-41
  0.28400000E+02  0.27845482E-26 -0.75203933E-41
  0.28500000E+02  0.27885133E-26 -0.73870628E-41
  0.28600000E+02  0.27922652E-26 -0.75247226E-41
  0.28700000E+02  0.27958080E-26 -0.75316759E-41
  0.28800000E+02  0.27991458E-26 -0.76474143E-41
  0.28900000E+02  0.28022825E-26 -0.73849893E-41
  0.29000000E+02  0.28052221E-26 -0.69151378E-41
  0.29100000E+02  0.28079683E-26 -0.71289463E-41
  0.29200000E+02  0.28105249E-26 -0.76800556E-41
  0.29300000E+02  0.28128956E-26 -0.71118362E-41
  0.29400000E+02  0.28150841E-26 -0.72942755E-41
  0.29500000E+02  0.28170939E-26 -0.70204219E-41
  0.29600000E+02  0.28189285E-26 -0.70779102E-41
  0.29700000E+02  0.28205914E-26 -0.72257397E-41
  0.29800000E+02  0.28220859E-26 -0.65275054E-41
  0.29900000E+02  0.28234154E-26 -0.68296064E-41
  0.30000000E+02  0.28245831E-26 -0.64853854E-41
  0.30100000E+02  0.28255922E-26 -0.68058455E-41
  0.30200000E+02  0.28264459E-26 -0.67657032E-41
  0.30300000E+02  0.28271473E-26 -0.68185753E-41
  0.30400000E+02  0.28276993E-26 -0.65233935E-41
  0.30500000E+02  0.28281051E-26 -0.66793855E-41
  0.30600000E+02  0.28283674E-26 -0.71211604E-41
  0.30700000E+02  0.28284892E-26 -0.67819686E-41
  0.30800000E+02  0.28284734E-26 -0.66678508E-41
  0.30900000E+02  0.28283226E-26 -0.67302008E-41
  0.31000000E+02  0.28280396E-26 -0.64719429E-41
  0.31100000E+02  0.28276271E-26 -0.67309581E-41
  0.31200000E+02  0.28270878E-26 -0.61641438E-41
  0.31300000E+02  0.28264241E-26 -0.62103768E-41
  0.31400000E+02  0.28256387E-26 -0.61934861E-41
  0.31500000E+02  0.28247341E-26 -0.60270427E-41
  0.31600000E+02  0.28237126E-26 -0.60037772E-41
  0.31700000E+02  0.28225767E-26 -0.59321271E-41
  0.31800000E+02  0.28213288E-26 -0.59123346E-41
  0.31900000E+02  0.28199712E-26 -0.59411578E-41
  0.32000000E+02  0.28185061E-26 -0.62361754E-41
  0.32100000E+02  0.28169358E-26 -0.59302003E-41
  0.32200000E+02  0.28152625E-26 -0.55280502E-41
  0.32300000E+02  0.28134884E-26 -0.60762445E-41
  0.32400000E+02  0.28116156E-26 -0.58224395E-41
  0.32500000E+02  0.28096461E-26 -0.59075872E-41
  0.32600000E+02  0.28075820E-26 -0.54286741E-41
  0.32700000E+02  0.28054254E-26 -0.52759636E-41
  0.32800000E+02  0.28031782E-26 -0.55752441E-41
  0.32900000E+02  0.28008423E-26 -0.57262351E-41
  0.33000000E+02  0.27984197E-26 -0.51516595E-41
  0.33100000E+02  0.27959122E-26 -0.58212907E-41
  0.33200000E+02  0.27933217E-26 -0.51863273E-41
  0.33300000E+02  0.27906499E-26 -0.57839007E-41
  0.33400000E+02  0.27878987E-26 -0.56899549E-41
  0.33500000E+02  0.27850697E-26 -0.53653851E-41
  0.33600000E+02  0.27821648E-26 -0.52687085E-41
  0.33700000E+02  0.27791856E-26 -0.52150748E-41
  0.33800000E+02  0.27761337E-26 -0.53932191E-41
  0.33900000E+02  0.27730107E-26 -0.54697944E-41
  0.34000000E+02  0.27698183E-26 -0.55492068E-41
  0.34100000E+02  0.27665580E-26 -0.53056606E-41
  0.34200000E+02  0.27632314E-26 -0.51419133E-41
  0.34300000E+02  0.27598400E-26 -0.51180625E-41
  0.34400000E+02  0.27563851E-26 -0.50088317E-41
  0.34500000E+02  0.27528684E-26 -0.50860176E-41
  0.34600000E+02  0.27492912E-26 -0.49375140E-41
  0.34700000E+02  0.27456550E-26 -0.47234770E-41
  0.34800000E+02  0.27419611E-26 -0.46094263E-41
  0.34900000E+02  0.27382109E-26 -0.49981639E-41
  0.35000000E+02  0.27344056E-26 -0.45702102E-41
  0.35100000E+02  0.27305467E-26 -0.48904987E-41
  0.35200000E+02  0.27266354E-26 -0.47194091E-41
  0.35300000E+02  0.27226730E-26 -0.45034658E-41
  0.35400000E+02  0.27186606E-26 -0.47870442E-41
  0.35500000E+02  0.27145996E-26 -0.48694383E-41
  0.35600000E+02  0.27104910E-26 -0.48344151E-41
  0.35700000E+02  0.27063362E-26 -0.46501821E-41
  0.35800000E+02  0.27021362E-26 -0.44241816E-41
  0.35900000E+02  0.26978922E-26 -0.46703570E-41
  0.36000000E+02  0.26936052E-26 -0.46902216E-41
  0.36100000E+02  0.26892764E-26 -0.44974182E-41
  0.36200000E+02  0.26849069E-26 -0.46461270E-41
  0.36300000E+02  0.26804977E-26 -0.43224279E-41
  0.36400000E+02  0.26760497E-26 -0.44523235E-41
  0.36500000E+02  0.26715642E-26 -0.43408049E-41
  0.36600000E+02  0.26670420E-26 -0.43427208E-41
  0.36700000E+02  0.26624841E-26 -0.41052638E-41
  0.36800000E+02  0.26578914E-26 -0.43253018E-41
  0.36900000E+02  0.26532650E-26 -0.40534599E-41
  0.37000000E+02  0.26486058E-26 -0.41189213E-41
  0.37100000E+02  0.26439146E-26 -0.41318182E-41
  0.37200000E+02  0.26391924E-26 -0.41727124E-41
  0.37300000E+02  0.26344400E-26 -0.41364730E-41
  0.37400000E+02  0.26296583E-26 -0.41371084E-41
  0.37500000E+02  0.26248482E-26 -0.42863293E-41
  0.37600000E+02  0.26200104E-26 -0.41856581E-41
  0.37700000E+02  0.26151458E-26 -0.43130419E-41
  0.37800000E+02  0.26102552E-26 -0.41950502E-41
  0.37900000E+02  0.26053394E-26 -0.41193232E-41
  0.38000000E+02  0.26003991E-26 -0.38593812E-41
  0.38100000E+02  0.25954351E-26 -0.39866320E-41
  0.38200000E+02  0.25904482E-26 -0.41237532E-41
  0.38300000E+02  0.25854390E-26 -0.41102303E-41
  0.38400000E+02  0.25804083E-26 -0.37562909E-41
  0.38500000E+02  0.25753569E-26 -0.39152969E-41
  0.38600000E+02  0.25702853E-26 -0.36913587E-41
  0.38700000E+02  0.25651943E-26 -0.38476278E-41
  0.38800000E+02  0.25600845E-26 -0.36320717E-41
  0.38900000E+02  0.25549566E-26 -0.38760393E-41
  0.39000000E+02  0.25498112E-26 -0.38132493E-41
  0.39100000E+02  0.25446490E-26 -0.36781840E-41
  0.39200000E+02  0.25394706E-26 -0.38595178E-41
  0.39300000E+02  0.25342765E-26 -0.40182085E-41
  0.39400000E+02  0.25290675E-26 -0.37343709E-41
  0.39500000E+02  0.25238439E-26 -0.36575310E-41
  0.39600000E+02  0.25186066E-26 -0.36633264E-41
  0.39700000E+02  0.25133559E-26 -0.38577335E-41
  0.39800000E+02  0.25080924E-26 -0.35761459E-41
  0.39900000E+02  0.25028168E-26 -0.33891591E-41
  0.40000000E+02  0.24975294E-26 -0.34614153E-41
