  0.00000000E+00 -0.63551795E-24 -0.10787447E-37
  0.10000000E+00 -0.63479266E-24 -0.10783229E-37
  0.20000000E+00 -0.63261999E-24 -0.10889658E-37
  0.30000000E+00 -0.62900943E-24 -0.10899243E-37
  0.40000000E+00 -0.62397671E-24 -0.10686832E-37
  0.50000000E+00 -0.61754363E-24 -0.10654471E-37
  0.60000000E+00 -0.60973787E-24 -0.10878770E-37
  0.70000000E+00 -0.60059268E-24 -0.10712436E-37
  0.80000000E+00 -0.59014662E-24 -0.10751053E-37
  0.90000000E+00 -0.57844315E-24 -0.10320496E-37
  0.10000000E+01 -0.56553028E-24 -0.10336169E-37
  0.11000000E+01 -0.55146011E-24 -0.10227086E-37
  0.12000000E+01 -0.53628836E-24 -0.10360626E-37
  0.13000000E+01 -0.52007397E-24 -0.10083068E-37
  0.14000000E+01 -0.50287853E-24 -0.10031161E-37
  0.15000000E+01 -0.48476588E-24 -0.97992257E-38
  0.16000000E+01 -0.46580154E-24 -0.97331214E-38
  0.17000000E+01 -0.44605232E-24 -0.95412714E-38
  0.18000000E+01 -0.42558579E-24 -0.94800149E-38
  0.19000000E+01 -0.40446987E-24 -0.94672980E-38
  0.20000000E+01 -0.38277240E-24 -0.95145998E-38
  0.21000000E+01 -0.36056074E-24 -0.92817173E-38
  0.22000000E+01 -0.33790144E-24 -0.91263223E-38
  0.23000000E+01 -0.31485983E-24 -0.90647794E-38
  0.24000000E+01 -0.29149979E-24 -0.88202820E-38
  0.25000000E+01 -0.26788343E-24 -0.87921604E-38
  0.26000000E+01 -0.24407090E-24 -0.86905585E-38
  0.27000000E+01 -0.22012011E-24 -0.84733263E-38
  0.28000000E+01 -0.19608667E-24 -0.83105729E-38
  0.29000000E+01 -0.17202362E-24 -0.83557434E-38
  0.30000000E+01 -0.14798143E-24 -0.79556301E-38
  0.31000000E+01 -0.12400785E-24 -0.79711799E-38
  0.32000000E+01 -0.10014790E-24 -0.78706886E-38
  0.33000000E+01 -0.76443786E-25 -0.76708462E-38
  0.34000000E+01 -0.52934937E-25 -0.75230080E-38
  0.35000000E+01 -0.29657995E-25 -0.74951420E-38
  0.36000000E+01 -0.66468482E-26 -0.73373918E-38
  0.37000000E+01  0.16067328E-25 -0.72090332E-38
  0.38000000E+01  0.38456008E-25 -0.71374106E-38
  0.39000000E+01  0.60493249E-25 -0.68717796E-38
  0.40000000E+01  0.82155611E-25 -0.67996312E-38
  0.41000000E+01  0.10342207E-24 -0.67215124E-38
  0.42000000E+01  0.12427391E-24 -0.65547887E-38
  0.43000000E+01  0.14469465E-24 -0.64949323E-38
  0.44000000E+01  0.16466991E-24 -0.64146050E-38
  0.45000000E+01  0.18418734E-24 -0.63023285E-38
  0.46000000E+01  0.20323646E-24 -0.62016301E-38
  0.47000000E+01  0.22180862E-24 -0.61054934E-38
  0.48000000E+01  0.23989684E-24 -0.59921993E-38
  0.49000000E+01  0.25749573E-24 -0.60008696E-38
  0.50000000E+01  0.27460136E-24 -0.58214666E-38
  0.51000000E+01  0.29121119E-24 -0.57087389E-38
  0.52000000E+01  0.30732396E-24 -0.57642757E-38
  0.53000000E+01  0.32293959E-24 -0.56242226E-38
  0.54000000E+01  0.33805908E-24 -0.54906869E-38
  0.55000000E+01  0.35268443E-24 -0.54537548E-38
  0.56000000E+01  0.36681858E-24 -0.53834309E-38
  0.57000000E+01  0.38046527E-24 -0.53202695E-38
  0.58000000E+01  0.39362903E-24 -0.52433690E-38
  0.59000000E+01  0.40631504E-24 -0.50623170E-38
  0.60000000E+01  0.41852913E-24 -0.50500449E-38
  0.61000000E+01  0.43027766E-24 -0.49240976E-38
  0.62000000E+01  0.44156748E-24 -0.49087384E-38
  0.63000000E+01  0.45240590E-24 -0.48082860E-38
  0.64000000E+01  0.46280056E-24 -0.47653190E-38
  0.65000000E+01  0.47275948E-24 -0.46903398E-38
  0.66000000E+01  0.48229093E-24 -0.47241493E-38
  0.67000000E+01  0.49140343E-24 -0.46264257E-38
  0.68000000E+01  0.50010569E-24 -0.45437091E-38
  0.69000000E+01  0.50840659E-24 -0.45154591E-38
  0.70000000E+01  0.51631515E-24 -0.44064259E-38
  0.71000000E+01  0.52384045E-24 -0.43837441E-38
  0.72000000E+01  0.53099166E-24 -0.42613336E-38
  0.73000000E+01  0.53777800E-24 -0.42480773E-38
  0.74000000E+01  0.54420868E-24 -0.42141683E-38
  0.75000000E+01  0.55029292E-24 -0.41122376E-38
  0.76000000E+01  0.55603991E-24 -0.41479572E-38
  0.77000000E+01  0.56145880E-24 -0.40560747E-38
  0.78000000E+01  0.56655866E-24 -0.40107660E-38
  0.79000000E+01  0.57134849E-24 -0.39655939E-38
  0.80000000E+01  0.57583722E-24 -0.38734514E-38
  0.81000000E+01  0.58003366E-24 -0.38503950E-38
  0.82000000E+01  0.58394651E-24 -0.38648807E-38
  0.83000000E+01  0.58758435E-24 -0.37810313E-38
  0.84000000E+01  0.59095563E-24 -0.38017900E-38
  0.85000000E+01  0.59406867E-24 -0.36338012E-38
  0.86000000E+01  0.59693162E-24 -0.36776305E-38
  0.87000000E+01  0.59955253E-24 -0.35531713E-38
  0.88000000E+01  0.60193925E-24 -0.35551781E-38
  0.89000000E+01  0.60409951E-24 -0.35384976E-38
  0.90000000E+01  0.60604085E-24 -0.34337504E-38
  0.91000000E+01  0.60777067E-24 -0.34471990E-38
  0.92000000E+01  0.60929620E-24 -0.33664248E-38
  0.93000000E+01  0.61062450E-24 -0.33553537E-38
  0.94000000E+01  0.61176249E-24 -0.33456679E-38
  0.95000000E+01  0.61271689E-24 -0.32757736E-38
  0.96000000E+01  0.61349428E-24 -0.33306824E-38
  0.97000000E+01  0.61410107E-24 -0.31903608E-38
  0.98000000E+01  0.61454349E-24 -0.31988379E-38
  0.99000000E+01  0.61482764E-24 -0.31492382E-38
  0.10000000E+02  0.61495943E-24 -0.31004867E-38
  0.10100000E+02  0.61494462E-24 -0.30401800E-38
  0.10200000E+02  0.61478882E-24 -0.30473134E-38
  0.10300000E+02  0.61449748E-24 -0.30226823E-38
  0.10400000E+02  0.61407589E-24 -0.30420666E-38
  0.10500000E+02  0.61352920E-24 -0.29962467E-38
  0.10600000E+02  0.61286240E-24 -0.29093724E-38
  0.10700000E+02  0.61208035E-24 -0.29122581E-38
  0.10800000E+02  0.61118775E-24 -0.28849570E-38
  0.10900000E+02  0.61018917E-24 -0.28896903E-38
  0.11000000E+02  0.60908904E-24 -0.28784921E-38
  0.11100000E+02  0.60789166E-24 -0.28048788E-38
  0.11200000E+02  0.60660118E-24 -0.27081062E-38
  0.11300000E+02  0.60522165E-24 -0.27459576E-38
  0.11400000E+02  0.60375696E-24 -0.27458509E-38
  0.11500000E+02  0.60221090E-24 -0.26926011E-38
  0.11600000E+02  0.60058713E-24 -0.26737146E-38
  0.11700000E+02  0.59888921E-24 -0.25976417E-38
  0.11800000E+02  0.59712056E-24 -0.26366006E-38
  0.11900000E+02  0.59528450E-24 -0.25927155E-38
  0.12000000E+02  0.59338425E-24 -0.25975009E-38
  0.12100000E+02  0.59142290E-24 -0.25508807E-38
  0.12200000E+02  0.58940346E-24 -0.25284054E-38
  0.12300000E+02  0.58732882E-24 -0.25028908E-38
  0.12400000E+02  0.58520181E-24 -0.24882807E-38
  0.12500000E+02  0.58302511E-24 -0.24206084E-38
  0.12600000E+02  0.58080135E-24 -0.24094742E-38
  0.12700000E+02  0.57853305E-24 -0.23589244E-38
  0.12800000E+02  0.57622265E-24 -0.24077478E-38
  0.12900000E+02  0.57387250E-24 -0.23709950E-38
  0.13000000E+02  0.57148488E-24 -0.23631430E-38
  0.13100000E+02  0.56906197E-24 -0.23210414E-38
  0.13200000E+02  0.56660590E-24 -0.23277308E-38
  0.13300000E+02  0.56411869E-24 -0.22664952E-38
  0.13400000E+02  0.56160231E-24 -0.22568485E-38
  0.13500000E+02  0.55905867E-24 -0.22473555E-38
  0.13600000E+02  0.55648957E-24 -0.22243658E-38
  0.13700000E+02  0.55389679E-24 -0.21953709E-38
  0.13800000E+02  0.55128202E-24 -0.21437294E-38
  0.13900000E+02  0.54864688E-24 -0.21627631E-38
  0.14000000E+02  0.54599296E-24 -0.21284882E-38
  0.14100000E+02  0.54332176E-24 -0.21159674E-38
  0.14200000E+02  0.54063474E-24 -0.21336164E-38
  0.14300000E+02  0.53793330E-24 -0.20672657E-38
  0.14400000E+02  0.53521879E-24 -0.20603346E-38
  0.14500000E+02  0.53249250E-24 -0.20748565E-38
  0.14600000E+02  0.52975568E-24 -0.20850141E-38
  0.14700000E+02  0.52700954E-24 -0.20395722E-38
  0.14800000E+02  0.52425521E-24 -0.20163502E-38
  0.14900000E+02  0.52149381E-24 -0.19881956E-38
  0.15000000E+02  0.51872640E-24 -0.19559071E-38
  0.15100000E+02  0.51595400E-24 -0.19848171E-38
  0.15200000E+02  0.51317758E-24 -0.19261895E-38
  0.15300000E+02  0.51039810E-24 -0.19087206E-38
  0.15400000E+02  0.50761644E-24 -0.19077643E-38
  0.15500000E+02  0.50483348E-24 -0.18700356E-38
  0.15600000E+02  0.50205004E-24 -0.18575008E-38
  0.15700000E+02  0.49926692E-24 -0.18369853E-38
  0.15800000E+02  0.49648488E-24 -0.18483178E-38
  0.15900000E+02  0.49370465E-24 -0.18100446E-38
  0.16000000E+02  0.49092693E-24 -0.17905008E-38
  0.16100000E+02  0.48815238E-24 -0.18142854E-38
  0.16200000E+02  0.48538164E-24 -0.17583151E-38
  0.16300000E+02  0.48261533E-24 -0.17626418E-38
  0.16400000E+02  0.47985403E-24 -0.17399167E-38
  0.16500000E+02  0.47709830E-24 -0.17338493E-38
  0.16600000E+02  0.47434866E-24 -0.17054203E-38
  0.16700000E+02  0.47160564E-24 -0.16979668E-38
  0.16800000E+02  0.46886971E-24 -0.16926537E-38
  0.16900000E+02  0.46614134E-24 -0.16639028E-38
  0.17000000E+02  0.46342096E-24 -0.16622968E-38
  0.17100000E+02  0.46070901E-24 -0.16308002E-38
  0.17200000E+02  0.45800587E-24 -0.16273581E-38
  0.17300000E+02  0.45531193E-24 -0.16257511E-38
  0.17400000E+02  0.45262754E-24 -0.16011218E-38
  0.17500000E+02  0.44995306E-24 -0.15889249E-38
  0.17600000E+02  0.44728881E-24 -0.15861672E-38
  0.17700000E+02  0.44463509E-24 -0.15803200E-38
  0.17800000E+02  0.44199220E-24 -0.15551668E-38
  0.17900000E+02  0.43936041E-24 -0.15585195E-38
  0.18000000E+02  0.43673999E-24 -0.15400285E-38
  0.18100000E+02  0.43413118E-24 -0.15298645E-38
  0.18200000E+02  0.43153422E-24 -0.14934956E-38
  0.18300000E+02  0.42894932E-24 -0.15084758E-38
  0.18400000E+02  0.42637670E-24 -0.14631034E-38
  0.18500000E+02  0.42381654E-24 -0.14595079E-38
  0.18600000E+02  0.42126902E-24 -0.14731812E-38
  0.18700000E+02  0.41873433E-24 -0.14300801E-38
  0.18800000E+02  0.41621261E-24 -0.14289005E-38
  0.18900000E+02  0.41370402E-24 -0.14154726E-38
  0.19000000E+02  0.41120869E-24 -0.14320673E-38
  0.19100000E+02  0.40872675E-24 -0.14280242E-38
  0.19200000E+02  0.40625832E-24 -0.13991510E-38
  0.19300000E+02  0.40380351E-24 -0.14060884E-38
  0.19400000E+02  0.40136243E-24 -0.13873507E-38
  0.19500000E+02  0.39893515E-24 -0.13777215E-38
  0.19600000E+02  0.39652177E-24 -0.13461317E-38
  0.19700000E+02  0.39412236E-24 -0.13494757E-38
  0.19800000E+02  0.39173699E-24 -0.13475085E-38
  0.19900000E+02  0.38936572E-24 -0.13091339E-38
  0.20000000E+02  0.38700861E-24 -0.13260923E-38
  0.20100000E+02  0.38466571E-24 -0.13058047E-38
  0.20200000E+02  0.38233705E-24 -0.13000530E-38
  0.20300000E+02  0.38002267E-24 -0.13172118E-38
  0.20400000E+02  0.37772260E-24 -0.12783425E-38
  0.20500000E+02  0.37543686E-24 -0.12658866E-38
  0.20600000E+02  0.37316548E-24 -0.12568521E-38
  0.20700000E+02  0.37090846E-24 -0.12513557E-38
  0.20800000E+02  0.36866581E-24 -0.12418132E-38
  0.20900000E+02  0.36643754E-24 -0.12427242E-38
  0.21000000E+02  0.36422364E-24 -0.12252039E-38
  0.21100000E+02  0.36202412E-24 -0.12040481E-38
  0.21200000E+02  0.35983895E-24 -0.12016784E-38
  0.21300000E+02  0.35766813E-24 -0.12130602E-38
  0.21400000E+02  0.35551165E-24 -0.11830720E-38
  0.21500000E+02  0.35336946E-24 -0.11627333E-38
  0.21600000E+02  0.35124156E-24 -0.11634335E-38
  0.21700000E+02  0.34912792E-24 -0.11445490E-38
  0.21800000E+02  0.34702850E-24 -0.11525333E-38
  0.21900000E+02  0.34494327E-24 -0.11457784E-38
  0.22000000E+02  0.34287219E-24 -0.11352469E-38
  0.22100000E+02  0.34081523E-24 -0.11191678E-38
  0.22200000E+02  0.33877234E-24 -0.11229956E-38
  0.22300000E+02  0.33674347E-24 -0.11105138E-38
  0.22400000E+02  0.33472858E-24 -0.11148503E-38
  0.22500000E+02  0.33272762E-24 -0.10983234E-38
  0.22600000E+02  0.33074054E-24 -0.10799466E-38
  0.22700000E+02  0.32876728E-24 -0.10968376E-38
  0.22800000E+02  0.32680779E-24 -0.10776304E-38
  0.22900000E+02  0.32486201E-24 -0.10649656E-38
  0.23000000E+02  0.32292988E-24 -0.10705222E-38
  0.23100000E+02  0.32101134E-24 -0.10505821E-38
  0.23200000E+02  0.31910633E-24 -0.10467468E-38
  0.23300000E+02  0.31721479E-24 -0.10403182E-38
  0.23400000E+02  0.31533664E-24 -0.10298857E-38
  0.23500000E+02  0.31347182E-24 -0.10345612E-38
  0.23600000E+02  0.31162028E-24 -0.10313737E-38
  0.23700000E+02  0.30978192E-24 -0.10096145E-38
  0.23800000E+02  0.30795669E-24 -0.99674009E-39
  0.23900000E+02  0.30614452E-24 -0.99868824E-39
  0.24000000E+02  0.30434533E-24 -0.98757009E-39
  0.24100000E+02  0.30255905E-24 -0.97788751E-39
  0.24200000E+02  0.30078561E-24 -0.97212053E-39
  0.24300000E+02  0.29902493E-24 -0.96200353E-39
  0.24400000E+02  0.29727693E-24 -0.96264546E-39
  0.24500000E+02  0.29554155E-24 -0.95002528E-39
  0.24600000E+02  0.29381870E-24 -0.96210161E-39
  0.24700000E+02  0.29210832E-24 -0.95430751E-39
  0.24800000E+02  0.29041031E-24 -0.94663826E-39
  0.24900000E+02  0.28872461E-24 -0.94013373E-39
  0.25000000E+02  0.28705113E-24 -0.92704351E-39
  0.25100000E+02  0.28538979E-24 -0.92712712E-39
  0.25200000E+02  0.28374053E-24 -0.91596282E-39
  0.25300000E+02  0.28210325E-24 -0.91059095E-39
  0.25400000E+02  0.28047789E-24 -0.90996989E-39
  0.25500000E+02  0.27886435E-24 -0.89605325E-39
  0.25600000E+02  0.27726256E-24 -0.89904003E-39
  0.25700000E+02  0.27567245E-24 -0.87114918E-39
  0.25800000E+02  0.27409392E-24 -0.89767317E-39
  0.25900000E+02  0.27252690E-24 -0.86754346E-39
  0.26000000E+02  0.27097132E-24 -0.86290403E-39
  0.26100000E+02  0.26942708E-24 -0.86196883E-39
  0.26200000E+02  0.26789411E-24 -0.86867197E-39
  0.26300000E+02  0.26637233E-24 -0.84936879E-39
  0.26400000E+02  0.26486167E-24 -0.84396511E-39
  0.26500000E+02  0.26336203E-24 -0.84029282E-39
  0.26600000E+02  0.26187334E-24 -0.83216112E-39
  0.26700000E+02  0.26039552E-24 -0.82765515E-39
  0.26800000E+02  0.25892849E-24 -0.83437208E-39
  0.26900000E+02  0.25747217E-24 -0.82488852E-39
  0.27000000E+02  0.25602648E-24 -0.81914643E-39
  0.27100000E+02  0.25459135E-24 -0.81133236E-39
  0.27200000E+02  0.25316669E-24 -0.80016200E-39
  0.27300000E+02  0.25175243E-24 -0.79361958E-39
  0.27400000E+02  0.25034848E-24 -0.80517714E-39
  0.27500000E+02  0.24895477E-24 -0.78721053E-39
  0.27600000E+02  0.24757122E-24 -0.77293012E-39
  0.27700000E+02  0.24619776E-24 -0.78683822E-39
  0.27800000E+02  0.24483430E-24 -0.77780902E-39
  0.27900000E+02  0.24348077E-24 -0.77444039E-39
  0.28000000E+02  0.24213710E-24 -0.77940399E-39
  0.28100000E+02  0.24080320E-24 -0.76684673E-39
  0.28200000E+02  0.23947901E-24 -0.76191528E-39
  0.28300000E+02  0.23816444E-24 -0.76491638E-39
  0.28400000E+02  0.23685942E-24 -0.74747386E-39
  0.28500000E+02  0.23556387E-24 -0.74571761E-39
  0.28600000E+02  0.23427773E-24 -0.74659458E-39
  0.28700000E+02  0.23300092E-24 -0.73930278E-39
  0.28800000E+02  0.23173336E-24 -0.73434084E-39
  0.28900000E+02  0.23047498E-24 -0.73393275E-39
  0.29000000E+02  0.22922571E-24 -0.72861783E-39
  0.29100000E+02  0.22798547E-24 -0.72079679E-39
  0.29200000E+02  0.22675420E-24 -0.72243193E-39
  0.29300000E+02  0.22553182E-24 -0.70543484E-39
  0.29400000E+02  0.22431827E-24 -0.71535810E-39
  0.29500000E+02  0.22311346E-24 -0.70555736E-39
  0.29600000E+02  0.22191733E-24 -0.70369238E-39
  0.29700000E+02  0.22072982E-24 -0.70083625E-39
  0.29800000E+02  0.21955085E-24 -0.69737527E-39
  0.29900000E+02  0.21838035E-24 -0.69252128E-39
  0.30000000E+02  0.21721825E-24 -0.68477157E-39
  0.30100000E+02  0.21606449E-24 -0.68702687E-39
  0.30200000E+02  0.21491900E-24 -0.68397962E-39
  0.30300000E+02  0.21378172E-24 -0.67452995E-39
  0.30400000E+02  0.21265257E-24 -0.66566846E-39
  0.30500000E+02  0.21153148E-24 -0.66764546E-39
  0.30600000E+02  0.21041841E-24 -0.66085669E-39
  0.30700000E+02  0.20931327E-24 -0.66117809E-39
  0.30800000E+02  0.20821601E-24 -0.64639682E-39
  0.30900000E+02  0.20712655E-24 -0.64702558E-39
  0.31000000E+02  0.20604485E-24 -0.65269916E-39
  0.31100000E+02  0.20497082E-24 -0.64718221E-39
  0.31200000E+02  0.20390442E-24 -0.64229960E-39
  0.31300000E+02  0.20284558E-24 -0.64060697E-39
  0.31400000E+02  0.20179423E-24 -0.63460889E-39
  0.31500000E+02  0.20075032E-24 -0.63437302E-39
  0.31600000E+02  0.19971378E-24 -0.62837679E-39
  0.31700000E+02  0.19868455E-24 -0.62379972E-39
  0.31800000E+02  0.19766258E-24 -0.61641527E-39
  0.31900000E+02  0.19664781E-24 -0.60966381E-39
  0.32000000E+02  0.19564017E-24 -0.61492482E-39
  0.32100000E+02  0.19463960E-24 -0.60161037E-39
  0.32200000E+02  0.19364606E-24 -0.61024205E-39
  0.32300000E+02  0.19265947E-24 -0.59758320E-39
  0.32400000E+02  0.19167979E-24 -0.59163530E-39
  0.32500000E+02  0.19070696E-24 -0.59224151E-39
  0.32600000E+02  0.18974091E-24 -0.59808508E-39
  0.32700000E+02  0.18878161E-24 -0.58575555E-39
  0.32800000E+02  0.18782898E-24 -0.58176873E-39
  0.32900000E+02  0.18688298E-24 -0.58616924E-39
  0.33000000E+02  0.18594354E-24 -0.57975248E-39
  0.33100000E+02  0.18501063E-24 -0.56694261E-39
  0.33200000E+02  0.18408418E-24 -0.56982655E-39
  0.33300000E+02  0.18316413E-24 -0.57799157E-39
  0.33400000E+02  0.18225045E-24 -0.57550858E-39
  0.33500000E+02  0.18134307E-24 -0.56116475E-39
  0.33600000E+02  0.18044194E-24 -0.56061026E-39
  0.33700000E+02  0.17954701E-24 -0.55560947E-39
  0.33800000E+02  0.17865824E-24 -0.55799913E-39
  0.33900000E+02  0.17777556E-24 -0.55090733E-39
  0.34000000E+02  0.17689894E-24 -0.54628019E-39
  0.34100000E+02  0.17602831E-24 -0.55539045E-39
  0.34200000E+02  0.17516364E-24 -0.54927309E-39
  0.34300000E+02  0.17430487E-24 -0.53964213E-39
  0.34400000E+02  0.17345195E-24 -0.52918559E-39
  0.34500000E+02  0.17260484E-24 -0.53434492E-39
  0.34600000E+02  0.17176349E-24 -0.52799030E-39
  0.34700000E+02  0.17092785E-24 -0.53673525E-39
  0.34800000E+02  0.17009788E-24 -0.52116911E-39
  0.34900000E+02  0.16927352E-24 -0.53055705E-39
  0.35000000E+02  0.16845474E-24 -0.52679475E-39
  0.35100000E+02  0.16764148E-24 -0.51592049E-39
  0.35200000E+02  0.16683371E-24 -0.51702620E-39
  0.35300000E+02  0.16603137E-24 -0.51881628E-39
  0.35400000E+02  0.16523443E-24 -0.50664825E-39
  0.35500000E+02  0.16444283E-24 -0.50622056E-39
  0.35600000E+02  0.16365654E-24 -0.49801546E-39
  0.35700000E+02  0.16287551E-24 -0.49865989E-39
  0.35800000E+02  0.16209971E-24 -0.50591812E-39
  0.35900000E+02  0.16132907E-24 -0.50168549E-39
  0.36000000E+02  0.16056358E-24 -0.49497573E-39
  0.36100000E+02  0.15980317E-24 -0.48681477E-39
  0.36200000E+02  0.15904782E-24 -0.48777083E-39
  0.36300000E+02  0.15829748E-24 -0.48973351E-39
  0.36400000E+02  0.15755211E-24 -0.49798446E-39
  0.36500000E+02  0.15681167E-24 -0.48356586E-39
  0.36600000E+02  0.15607612E-24 -0.48564070E-39
  0.36700000E+02  0.15534541E-24 -0.48415109E-39
  0.36800000E+02  0.15461952E-24 -0.47789055E-39
  0.36900000E+02  0.15389841E-24 -0.47509913E-39
  0.37000000E+02  0.15318202E-24 -0.47068993E-39
  0.37100000E+02  0.15247034E-24 -0.47098874E-39
  0.37200000E+02  0.15176331E-24 -0.46882666E-39
  0.37300000E+02  0.15106090E-24 -0.46567445E-39
  0.37400000E+02  0.15036307E-24 -0.46518722E-39
  0.37500000E+02  0.14966979E-24 -0.46496125E-39
  0.37600000E+02  0.14898103E-24 -0.45831046E-39
  0.37700000E+02  0.14829673E-24 -0.45732195E-39
  0.37800000E+02  0.14761687E-24 -0.45497351E-39
  0.37900000E+02  0.14694142E-24 -0.45476959E-39
  0.38000000E+02  0.14627033E-24 -0.44747134E-39
  0.38100000E+02  0.14560358E-24 -0.45022027E-39
  0.38200000E+02  0.14494112E-24 -0.45357688E-39
  0.38300000E+02  0.14428293E-24 -0.44277297E-39
  0.38400000E+02  0.14362897E-24 -0.44617209E-39
  0.38500000E+02  0.14297920E-24 -0.44015903E-39
  0.38600000E+02  0.14233359E-24 -0.43754927E-39
  0.38700000E+02  0.14169212E-24 -0.43480521E-39
  0.38800000E+02  0.14105474E-24 -0.43816678E-39
  0.38900000E+02  0.14042143E-24 -0.42812449E-39
  0.39000000E+02  0.13979214E-24 -0.42653625E-39
  0.39100000E+02  0.13916686E-24 -0.42813838E-39
  0.39200000E+02  0.13854555E-24 -0.42464950E-39
  0.39300000E+02  0.13792817E-24 -0.43053478E-39
  0.39400000E+02  0.13731470E-24 -0.41761334E-39
  0.39500000E+02  0.13670511E-24 -0.42180740E-39
  0.39600000E+02  0.13609936E-24 -0.42315489E-39
  0.39700000E+02  0.13549743E-24 -0.41968136E-39
  0.39800000E+02  0.13489928E-24 -0.41377349E-39
  0.39900000E+02  0.13430488E-24 -0.40978520E-39
  0.40000000E+02  0.13371421E-24 -0.40873204E-39
