  0.00000000E+00 -0.54470885E-21  0.13782416E-37
  0.10000000E+00 -0.54452929E-21  0.13643482E-37
  0.20000000E+00 -0.54399137E-21  0.13277808E-37
  0.30000000E+00 -0.54309740E-21  0.13492179E-37
  0.40000000E+00 -0.54185120E-21  0.13486506E-37
  0.50000000E+00 -0.54025805E-21  0.13421596E-37
  0.60000000E+00 -0.53832465E-21  0.13381068E-37
  0.70000000E+00 -0.53605904E-21  0.12915198E-37
  0.80000000E+00 -0.53347049E-21  0.13182226E-37
  0.90000000E+00 -0.53056944E-21  0.13062054E-37
  0.10000000E+01 -0.52736739E-21  0.13103084E-37
  0.11000000E+01 -0.52387675E-21  0.13068452E-37
  0.12000000E+01 -0.52011076E-21  0.13033914E-37
  0.13000000E+01 -0.51608336E-21  0.12490524E-37
  0.14000000E+01 -0.51180906E-21  0.12857343E-37
  0.15000000E+01 -0.50730280E-21  0.12654273E-37
  0.16000000E+01 -0.50257987E-21  0.12489148E-37
  0.17000000E+01 -0.49765575E-21  0.12297556E-37
  0.18000000E+01 -0.49254604E-21  0.12128135E-37
  0.19000000E+01 -0.48726632E-21  0.11997711E-37
  0.20000000E+01 -0.48183207E-21  0.11974092E-37
  0.21000000E+01 -0.47625858E-21  0.11860799E-37
  0.22000000E+01 -0.47056084E-21  0.11629569E-37
  0.23000000E+01 -0.46475354E-21  0.11654342E-37
  0.24000000E+01 -0.45885090E-21  0.11132552E-37
  0.25000000E+01 -0.45286673E-21  0.11449968E-37
  0.26000000E+01 -0.44681428E-21  0.10717013E-37
  0.27000000E+01 -0.44070628E-21  0.11031533E-37
  0.28000000E+01 -0.43455488E-21  0.10865444E-37
  0.29000000E+01 -0.42837162E-21  0.10628778E-37
  0.30000000E+01 -0.42216741E-21  0.10673156E-37
  0.31000000E+01 -0.41595255E-21  0.10449704E-37
  0.32000000E+01 -0.40973673E-21  0.10367358E-37
  0.33000000E+01 -0.40352897E-21  0.10049641E-37
  0.34000000E+01 -0.39733771E-21  0.10091736E-37
  0.35000000E+01 -0.39117076E-21  0.97889789E-38
  0.36000000E+01 -0.38503534E-21  0.97332111E-38
  0.37000000E+01 -0.37893809E-21  0.95061891E-38
  0.38000000E+01 -0.37288509E-21  0.94310219E-38
  0.39000000E+01 -0.36688189E-21  0.90524490E-38
  0.40000000E+01 -0.36093351E-21  0.90733245E-38
  0.41000000E+01 -0.35504449E-21  0.88648194E-38
  0.42000000E+01 -0.34921890E-21  0.90314243E-38
  0.43000000E+01 -0.34346035E-21  0.87791265E-38
  0.44000000E+01 -0.33777205E-21  0.86055277E-38
  0.45000000E+01 -0.33215681E-21  0.84472984E-38
  0.46000000E+01 -0.32661707E-21  0.84694185E-38
  0.47000000E+01 -0.32115492E-21  0.81048913E-38
  0.48000000E+01 -0.31577213E-21  0.80985470E-38
  0.49000000E+01 -0.31047017E-21  0.80406567E-38
  0.50000000E+01 -0.30525023E-21  0.80127441E-38
  0.51000000E+01 -0.30011323E-21  0.78231327E-38
  0.52000000E+01 -0.29505988E-21  0.74626565E-38
  0.53000000E+01 -0.29009064E-21  0.75611610E-38
  0.54000000E+01 -0.28520580E-21  0.74740377E-38
  0.55000000E+01 -0.28040544E-21  0.72744691E-38
  0.56000000E+01 -0.27568950E-21  0.71884097E-38
  0.57000000E+01 -0.27105773E-21  0.72396377E-38
  0.58000000E+01 -0.26650978E-21  0.70931541E-38
  0.59000000E+01 -0.26204516E-21  0.69766158E-38
  0.60000000E+01 -0.25766326E-21  0.68791277E-38
  0.61000000E+01 -0.25336339E-21  0.68285402E-38
  0.62000000E+01 -0.24914476E-21  0.67820677E-38
  0.63000000E+01 -0.24500649E-21  0.65007372E-38
  0.64000000E+01 -0.24094766E-21  0.64953863E-38
  0.65000000E+01 -0.23696725E-21  0.64470639E-38
  0.66000000E+01 -0.23306423E-21  0.62365871E-38
  0.67000000E+01 -0.22923749E-21  0.62629397E-38
  0.68000000E+01 -0.22548590E-21  0.61745821E-38
  0.69000000E+01 -0.22180829E-21  0.61092560E-38
  0.70000000E+01 -0.21820346E-21  0.60214436E-38
  0.71000000E+01 -0.21467021E-21  0.58429713E-38
  0.72000000E+01 -0.21120729E-21  0.58779160E-38
  0.73000000E+01 -0.20781346E-21  0.57628676E-38
  0.74000000E+01 -0.20448748E-21  0.56971376E-38
  0.75000000E+01 -0.20122806E-21  0.56672203E-38
  0.76000000E+01 -0.19803397E-21  0.54845878E-38
  0.77000000E+01 -0.19490393E-21  0.54775298E-38
  0.78000000E+01 -0.19183670E-21  0.55257430E-38
  0.79000000E+01 -0.18883101E-21  0.54080544E-38
  0.80000000E+01 -0.18588563E-21  0.53690322E-38
  0.81000000E+01 -0.18299933E-21  0.51689819E-38
  0.82000000E+01 -0.18017089E-21  0.51654576E-38
  0.83000000E+01 -0.17739909E-21  0.50030380E-38
  0.84000000E+01 -0.17468274E-21  0.50552209E-38
  0.85000000E+01 -0.17202067E-21  0.49680703E-38
  0.86000000E+01 -0.16941171E-21  0.49049532E-38
  0.87000000E+01 -0.16685472E-21  0.48208330E-38
  0.88000000E+01 -0.16434857E-21  0.47419761E-38
  0.89000000E+01 -0.16189215E-21  0.47971779E-38
  0.90000000E+01 -0.15948437E-21  0.47112176E-38
  0.91000000E+01 -0.15712416E-21  0.46389993E-38
  0.92000000E+01 -0.15481047E-21  0.46138754E-38
  0.93000000E+01 -0.15254227E-21  0.45110620E-38
  0.94000000E+01 -0.15031854E-21  0.45493194E-38
  0.95000000E+01 -0.14813830E-21  0.44325797E-38
  0.96000000E+01 -0.14600056E-21  0.44138689E-38
  0.97000000E+01 -0.14390439E-21  0.43653028E-38
  0.98000000E+01 -0.14184884E-21  0.43325123E-38
  0.99000000E+01 -0.13983301E-21  0.42891292E-38
  0.10000000E+02 -0.13785600E-21  0.41748459E-38
  0.10100000E+02 -0.13591694E-21  0.41943495E-38
  0.10200000E+02 -0.13401498E-21  0.41200864E-38
  0.10300000E+02 -0.13214928E-21  0.40344352E-38
  0.10400000E+02 -0.13031902E-21  0.40137691E-38
  0.10500000E+02 -0.12852341E-21  0.40427177E-38
  0.10600000E+02 -0.12676167E-21  0.39271823E-38
  0.10700000E+02 -0.12503304E-21  0.39192211E-38
  0.10800000E+02 -0.12333678E-21  0.37984700E-38
  0.10900000E+02 -0.12167216E-21  0.38812824E-38
  0.11000000E+02 -0.12003846E-21  0.37301265E-38
  0.11100000E+02 -0.11843501E-21  0.37902091E-38
  0.11200000E+02 -0.11686113E-21  0.37052900E-38
  0.11300000E+02 -0.11531615E-21  0.36707960E-38
  0.11400000E+02 -0.11379943E-21  0.36137804E-38
  0.11500000E+02 -0.11231035E-21  0.36165781E-38
  0.11600000E+02 -0.11084830E-21  0.35912753E-38
  0.11700000E+02 -0.10941266E-21  0.35471922E-38
  0.11800000E+02 -0.10800287E-21  0.34475996E-38
  0.11900000E+02 -0.10661836E-21  0.34871224E-38
  0.12000000E+02 -0.10525856E-21  0.34676970E-38
  0.12100000E+02 -0.10392294E-21  0.34271427E-38
  0.12200000E+02 -0.10261096E-21  0.33982380E-38
  0.12300000E+02 -0.10132212E-21  0.32961982E-38
  0.12400000E+02 -0.10005591E-21  0.32853580E-38
  0.12500000E+02 -0.98811839E-22  0.32536784E-38
  0.12600000E+02 -0.97589428E-22  0.31741872E-38
  0.12700000E+02 -0.96388211E-22  0.31582742E-38
  0.12800000E+02 -0.95207732E-22  0.31267099E-38
  0.12900000E+02 -0.94047547E-22  0.30689578E-38
  0.13000000E+02 -0.92907223E-22  0.30701877E-38
  0.13100000E+02 -0.91786336E-22  0.30898489E-38
  0.13200000E+02 -0.90684474E-22  0.30613260E-38
  0.13300000E+02 -0.89601235E-22  0.29931609E-38
  0.13400000E+02 -0.88536225E-22  0.30387777E-38
  0.13500000E+02 -0.87489061E-22  0.29215226E-38
  0.13600000E+02 -0.86459370E-22  0.29410359E-38
  0.13700000E+02 -0.85446786E-22  0.28874992E-38
  0.13800000E+02 -0.84450954E-22  0.28701422E-38
  0.13900000E+02 -0.83471525E-22  0.28479449E-38
  0.14000000E+02 -0.82508161E-22  0.28197765E-38
  0.14100000E+02 -0.81560531E-22  0.27803161E-38
  0.14200000E+02 -0.80628311E-22  0.27749300E-38
  0.14300000E+02 -0.79711187E-22  0.27538974E-38
  0.14400000E+02 -0.78808850E-22  0.27014275E-38
  0.14500000E+02 -0.77921001E-22  0.26978500E-38
  0.14600000E+02 -0.77047345E-22  0.26788141E-38
  0.14700000E+02 -0.76187597E-22  0.26592428E-38
  0.14800000E+02 -0.75341477E-22  0.26403226E-38
  0.14900000E+02 -0.74508712E-22  0.26300928E-38
  0.15000000E+02 -0.73689036E-22  0.26055679E-38
  0.15100000E+02 -0.72882188E-22  0.25750001E-38
  0.15200000E+02 -0.72087913E-22  0.25573214E-38
  0.15300000E+02 -0.71305965E-22  0.24761127E-38
  0.15400000E+02 -0.70536101E-22  0.24816770E-38
  0.15500000E+02 -0.69778083E-22  0.24527994E-38
  0.15600000E+02 -0.69031680E-22  0.24398661E-38
  0.15700000E+02 -0.68296667E-22  0.24009873E-38
  0.15800000E+02 -0.67572822E-22  0.23638916E-38
  0.15900000E+02 -0.66859931E-22  0.23709235E-38
  0.16000000E+02 -0.66157781E-22  0.23292347E-38
  0.16100000E+02 -0.65466168E-22  0.23267896E-38
  0.16200000E+02 -0.64784891E-22  0.22841495E-38
  0.16300000E+02 -0.64113751E-22  0.23346977E-38
  0.16400000E+02 -0.63452558E-22  0.22840694E-38
  0.16500000E+02 -0.62801123E-22  0.22714841E-38
  0.16600000E+02 -0.62159264E-22  0.22362284E-38
  0.16700000E+02 -0.61526799E-22  0.22256881E-38
  0.16800000E+02 -0.60903554E-22  0.21494693E-38
  0.16900000E+02 -0.60289357E-22  0.21871287E-38
  0.17000000E+02 -0.59684041E-22  0.21482327E-38
  0.17100000E+02 -0.59087441E-22  0.21453442E-38
  0.17200000E+02 -0.58499398E-22  0.21419042E-38
  0.17300000E+02 -0.57919753E-22  0.20830126E-38
  0.17400000E+02 -0.57348354E-22  0.20867747E-38
  0.17500000E+02 -0.56785050E-22  0.20917189E-38
  0.17600000E+02 -0.56229696E-22  0.20526619E-38
  0.17700000E+02 -0.55682146E-22  0.20442270E-38
  0.17800000E+02 -0.55142261E-22  0.20187597E-38
  0.17900000E+02 -0.54609903E-22  0.19840504E-38
  0.18000000E+02 -0.54084938E-22  0.19798707E-38
  0.18100000E+02 -0.53567235E-22  0.19957280E-38
  0.18200000E+02 -0.53056663E-22  0.19572807E-38
  0.18300000E+02 -0.52553097E-22  0.19094456E-38
  0.18400000E+02 -0.52056415E-22  0.19115913E-38
  0.18500000E+02 -0.51566494E-22  0.19164095E-38
  0.18600000E+02 -0.51083217E-22  0.18871161E-38
  0.18700000E+02 -0.50606469E-22  0.18894264E-38
  0.18800000E+02 -0.50136135E-22  0.18435425E-38
  0.18900000E+02 -0.49672105E-22  0.18373895E-38
  0.19000000E+02 -0.49214271E-22  0.18099194E-38
  0.19100000E+02 -0.48762525E-22  0.18113055E-38
  0.19200000E+02 -0.48316765E-22  0.18146160E-38
  0.19300000E+02 -0.47876887E-22  0.18034609E-38
  0.19400000E+02 -0.47442792E-22  0.17871760E-38
  0.19500000E+02 -0.47014382E-22  0.17439836E-38
  0.19600000E+02 -0.46591561E-22  0.17837673E-38
  0.19700000E+02 -0.46174236E-22  0.17333312E-38
  0.19800000E+02 -0.45762314E-22  0.17345929E-38
  0.19900000E+02 -0.45355705E-22  0.16985552E-38
  0.20000000E+02 -0.44954320E-22  0.17040298E-38
  0.20100000E+02 -0.44558075E-22  0.16872707E-38
  0.20200000E+02 -0.44166882E-22  0.16948918E-38
  0.20300000E+02 -0.43780660E-22  0.16575989E-38
  0.20400000E+02 -0.43399327E-22  0.16437105E-38
  0.20500000E+02 -0.43022803E-22  0.16352353E-38
  0.20600000E+02 -0.42651010E-22  0.16034863E-38
  0.20700000E+02 -0.42283871E-22  0.16164067E-38
  0.20800000E+02 -0.41921311E-22  0.16044155E-38
  0.20900000E+02 -0.41563256E-22  0.15892625E-38
  0.21000000E+02 -0.41209634E-22  0.15775368E-38
  0.21100000E+02 -0.40860373E-22  0.15761805E-38
  0.21200000E+02 -0.40515406E-22  0.15401005E-38
  0.21300000E+02 -0.40174662E-22  0.15386339E-38
  0.21400000E+02 -0.39838076E-22  0.15480043E-38
  0.21500000E+02 -0.39505582E-22  0.15202226E-38
  0.21600000E+02 -0.39177115E-22  0.15126793E-38
  0.21700000E+02 -0.38852612E-22  0.14938418E-38
  0.21800000E+02 -0.38532013E-22  0.14984664E-38
  0.21900000E+02 -0.38215255E-22  0.14661158E-38
  0.22000000E+02 -0.37902279E-22  0.14638601E-38
  0.22100000E+02 -0.37593027E-22  0.14606249E-38
  0.22200000E+02 -0.37287441E-22  0.14494852E-38
  0.22300000E+02 -0.36985466E-22  0.14235983E-38
  0.22400000E+02 -0.36687045E-22  0.14247796E-38
  0.22500000E+02 -0.36392125E-22  0.14157034E-38
  0.22600000E+02 -0.36100653E-22  0.13931935E-38
  0.22700000E+02 -0.35812576E-22  0.14030008E-38
  0.22800000E+02 -0.35527843E-22  0.13739561E-38
  0.22900000E+02 -0.35246404E-22  0.13683742E-38
  0.23000000E+02 -0.34968209E-22  0.13595798E-38
  0.23100000E+02 -0.34693211E-22  0.13627373E-38
  0.23200000E+02 -0.34421360E-22  0.13442240E-38
  0.23300000E+02 -0.34152611E-22  0.13276798E-38
  0.23400000E+02 -0.33886918E-22  0.13411219E-38
  0.23500000E+02 -0.33624235E-22  0.13113179E-38
  0.23600000E+02 -0.33364518E-22  0.13133455E-38
  0.23700000E+02 -0.33107725E-22  0.13165166E-38
  0.23800000E+02 -0.32853811E-22  0.13023630E-38
  0.23900000E+02 -0.32602736E-22  0.12917115E-38
  0.24000000E+02 -0.32354458E-22  0.12680704E-38
  0.24100000E+02 -0.32108936E-22  0.12622416E-38
  0.24200000E+02 -0.31866131E-22  0.12407798E-38
  0.24300000E+02 -0.31626004E-22  0.12435626E-38
  0.24400000E+02 -0.31388517E-22  0.12377189E-38
  0.24500000E+02 -0.31153631E-22  0.12485550E-38
  0.24600000E+02 -0.30921310E-22  0.12108721E-38
  0.24700000E+02 -0.30691517E-22  0.12150773E-38
  0.24800000E+02 -0.30464216E-22  0.12145171E-38
  0.24900000E+02 -0.30239374E-22  0.11962456E-38
  0.25000000E+02 -0.30016954E-22  0.11861751E-38
  0.25100000E+02 -0.29796922E-22  0.11777530E-38
  0.25200000E+02 -0.29579247E-22  0.11782928E-38
  0.25300000E+02 -0.29363894E-22  0.11727221E-38
  0.25400000E+02 -0.29150832E-22  0.11634361E-38
  0.25500000E+02 -0.28940028E-22  0.11439311E-38
  0.25600000E+02 -0.28731453E-22  0.11391606E-38
  0.25700000E+02 -0.28525074E-22  0.11451211E-38
  0.25800000E+02 -0.28320862E-22  0.11424422E-38
  0.25900000E+02 -0.28118788E-22  0.11149956E-38
  0.26000000E+02 -0.27918821E-22  0.11061054E-38
  0.26100000E+02 -0.27720934E-22  0.11068674E-38
  0.26200000E+02 -0.27525099E-22  0.10979388E-38
  0.26300000E+02 -0.27331287E-22  0.10744383E-38
  0.26400000E+02 -0.27139472E-22  0.10902936E-38
  0.26500000E+02 -0.26949627E-22  0.10854743E-38
  0.26600000E+02 -0.26761724E-22  0.10761755E-38
  0.26700000E+02 -0.26575740E-22  0.10739113E-38
  0.26800000E+02 -0.26391647E-22  0.10577918E-38
  0.26900000E+02 -0.26209421E-22  0.10510184E-38
  0.27000000E+02 -0.26029037E-22  0.10489343E-38
  0.27100000E+02 -0.25850471E-22  0.10453659E-38
  0.27200000E+02 -0.25673699E-22  0.10197729E-38
  0.27300000E+02 -0.25498697E-22  0.10197014E-38
  0.27400000E+02 -0.25325443E-22  0.10184117E-38
  0.27500000E+02 -0.25153914E-22  0.10132841E-38
  0.27600000E+02 -0.24984087E-22  0.10102570E-38
  0.27700000E+02 -0.24815940E-22  0.99491993E-39
  0.27800000E+02 -0.24649451E-22  0.10061532E-38
  0.27900000E+02 -0.24484600E-22  0.97642919E-39
  0.28000000E+02 -0.24321365E-22  0.98057429E-39
  0.28100000E+02 -0.24159725E-22  0.96792016E-39
  0.28200000E+02 -0.23999661E-22  0.95821774E-39
  0.28300000E+02 -0.23841152E-22  0.97308623E-39
  0.28400000E+02 -0.23684178E-22  0.95569962E-39
  0.28500000E+02 -0.23528720E-22  0.95356660E-39
  0.28600000E+02 -0.23374759E-22  0.95999875E-39
  0.28700000E+02 -0.23222276E-22  0.93925187E-39
  0.28800000E+02 -0.23071252E-22  0.94226886E-39
  0.28900000E+02 -0.22921670E-22  0.93771335E-39
  0.29000000E+02 -0.22773511E-22  0.91833147E-39
  0.29100000E+02 -0.22626758E-22  0.92841344E-39
  0.29200000E+02 -0.22481393E-22  0.92501129E-39
  0.29300000E+02 -0.22337399E-22  0.90775648E-39
  0.29400000E+02 -0.22194759E-22  0.89037203E-39
  0.29500000E+02 -0.22053457E-22  0.89620101E-39
  0.29600000E+02 -0.21913476E-22  0.89512933E-39
  0.29700000E+02 -0.21774800E-22  0.87557776E-39
  0.29800000E+02 -0.21637413E-22  0.88426791E-39
  0.29900000E+02 -0.21501299E-22  0.88035453E-39
  0.30000000E+02 -0.21366443E-22  0.87944478E-39
  0.30100000E+02 -0.21232830E-22  0.86770865E-39
  0.30200000E+02 -0.21100445E-22  0.86918891E-39
  0.30300000E+02 -0.20969273E-22  0.85549673E-39
  0.30400000E+02 -0.20839300E-22  0.84927803E-39
  0.30500000E+02 -0.20710510E-22  0.85180055E-39
  0.30600000E+02 -0.20582891E-22  0.83945270E-39
  0.30700000E+02 -0.20456428E-22  0.83842880E-39
  0.30800000E+02 -0.20331107E-22  0.83385157E-39
  0.30900000E+02 -0.20206915E-22  0.82982034E-39
  0.31000000E+02 -0.20083839E-22  0.82894958E-39
  0.31100000E+02 -0.19961866E-22  0.81459706E-39
  0.31200000E+02 -0.19840982E-22  0.80941258E-39
  0.31300000E+02 -0.19721175E-22  0.80377313E-39
  0.31400000E+02 -0.19602433E-22  0.80244974E-39
  0.31500000E+02 -0.19484742E-22  0.81189653E-39
  0.31600000E+02 -0.19368091E-22  0.79116259E-39
  0.31700000E+02 -0.19252468E-22  0.79164055E-39
  0.31800000E+02 -0.19137860E-22  0.78289181E-39
  0.31900000E+02 -0.19024257E-22  0.78359713E-39
  0.32000000E+02 -0.18911647E-22  0.76758871E-39
  0.32100000E+02 -0.18800017E-22  0.78037417E-39
  0.32200000E+02 -0.18689358E-22  0.77421912E-39
  0.32300000E+02 -0.18579658E-22  0.76397759E-39
  0.32400000E+02 -0.18470906E-22  0.75854509E-39
  0.32500000E+02 -0.18363092E-22  0.75937265E-39
  0.32600000E+02 -0.18256204E-22  0.74664848E-39
  0.32700000E+02 -0.18150233E-22  0.74776544E-39
  0.32800000E+02 -0.18045168E-22  0.74293154E-39
  0.32900000E+02 -0.17940999E-22  0.74278171E-39
  0.33000000E+02 -0.17837715E-22  0.74051268E-39
  0.33100000E+02 -0.17735308E-22  0.73065452E-39
  0.33200000E+02 -0.17633767E-22  0.72670077E-39
  0.33300000E+02 -0.17533083E-22  0.72870768E-39
  0.33400000E+02 -0.17433246E-22  0.72554432E-39
  0.33500000E+02 -0.17334247E-22  0.72304370E-39
  0.33600000E+02 -0.17236077E-22  0.70518750E-39
  0.33700000E+02 -0.17138726E-22  0.71078098E-39
  0.33800000E+02 -0.17042186E-22  0.70605363E-39
  0.33900000E+02 -0.16946447E-22  0.70586027E-39
  0.34000000E+02 -0.16851502E-22  0.70084341E-39
  0.34100000E+02 -0.16757341E-22  0.69941860E-39
  0.34200000E+02 -0.16663956E-22  0.69829140E-39
  0.34300000E+02 -0.16571338E-22  0.69611580E-39
  0.34400000E+02 -0.16479480E-22  0.68593313E-39
  0.34500000E+02 -0.16388373E-22  0.68655271E-39
  0.34600000E+02 -0.16298008E-22  0.67009843E-39
  0.34700000E+02 -0.16208379E-22  0.67105307E-39
  0.34800000E+02 -0.16119477E-22  0.67143218E-39
  0.34900000E+02 -0.16031295E-22  0.66706453E-39
  0.35000000E+02 -0.15943824E-22  0.66108450E-39
  0.35100000E+02 -0.15857057E-22  0.65811556E-39
  0.35200000E+02 -0.15770988E-22  0.66284246E-39
  0.35300000E+02 -0.15685608E-22  0.65241458E-39
  0.35400000E+02 -0.15600910E-22  0.64711329E-39
  0.35500000E+02 -0.15516887E-22  0.66000500E-39
  0.35600000E+02 -0.15433533E-22  0.65006517E-39
  0.35700000E+02 -0.15350839E-22  0.63378790E-39
  0.35800000E+02 -0.15268800E-22  0.63722120E-39
  0.35900000E+02 -0.15187408E-22  0.64361029E-39
  0.36000000E+02 -0.15106656E-22  0.62795218E-39
  0.36100000E+02 -0.15026539E-22  0.62641612E-39
  0.36200000E+02 -0.14947049E-22  0.62104753E-39
  0.36300000E+02 -0.14868180E-22  0.62329965E-39
  0.36400000E+02 -0.14789926E-22  0.62750580E-39
  0.36500000E+02 -0.14712280E-22  0.60653429E-39
  0.36600000E+02 -0.14635236E-22  0.60628563E-39
  0.36700000E+02 -0.14558789E-22  0.60483509E-39
  0.36800000E+02 -0.14482931E-22  0.60761955E-39
  0.36900000E+02 -0.14407658E-22  0.61008700E-39
  0.37000000E+02 -0.14332962E-22  0.59618974E-39
  0.37100000E+02 -0.14258839E-22  0.60199910E-39
  0.37200000E+02 -0.14185282E-22  0.59356371E-39
  0.37300000E+02 -0.14112286E-22  0.58970072E-39
  0.37400000E+02 -0.14039845E-22  0.58343642E-39
  0.37500000E+02 -0.13967954E-22  0.58637070E-39
  0.37600000E+02 -0.13896607E-22  0.58595551E-39
  0.37700000E+02 -0.13825798E-22  0.58482651E-39
  0.37800000E+02 -0.13755523E-22  0.57481628E-39
  0.37900000E+02 -0.13685776E-22  0.57342616E-39
  0.38000000E+02 -0.13616552E-22  0.57476302E-39
  0.38100000E+02 -0.13547846E-22  0.57539581E-39
  0.38200000E+02 -0.13479652E-22  0.56867227E-39
  0.38300000E+02 -0.13411966E-22  0.55717214E-39
  0.38400000E+02 -0.13344783E-22  0.57077409E-39
  0.38500000E+02 -0.13278097E-22  0.55925256E-39
  0.38600000E+02 -0.13211904E-22  0.55771113E-39
  0.38700000E+02 -0.13146199E-22  0.55639231E-39
  0.38800000E+02 -0.13080978E-22  0.55523119E-39
  0.38900000E+02 -0.13016235E-22  0.55216955E-39
  0.39000000E+02 -0.12951966E-22  0.54629034E-39
  0.39100000E+02 -0.12888167E-22  0.53798621E-39
  0.39200000E+02 -0.12824833E-22  0.53868609E-39
  0.39300000E+02 -0.12761959E-22  0.53931150E-39
  0.39400000E+02 -0.12699542E-22  0.53450722E-39
  0.39500000E+02 -0.12637576E-22  0.52998257E-39
  0.39600000E+02 -0.12576057E-22  0.53669067E-39
  0.39700000E+02 -0.12514982E-22  0.52648846E-39
  0.39800000E+02 -0.12454346E-22  0.52260514E-39
  0.39900000E+02 -0.12394144E-22  0.52322423E-39
  0.40000000E+02 -0.12334374E-22  0.51815006E-39
